16
5 6
488594.37522052158602 4922168.2518055662513
488591.08017614815617 4922172.4561686245725
488587.73873132752487 4922170.641184524633
488590.28755926422309 4922166.0582526419312
488595.8101259333198 4922165.3494891934097
7 6
488619.79489629797172 4922067.9410425815731
488625.28321784781292 4922067.3338838480413
488629.84760353009915 4922068.0081882383674
488630.36659771908307 4922071.3660884667188
488627.63568546506576 4922072.0903298510239
488623.65739540749928 4922072.8392128180712
488618.80228005995741 4922073.224362292327
7 6
488608.15526445530122 4922070.0919823460281
488614.83230557694333 4922068.1705046445131
488619.79489629797172 4922067.9410425815731
488618.80228005995741 4922073.224362292327
488614.01385352009675 4922076.8231773274019
488609.1653255301062 4922079.8403779519722
488602.4257304383209 4922073.3488083090633
5 6
488596.90077563229715 4922076.647922010161
488602.4257304383209 4922073.3488083090633
488609.1653255301062 4922079.8403779519722
488603.49323644378455 4922087.0577170839533
488592.44819467724301 4922082.9853296224028
7 6
488585.49009213037789 4922095.9644632767886
488587.9619650625973 4922088.2368908869103
488592.44819467724301 4922082.9853296224028
488603.49323644378455 4922087.0577170839533
488599.21746405324666 4922092.694553704001
488594.47302872157888 4922098.4469253625721
488583.61770479183178 4922105.9666839176789
4 6
488583.61770479183178 4922105.9666839176789
488594.47302872157888 4922098.4469253625721
488594.12544615234947 4922104.3992024231702
488582.70791545632528 4922115.0945601649582
7 6
488582.70791545632528 4922115.0945601649582
488594.12544615234947 4922104.3992024231702
488596.05095034465194 4922107.5724670505151
488596.18225312611321 4922112.8602399239317
488594.17225687135942 4922116.4904585052282
488592.00760393100791 4922118.8629438765347
488583.37549852859229 4922121.9735475322232
4 6
488583.37549852859229 4922121.9735475322232
488592.00760393100791 4922118.8629438765347
488589.95845961844316 4922122.9538269806653
488583.57806429284392 4922129.2560439985245
4 6
488583.57806429284392 4922129.2560439985245
488589.95845961844316 4922122.9538269806653
488591.53615240880754 4922130.1363432956859
488585.25312690727878 4922131.6425014035776
5 6
488587.42201594763901 4922136.414375863038
488585.25312690727878 4922131.6425014035776
488591.53615240880754 4922130.1363432956859
488594.2881107754074 4922133.1089438572526
488594.30148682557046 4922139.4607655610889
5 6
488587.62593386066146 4922142.4655649196357
488587.42201594763901 4922136.414375863038
488594.30148682557046 4922139.4607655610889
488594.38911577523686 4922147.6823296742514
488589.41733238450252 4922147.6883123880252
4 6
488590.38617889682064 4922152.3229926200584
488589.41733238450252 4922147.6883123880252
488594.38911577523686 4922147.6823296742514
488595.72140781010967 4922155.7663119565696
4 6
488591.6055696568219 4922158.8369215093553
488590.38617889682064 4922152.3229926200584
488595.72140781010967 4922155.7663119565696
488596.47260287654353 4922159.8712293794379
4 6
488591.71510659682099 4922163.1622451702133
488591.6055696568219 4922158.8369215093553
488596.47260287654353 4922159.8712293794379
488595.8101259333198 4922165.3494891934097
3 6
488590.28755926422309 4922166.0582526419312
488591.71510659682099 4922163.1622451702133
488595.8101259333198 4922165.3494891934097
3 6
488591.08017614815617 4922172.4561686245725
488591.08017614815617 4922172.4561686245725
488594.37522052158602 4922168.2518055662513
