8
14 3
488622.64397126581753 4922153.6449798932299
488621.99381766747683 4922151.7835199935362
488621.76888668339234 4922149.5492028156295
488621.78146878106054 4922147.4726007403806
488622.26782702928176 4922145.6490636290982
488623.36787646502489 4922143.9152760868892
488624.83717445784714 4922143.1477715149522
488626.9948717718944 4922142.7117344997823
488628.65353674103972 4922142.7540460182354
488630.7020196057274 4922143.5762204015628
488633.22251007979503 4922144.9307522810996
488634.59157546865754 4922146.6784457974136
488635.59982996014878 4922148.3790338328108
488637.24777782621095 4922151.3105459818617
5 3
488623.09735530149192 4922155.6008465401828
488622.64397126581753 4922153.6449798932299
488637.24777782621095 4922151.3105459818617
488638.23279280780116 4922152.7089663790539
488638.72912319604075 4922153.6194449206814
7 3
488622.59666184918024 4922158.2260499540716
488623.09735530149192 4922155.6008465401828
488638.72912319604075 4922153.6194449206814
488639.82619584916392 4922155.5736020151526
488640.53582420718158 4922158.2014481807128
488640.33249152149074 4922160.3526814617217
488639.86446069384692 4922161.6884108167142
6 3
488621.74470627243863 4922160.1350507633761
488622.59666184918024 4922158.2260499540716
488639.86446069384692 4922161.6884108167142
488639.35952716431348 4922163.323356105946
488638.86194834375056 4922164.8990478366613
488620.89651094452711 4922162.5338336629793
3 3
488620.89651094452711 4922162.5338336629793
488638.86194834375056 4922164.8990478366613
488638.6775669225608 4922165.9063905533403
12 3
488625.79395907407161 4922176.7023062193766
488623.88688852603082 4922176.1902439603582
488622.67652604077011 4922175.5090718977153
488620.66016837675124 4922173.8239773586392
488619.6673146954854 4922172.3132512047887
488618.84632176224841 4922169.8469975311309
488618.8289541399572 4922167.290529763326
488619.54737711633788 4922164.9351414535195
488620.89651094452711 4922162.5338336629793
488638.6775669225608 4922165.9063905533403
488638.901153250481 4922168.0491659194231
488627.92955908825388 4922176.8641864871606
10 3
488627.92955908825388 4922176.8641864871606
488638.901153250481 4922168.0491659194231
488639.10123118740739 4922169.8797906944528
488638.57779442454921 4922171.6754634315148
488637.74225938820746 4922173.0671423310414
488636.594215341378 4922174.5478790579364
488635.67763064976316 4922175.631278838031
488634.10670402628602 4922176.637697215192
488632.71614015608793 4922177.1346818553284
488630.58153398480499 4922177.2014874713495
3 3
488627.92955908825388 4922176.8641864871606
488627.92955908825388 4922176.8641864871606
488630.58153398480499 4922177.2014874713495
