5
11 5
488606.03090400475776 4922074.4971353095025
488604.75473888439592 4922078.5511046219617
488601.85265144729055 4922081.3911929437891
488597.6802165004774 4922083.7897017849609
488594.26392632903298 4922081.2336950050667
488591.99590442690533 4922075.0037265047431
488591.84729036403587 4922067.6637219404802
488592.74879697780125 4922062.0481130350381
488595.04978065990144 4922057.8893336728215
488598.44369380996795 4922056.4551794407889
488603.28658281598473 4922057.1369399465621
6 5
488615.33615944994381 4922064.3660606592894
488617.05401015136158 4922066.16586015746
488617.33980781002901 4922068.553828984499
488614.94339853990823 4922070.6600170135498
488609.16149272251641 4922071.2608347833157
488615.05889322957955 4922064.1897630663589
3 5
488611.89425778819714 4922062.1123966732994
488615.05889322957955 4922064.1897630663589
488609.16149272251641 4922071.2608347833157
5 5
488603.28658281598473 4922057.1369399465621
488609.21651507948991 4922059.969864259474
488611.89425778819714 4922062.1123966732994
488609.16149272251641 4922071.2608347833157
488606.03090400475776 4922074.4971353095025
3 5
488601.85265144729055 4922081.3911929437891
488601.85265144729055 4922081.3911929437891
488604.75473888439592 4922078.5511046219617
