3
10 1
488565.19048376154387 4922065.1085887895897
488562.62919972650707 4922063.6137582305819
488560.99741777573945 4922061.6565509391949
488560.99301909247879 4922059.3263208875433
488561.49720588227501 4922057.4979099808261
488562.94708030286711 4922056.2219948628917
488565.03694942872971 4922055.6071799425408
488567.45454235078068 4922056.05071055796
488569.86952765908791 4922057.80691514723
488571.67807068367256 4922059.7803334826604
8 1
488567.61218493833439 4922066.5902137802914
488565.19048376154387 4922065.1085887895897
488571.67807068367256 4922059.7803334826604
488573.05925625184318 4922061.5610025953501
488573.10300848860061 4922063.474505267106
488572.30330978264101 4922065.1374530391768
488571.18692358292174 4922065.8777159834281
488569.48188289842801 4922066.687794610858
3 1
488567.61218493833439 4922066.5902137802914
488567.61218493833439 4922066.5902137802914
488569.48188289842801 4922066.687794610858
