3
4 1
488532.11112377734389 4922021.3853503465652
488531.6534676499432 4922022.9150694087148
488529.77762822207296 4922023.2744624139741
488527.21487317793071 4922022.5608056522906
10 1
488524.91002014413243 4922018.8874317165464
488525.29709480900783 4922016.7838284447789
488526.49486977601191 4922015.9031375078484
488528.36480242368998 4922015.0842724014074
488530.38208113925066 4922015.7319920957088
488531.72376361925853 4922017.4604794643819
488532.74563750158995 4922019.4373538400978
488532.11112377734389 4922021.3853503465652
488527.21487317793071 4922022.5608056522906
488526.02433464786736 4922021.0033509712666
3 1
488527.21487317793071 4922022.5608056522906
488527.21487317793071 4922022.5608056522906
488526.02433464786736 4922021.0033509712666
