1
16 4
488644.64347929880023 4922168.0666435929015
488643.54557721246965 4922167.6960069332272
488642.39231964625651 4922166.2932220706716
488642.27121305232868 4922164.8285264233127
488642.32101908163168 4922163.9272029493004
488642.86980653129285 4922162.9059390872717
488643.8121182032628 4922162.1161619555205
488644.91716995061142 4922161.9518477311358
488646.01349880592898 4922162.3294446235523
488646.63091575657018 4922163.1885142158717
488646.99080443772255 4922164.1960488446057
488647.21068524476141 4922165.3673372520134
488647.0960094492184 4922166.2557200761512
488646.73046492948197 4922167.2330307746306
488645.79801620281069 4922167.9628336578608
488644.64347929880023 4922168.0666435929015
