14
3 2
488742.83231164346216 4922455.8216042257845
488740.87287941743853 4922457.0843397052959
488743.29920696630143 4922452.2887438312173
4 2
488752.98869459569687 4922452.7993161529303
488753.50450890511274 4922455.7059471877292
488751.0788914571167 4922454.2341286418959
488752.06541914772242 4922449.6207532566041
3 2
488745.31697172217537 4922454.5361470934004
488742.83231164346216 4922455.8216042257845
488743.29920696630143 4922452.2887438312173
6 2
488752.06541914772242 4922449.6207532566041
488751.0788914571167 4922454.2341286418959
488748.23471457330743 4922453.6546731870621
488743.29920696630143 4922452.2887438312173
488743.95970934740035 4922447.0308233909309
488751.34243437205441 4922443.8794899107888
3 2
488748.23471457330743 4922453.6546731870621
488745.31697172217537 4922454.5361470934004
488743.29920696630143 4922452.2887438312173
4 2
488751.34243437205441 4922443.8794899107888
488743.95970934740035 4922447.0308233909309
488741.94183942396194 4922440.0169216394424
488752.86833559488878 4922437.1268444200978
4 2
488752.86833559488878 4922437.1268444200978
488741.94183942396194 4922440.0169216394424
488740.01096252922434 4922436.9872502768412
488757.62472591479309 4922430.5377954682335
10 2
488761.05071323161246 4922371.7579335672781
488761.62359566643136 4922406.8656786018983
488761.30364602367627 4922423.5825364720076
488757.62472591479309 4922430.5377954682335
488740.01096252922434 4922436.9872502768412
488736.48615035682451 4922436.0592484315857
488732.29601495829411 4922429.3071606783196
488732.09490840265062 4922415.3834601333365
488733.68727660510922 4922384.4383375858888
488737.29009114706423 4922327.7663335390389
5 2
488764.01892706792569 4922275.816002195701
488762.3392904457869 4922331.8027331521735
488761.05071323161246 4922371.7579335672781
488737.29009114706423 4922327.7663335390389
488741.15784973598784 4922264.7972279498354
4 2
488766.04204546840629 4922230.0077032884583
488764.01892706792569 4922275.816002195701
488741.15784973598784 4922264.7972279498354
488745.07299095706549 4922223.3963837614283
5 2
488768.18307695235126 4922201.6808246765286
488766.04204546840629 4922230.0077032884583
488745.07299095706549 4922223.3963837614283
488749.41756019514287 4922172.4404473211616
488768.07820300536696 4922172.2194141885266
6 2
488770.56160016678041 4922133.2290335260332
488768.07820300536696 4922172.2194141885266
488749.41756019514287 4922172.4404473211616
488750.1609248581226 4922149.7038015089929
488752.68189812771743 4922132.79191174265
488754.57881745579652 4922126.2390919942409
7 2
488769.18076616531471 4922121.4422651194036
488772.06177776725963 4922126.5731871081516
488770.56160016678041 4922133.2290335260332
488754.57881745579652 4922126.2390919942409
488757.42570385336876 4922121.1167309498414
488762.58079085691134 4922118.9794954126701
488766.48954889393644 4922119.2030667327344
3 2
488762.58079085691134 4922118.9794954126701
488762.58079085691134 4922118.9794954126701
488766.48954889393644 4922119.2030667327344
