7
6 301
488747.9106037140009 4922455.3298667836934
488749.93428391352063 4922455.5155004533008
488751.20210350415437 4922456.3505914714187
488754.3367850042996 4922459.6908696647733
488755.64555381133687 4922462.1249319268391
488756.50352631695569 4922464.194949073717
16 301
488755.87665152543923 4922477.7580586494878
488753.24656139418948 4922478.9506897442043
488751.65494870545808 4922479.2629330568016
488748.7531747345347 4922479.1577826710418
488746.8111227901536 4922478.8514083884656
488745.3420311959344 4922477.7897325586528
488743.95388509595068 4922476.6134055042639
488743.10986179619795 4922475.0723908785731
488742.76406428066548 4922472.9283429365605
488743.07642801577458 4922471.4242663504556
488744.1024677894311 4922469.1457554809749
488757.88991986273322 4922467.9837699634954
488758.56316390377469 4922470.0298649501055
488758.71182206732919 4922472.3271613828838
488758.4576276630396 4922474.3928557932377
488757.62261733383639 4922476.1547288075089
8 301
488743.26777498121373 4922462.8327519977465
488742.69816239603097 4922460.7974697705358
488742.93581353884656 4922458.7336431769654
488743.82942424243083 4922456.8695965502411
488745.06138604629086 4922455.8467800095677
488746.54462034389144 4922455.3482998181134
488747.9106037140009 4922455.3298667836934
488743.99765669269254 4922465.0678085098043
5 301
488757.39783468446694 4922465.9608483035117
488744.1342993369326 4922467.4238695632666
488743.99765669269254 4922465.0678085098043
488747.9106037140009 4922455.3298667836934
488756.50352631695569 4922464.194949073717
3 301
488751.20210350415437 4922456.3505914714187
488752.9287196546793 4922457.4875330561772
488754.3367850042996 4922459.6908696647733
4 301
488757.39783468446694 4922465.9608483035117
488757.88991986273322 4922467.9837699634954
488744.1024677894311 4922469.1457554809749
488744.1342993369326 4922467.4238695632666
3 301
488747.9106037140009 4922455.3298667836934
488747.9106037140009 4922455.3298667836934
488756.50352631695569 4922464.194949073717
