10
7 5
488782.11200675787404 4922070.7151683857664
488787.45611034036847 4922066.0376056926325
488794.91380294179544 4922064.2432074630633
488793.83611992170336 4922133.2804266968742
488779.94455172895687 4922132.9842710085213
488778.86369762301911 4922101.2353226300329
488780.50028053740971 4922082.0919250724837
8 5
488787.38842898968142 4922468.9595231860876
488783.2911199030932 4922475.6013378454372
488779.31166614382528 4922480.4054262749851
488773.6140649196459 4922482.9059110227972
488768.36577292124275 4922478.4890650184825
488768.75100919674151 4922464.8068614946678
488773.43174559081672 4922456.7328063473105
488787.75574787287042 4922456.443531001918
4 5
488787.75574787287042 4922456.443531001918
488773.43174559081672 4922456.7328063473105
488775.27993141644401 4922449.8566582072526
488789.08288498077309 4922421.197347259149
5 5
488789.08288498077309 4922421.197347259149
488775.27993141644401 4922449.8566582072526
488774.79941204417264 4922442.9482333753258
488774.86389155662619 4922434.697328033857
488775.24118536175229 4922428.7602155962959
4 5
488789.08288498077309 4922421.197347259149
488775.24118536175229 4922428.7602155962959
488773.37813736393582 4922421.3966642627493
488792.34562977432506 4922384.3097163038328
4 5
488792.34562977432506 4922384.3097163038328
488773.37813736393582 4922421.3966642627493
488769.94043653435074 4922417.1323347892612
488772.72075986175332 4922402.1823461754248
4 5
488792.34562977432506 4922384.3097163038328
488772.72075986175332 4922402.1823461754248
488773.10420033754781 4922381.5833532130346
488788.45700613502413 4922302.7557136332616
6 5
488788.45700613502413 4922302.7557136332616
488773.10420033754781 4922381.5833532130346
488772.68259436631342 4922360.3872215263546
488772.64696865837323 4922313.1923081949353
488776.99888669041684 4922233.1340636108071
488794.66667919029715 4922208.273198960349
5 5
488793.83611992170336 4922133.2804266968742
488794.66667919029715 4922208.273198960349
488776.99888669041684 4922233.1340636108071
488777.54763177060522 4922177.6054274784401
488779.94455172895687 4922132.9842710085213
3 5
488782.11200675787404 4922070.7151683857664
488782.11200675787404 4922070.7151683857664
488780.50028053740971 4922082.0919250724837
