9
15 4
488737.90313532302389 4922462.0014511654153
488738.96938366867835 4922462.990569960326
488739.76074062782573 4922464.1914860988036
488739.88175514724571 4922465.8022100180387
488739.68229778541718 4922467.4960171878338
488739.13272405980388 4922468.4730652431026
488738.30991434917087 4922469.6627430226654
488737.40725431771716 4922470.4753789929673
488736.16506045387359 4922471.0033479277045
488735.28543530823663 4922471.0840247543529
488733.31207345455186 4922470.4223000751808
488732.25075841863872 4922468.8840486845002
488731.58097483782331 4922467.6400448428467
488731.43653645424638 4922466.1498190481216
488731.33324141474441 4922464.8470525424927
4 4
488737.90313532302389 4922462.0014511654153
488731.33324141474441 4922464.8470525424927
488730.86467073083622 4922463.99226436764
488737.50681869604159 4922460.5994443371892
8 4
488737.63731660175836 4922458.9516983944923
488737.50681869604159 4922460.5994443371892
488730.86467073083622 4922463.99226436764
488730.04394442250486 4922463.4646124998108
488728.78648772684392 4922462.3298597512767
488728.14856781292474 4922460.710929280147
488728.36896926723421 4922459.8722337400541
488728.79632625845261 4922458.3158804569393
5 4
488737.79422387783416 4922457.0589901031926
488737.63731660175836 4922458.9516983944923
488728.79632625845261 4922458.3158804569393
488728.86385693697957 4922456.5907463179901
488737.25183887156891 4922455.2637243932113
6 4
488737.32686395774363 4922453.9734822669998
488737.25183887156891 4922455.2637243932113
488728.86385693697957 4922456.5907463179901
488728.19653408112936 4922454.6494567468762
488728.09772627294296 4922453.2714648973197
488728.88183619832853 4922451.8764111399651
7 4
488738.03283993684454 4922452.6349134687334
488737.32686395774363 4922453.9734822669998
488728.88183619832853 4922451.8764111399651
488728.85296109237242 4922449.9454134078696
488729.25096220488194 4922448.0146195990965
488730.50790894648526 4922446.6246636630967
488731.965279439406 4922445.569759324193
10 4
488740.18786235910375 4922446.0200000358745
488740.44493871671148 4922447.3451774837449
488740.04832988983253 4922449.0307772243395
488739.73687659722054 4922450.1750003322959
488738.91196599503746 4922451.4401482166722
488738.03283993684454 4922452.6349134687334
488731.965279439406 4922445.569759324193
488733.18631852831459 4922444.8568721404299
488734.68701813038206 4922444.3634268892929
488735.84164038515883 4922444.565895145759
5 4
488737.17687861225568 4922444.3600334851071
488738.30320020229556 4922444.3131676204503
488739.45346632756991 4922445.0071822423488
488740.18786235910375 4922446.0200000358745
488735.84164038515883 4922444.565895145759
3 4
488734.68701813038206 4922444.3634268892929
488734.68701813038206 4922444.3634268892929
488735.84164038515883 4922444.565895145759
