7
4 7
488777.23461555805989 4922022.9672956243157
488779.31608253635932 4922020.1369446758181
488782.9216476957663 4922020.232296442613
488786.06879485148238 4922024.9995393753052
9 7
488763.88221773924306 4922079.3142364462838
488759.05151744838804 4922087.2254784321412
488754.40741272998275 4922090.9495497858152
488750.67278725496726 4922091.4204486431554
488747.80536534398561 4922090.4985580984503
488746.14661905984394 4922089.1070739962161
488746.20938974618912 4922085.156568871811
488746.44534920115257 4922080.7429185127839
488749.83852738718269 4922068.4079259112477
4 7
488768.86560091975844 4922071.6059380462393
488763.88221773924306 4922079.3142364462838
488749.83852738718269 4922068.4079259112477
488755.76832164207008 4922056.4136205846444
4 7
488773.28613542940002 4922065.3088334333152
488768.86560091975844 4922071.6059380462393
488755.76832164207008 4922056.4136205846444
488763.45430380385369 4922044.0149262063205
3 7
488779.82963229523739 4922057.1539993118495
488773.28613542940002 4922065.3088334333152
488763.45430380385369 4922044.0149262063205
9 7
488786.06879485148238 4922024.9995393753052
488787.31002371670911 4922033.9029927197844
488787.34827407309785 4922042.5294320434332
488786.15958444034914 4922049.4842380657792
488779.82963229523739 4922057.1539993118495
488763.45430380385369 4922044.0149262063205
488769.06542886339594 4922034.4341367613524
488773.51777273340849 4922027.8989769583568
488777.23461555805989 4922022.9672956243157
3 7
488782.9216476957663 4922020.232296442613
488782.9216476957663 4922020.232296442613
488786.06879485148238 4922024.9995393753052
