9
4 2
48.911376 172.243021
47.154927 173.517904
42.796057 169.473726
45.694981 160.830353
4 2
45.694981 160.830353
42.796057 169.473726
36.324657 164.823478
28.597129 155.048203
4 2
36.324657 164.823478
30.121542 163.364418
28.187874 159.614377
28.597129 155.048203
4 2
47.070422 156.734826
45.694981 160.830353
28.597129 155.048203
29.636656 150.219895
4 2
48.742237 152.304279
47.070422 156.734826
29.636656 150.219895
28.611822 142.842557
6 2
52.403963 135.477089
52.391554 140.888602
51.668984 146.584387
48.742237 152.304279
28.611822 142.842557
25.999612 137.716016
8 2
39.720685 116.386996
44.637308 118.333169
47.641688 120.223097
50.481553 122.701096
52.898230 126.470491
52.403963 135.477089
25.999612 137.716016
23.484510 132.388599
9 2
39.720685 116.386996
23.484510 132.388599
20.788368 127.644432
20.225116 123.741823
22.154389 120.235303
26.315584 117.391320
30.495631 116.184568
35.314671 115.547758
37.904973 115.645794
3 2
39.720685 116.386996
39.720685 116.386996
37.904973 115.645794
