9
4 2
488707.311554 4922561.223229
488707.702804 4922563.358027
488702.172694 4922565.542748
488695.629047 4922559.195122
4 2
488695.629047 4922559.195122
488702.172694 4922565.542748
488695.183566 4922569.371053
488683.029537 4922572.118827
4 2
488695.183566 4922569.371053
488691.188521 4922574.335638
488686.971129 4922574.460044
488683.029537 4922572.118827
4 2
488692.529233 4922556.185748
488695.629047 4922559.195122
488683.029537 4922572.118827
488679.123731 4922569.095940
4 2
488689.255258 4922552.764374
488692.529233 4922556.185748
488679.123731 4922569.095940
488672.027309 4922566.834041
6 2
488675.659874 4922542.194224
488680.535291 4922544.542611
488685.360388 4922547.654286
488689.255258 4922552.764374
488672.027309 4922566.834041
488666.275359 4922566.975940
8 2
488652.964225 4922545.388707
488656.842982 4922541.794822
488659.845126 4922539.901344
488663.306613 4922538.410230
488667.750070 4922537.858545
488675.659874 4922542.194224
488666.275359 4922566.975940
488660.384174 4922566.943499
9 2
488652.964225 4922545.388707
488660.384174 4922566.943499
488654.940848 4922567.326242
488651.177722 4922566.148743
488648.848345 4922562.894242
488648.080478 4922557.912860
488648.797412 4922553.621584
488650.304368 4922549.000139
488651.511523 4922546.706223
3 2
488652.964225 4922545.388707
488652.964225 4922545.388707
488651.511523 4922546.706223
