30 2
39.720685343258082867 116.38699648343026638
44.637307869270443916 118.33316923677921295
47.641687502153217793 120.22309746965765953
50.481552868150174618 122.70109587255865335
52.898229615762829781 126.47049108799546957
52.403963465243577957 135.47708926443010569
52.3915544543415308 140.88860160997137427
51.668984194286167622 146.58438724605366588
48.74223693460226059 152.30427893251180649
47.070421768352389336 156.73482595756649971
45.694981482811272144 160.83035267889499664
48.911375740543007851 172.24302131775766611
47.154927278868854046 173.51790390163660049
42.796056623570621014 169.47372595639899373
36.324656902812421322 164.82347751362249255
30.121541772037744522 163.36441775597631931
28.187874124385416508 159.6143771349452436
28.597129344940185547 155.04820261476561427
29.636655581183731556 150.21989466482773423
28.611821782775223255 142.84255688544362783
25.999612408690154552 137.71601613704115152
23.484509588219225407 132.3885990958660841
20.788368478417396545 127.64443233935162425
20.225116239860653877 123.74182265205308795
22.154389142990112305 120.23530336003750563
26.315584446303546429 117.39131974894553423
30.495631079189479351 116.18456756509840488
35.31467127799987793 115.54775782907381654
37.904973186552524567 115.64579418394714594
39.720685343258082867 116.38699648343026638
