30 2
488652.96422494045692 4922545.3887069271877
488656.84298191627022 4922541.7948218751699
488659.84512597991852 4922539.9013444595039
488663.30661252164282 4922538.4102300098166
488667.75006959523307 4922537.8585452856496
488675.6598735533189 4922542.1942241340876
488680.53529129258823 4922544.542611181736
488685.36038838600507 4922547.6542859440669
488689.25525840098271 4922552.7643738100305
488692.52923307195306 4922556.1857482045889
488695.6290469042724 4922559.1951217781752
488707.31155421718722 4922561.223229361698
488707.70280437730253 4922563.3580268025398
488702.17269372724695 4922565.5427475711331
488695.18356626463355 4922569.3710529729724
488691.18852124328259 4922574.3356383508071
488686.97112887492403 4922574.4600443122908
488683.02953742718091 4922572.1188274398446
488679.12373106979067 4922569.0959398876876
488672.02730859821895 4922566.8340413207188
488666.27535913343308 4922566.9759399211034
488660.38417401566403 4922566.9434986226261
488654.9408475899254 4922567.3262420399114
488651.17772241256898 4922566.1487428462133
488648.84834548563231 4922562.8942421758547
488648.08047788171098 4922557.9128599902615
488648.79741163935978 4922553.621584343724
488650.30436755344272 4922549.0001387959346
488651.51152259326773 4922546.706222535111
488652.96422494045692 4922545.3887069271877
