9
14 3
44.496242 190.493382
43.182011 193.453350
42.172996 195.177896
40.435766 196.347101
38.798077 196.909867
36.919516 197.249426
34.716223 197.059820
32.989710 196.280696
31.166479 194.908026
29.937668 193.114641
29.844915 191.250363
30.275965 189.175768
30.878895 187.682417
45.363301 188.106226
12 3
44.783628 178.597018
45.611595 180.452522
45.966353 181.474591
46.185255 182.339419
46.258403 183.731579
46.075666 185.081662
45.841565 186.422642
45.363301 188.106226
30.878895 187.682417
30.851931 185.866511
31.163576 184.073051
43.038540 176.014836
4 3
43.038540 176.014836
31.163576 184.073051
30.654480 182.255571
41.100016 173.458321
5 3
39.984793 171.857190
41.100016 173.458321
30.654480 182.255571
29.590597 180.426206
38.791462 170.424583
8 3
38.118013 169.781486
38.791462 170.424583
29.590597 180.426206
28.048127 178.555043
27.102528 177.146797
26.515997 175.969983
26.369288 175.004454
26.430862 173.949819
9 3
37.230881 168.702192
38.118013 169.781486
26.430862 173.949819
26.490818 172.920606
26.678863 171.912990
27.027920 170.825050
27.502622 169.627796
28.108719 168.714956
28.920264 167.813409
7 3
33.945932 166.592147
35.047538 166.981916
35.917310 167.478787
36.706980 168.017818
37.230881 168.702192
28.920264 167.813409
29.746071 166.958895
5 3
31.843497 166.036471
33.195914 166.226480
33.945932 166.592147
29.746071 166.958895
30.618548 166.231393
3 3
31.843497 166.036471
31.843497 166.036471
30.618548 166.231393
