51 3
31.843496828339993954 166.03647099900990725
33.195914093405008316 166.22648030472919345
33.945931630209088326 166.59214710909873247
35.047537938691675663 166.98191641271114349
35.917309802025556564 167.47878693137317896
36.706980359740555286 168.01781812449917197
37.230880865827202797 168.70219156192615628
38.118012826889753342 169.78148574288934469
38.791462176479399204 170.42458344809710979
39.984793162904679775 171.85718951607123017
41.100016325712203979 173.45832086494192481
43.038539670407772064 176.01483582239598036
44.783627800643444061 178.59701788751408458
45.611595229245722294 180.45252160681411624
45.966352928429841995 181.47459051432088017
46.185255314223468304 182.33941916096955538
46.258403247222304344 183.73157898243516684
46.075666312128305435 185.0816623754799366
45.84156537801027298 186.42264195624738932
45.363300515338778496 188.10622556274756789
44.496241770684719086 190.49338162411004305
43.182010666467249393 193.45334998797625303
42.172995784319937229 195.17789572617039084
40.435765806585550308 196.34710145741701126
38.798076992854475975 196.90986675955355167
36.919516204856336117 197.24942586477845907
34.716222795657813549 197.05982015747576952
32.9897103076800704 196.28069636644795537
31.166479477658867836 194.90802618395537138
29.937667897902429104 193.11464111600071192
29.844915393739938736 191.2503630705177784
30.275964889675378799 189.17576845502480865
30.878895126283168793 187.68241680879145861
30.851930601522326469 185.86651066923514009
31.163576199673116207 184.07305124867707491
30.65448044054210186 182.25557130668312311
29.590597262606024742 180.4262064783833921
28.048126790672540665 178.55504343425855041
27.102528011426329613 177.14679719414561987
26.515996957197785378 175.96998297376558185
26.369287976063787937 175.00445433286949992
26.430861917324364185 173.94981897948309779
26.490818136371672153 172.92060639476403594
26.678862683475017548 171.91298998147249222
27.027919687330722809 170.8250503190793097
27.502622373402118683 169.62779597612097859
28.108718769624829292 168.71495582954958081
28.9202638054266572 167.81340909656137228
29.746071033179759979 166.95889472309499979
30.618547995574772358 166.23139347648248076
31.843496828339993954 166.03647099900990725
