9
14 3
488721.865140 4922573.087554
488723.967202 4922575.551281
488725.086826 4922577.206156
488725.391064 4922579.277979
488725.191329 4922580.998105
488724.686248 4922582.839079
488723.563651 4922584.744395
488722.115271 4922585.965081
488720.089785 4922587.016651
488717.941571 4922587.350396
488716.220073 4922586.628883
488714.535112 4922585.344106
488713.448623 4922584.155340
488720.086582 4922571.274535
12 3
488711.259635 4922567.690395
488713.290753 4922567.745010
488714.365800 4922567.866470
488715.240353 4922568.042550
488716.527568 4922568.577840
488717.666319 4922569.325747
488718.774675 4922570.116048
488720.086582 4922571.274535
488713.448623 4922584.155340
488711.799166 4922583.395382
488710.316199 4922582.339718
488708.177010 4922568.149107
4 3
488708.177010 4922568.149107
488710.316199 4922582.339718
488708.457093 4922582.013927
488705.033990 4922568.793368
5 3
488703.108233 4922569.107697
488705.033990 4922568.793368
488708.457093 4922582.013927
488706.347660 4922582.183380
488701.300739 4922569.565259
8 3
488700.429855 4922569.894911
488701.300739 4922569.565259
488706.347660 4922582.183380
488703.993829 4922582.766430
488702.315300 4922583.011077
488701.000583 4922583.031826
488700.066386 4922582.747141
488699.141778 4922582.236116
9 3
488699.073267 4922570.228897
488700.429855 4922569.894911
488699.141778 4922582.236116
488698.239400 4922581.737530
488697.411821 4922581.132746
488696.581337 4922580.348049
488695.706524 4922579.402817
488695.144980 4922578.461914
488694.682353 4922577.340590
7 3
488695.751418 4922572.280361
488696.578737 4922571.455133
488697.402525 4922570.885259
488698.229744 4922570.405840
488699.073267 4922570.228897
488694.682353 4922577.340590
488694.268306 4922576.226715
5 3
488694.342213 4922573.936606
488695.097687 4922572.798891
488695.751418 4922572.280361
488694.268306 4922576.226715
488693.988971 4922575.125603
3 3
488694.342213 4922573.936606
488694.342213 4922573.936606
488693.988971 4922575.125603
