51 3
488694.34221286221873 4922573.9366058707237
488695.09768670261838 4922572.7988909352571
488695.7514180840808 4922572.2803605142981
488696.57873688527616 4922571.4551331698895
488697.4025252207648 4922570.8852593377233
488698.22974410967436 4922570.4058397645131
488699.07326650811592 4922570.2288971059024
488700.42985488724662 4922569.8949105544016
488701.30073879938573 4922569.5652593811974
488703.10823318397161 4922569.1076973201707
488705.03399046265986 4922568.7933675535023
488708.17700959625654 4922568.1491065733135
488711.2596351885586 4922567.6903950553387
488713.29075343231671 4922567.7450100360438
488714.36580012767809 4922567.8664698237553
488715.24035295651993 4922568.0425498951226
488716.52756849344587 4922568.5778402369469
488717.66631933813915 4922569.3257469618693
488718.77467547042761 4922570.1160482764244
488720.08658193895826 4922571.2745354175568
488721.86514043167699 4922573.0875535141677
488723.96720186335733 4922575.5512811457738
488725.08682580187451 4922577.2061561485752
488725.39106372056995 4922579.2779788551852
488725.191329131776 4922580.9981054579839
488724.68624839012045 4922582.8390792384744
488723.56365099700633 4922584.7443947680295
488722.11527104186825 4922585.9650809513405
488720.08978489786386 4922587.0166511908174
488717.94157116627321 4922587.350396104157
488716.22007342212601 4922586.6288829892874
488714.53511244099354 4922585.3441055854782
488713.44862301222747 4922584.1553395316005
488711.79916646535276 4922583.3953821025789
488710.31619855953613 4922582.3397183949128
488708.45709338970482 4922582.0139273609966
488706.34766006632708 4922582.1833798484877
488703.99382932792651 4922582.7664297157899
488702.31529951613629 4922583.0110768023878
488701.00058286631247 4922583.0318257091567
488700.06638605287299 4922582.7471409803256
488699.1417776523158 4922582.2361161429435
488698.2393999932101 4922581.7375302892178
488697.41182092617964 4922581.1327456366271
488696.58133650623495 4922580.3480487978086
488695.70652397361118 4922579.4028167445213
488695.14497969677905 4922578.4619139861315
488694.68235308706062 4922577.340589556843
488694.2683058710536 4922576.226714655757
488693.98897127946839 4922575.1256032632664
488694.34221286221873 4922573.9366058707237
