28 7
17.810065807774662971 6.785596014466136694
18.575310241430997849 18.691605868749320507
18.759730201214551926 30.843312406446784735
19.043062870390713215 47.487620614003390074
18.971694832667708397 60.756210591178387403
21.817251969128847122 69.129069582093507051
22.023361744359135628 77.978642429690808058
11.19012604933232069 108.37016604980453849
5.3117218893021345139 130.00144795747473836
3.2655910756438970566 140.17246945481747389
4.620549490675330162 151.33531592413783073
6.4533096440136432648 158.37087169429287314
2.200315520167350769 157.95676213735714555
0 146.49175265384837985
1.5796640720218420029 133.42756399419158697
5.8775959042832255363 118.57460684981197119
10.950656664557754993 101.13285959186032414
16.296558412723243237 86.743248087354004383
17.999128925614058971 79.753856193274259567
18.222512673586606979 71.09759913757443428
16.706006181426346302 63.282102071214467287
16.09316289983689785 56.726106620859354734
16.078528940677642822 45.815135627053678036
15.791819347999989986 34.447192796505987644
15.309887726791203022 24.291381372604519129
14.867526655085384846 16.330755249597132206
14.892718249000608921 7.6259214323945343494
17.810065807774662971 6.785596014466136694
