28 7
488544.6489592132275 4922517.8143448550254
488555.71778840367915 4922522.2662759022787
488566.75736341736047 4922527.3481816481799
488581.89164694387 4922534.2811994077638
488593.82809373160126 4922540.0761809833348
488602.6087593746488 4922541.1258828267455
488610.67942585470155 4922544.7620571069419
488633.41149407398188 4922567.658711405471
488650.3824409187655 4922582.3029920514673
488658.67222743015736 4922588.541242543608
488669.32547256705584 4922592.1403287677094
488676.46257122396491 4922593.5259252255782
488674.25223656918388 4922597.1829549577087
488662.96135918691289 4922594.2158151259646
488651.8606897215941 4922587.1487435018644
488640.32068682141835 4922576.8574419785291
488626.780562822707 4922564.7489517759532
488616.111073856242 4922553.7125760149211
488610.54249660187634 4922549.1583150690421
488602.83168173203012 4922545.2182616991922
488595.12772247672547 4922543.2105769310147
488588.95002488588216 4922540.9318260215223
488579.10282941866899 4922536.232651242055
488568.72597212676192 4922531.5815052185208
488559.35805113776587 4922527.6299460185692
488551.98711242660647 4922524.590782629326
488544.1468871399411 4922520.8085037060082
488544.6489592132275 4922517.8143448550254
