28
-93.14398788576102 44.45587277575441
-93.14384885508758 44.45591303072546
-93.14371020584213 44.45595895657556
-93.14352012885738 44.4560216120572
-93.14337022158382 44.45607397130938
-93.1432598761909 44.45608356000591
-93.14315851198378 44.45611642280113
-93.14287328386902 44.45632291364684
-93.14266028778525 44.45645501921699
-93.14255622534593 44.45651131078309
-93.14242239723062 44.45654387954001
-93.14233271711166 44.45655646555792
-93.14236058011485 44.45658935429223
-93.1425024369842 44.45656246487007
-93.14264181303086 44.45649866755799
-93.14278664026999 44.45640583620579
-93.14295656774314 44.45629661349307
-93.1430904356619 44.45619708772365
-93.14316032981587 44.4561559990985
-93.14325716424635 44.45612040622449
-93.14335395494912 44.45610221002692
-93.14343155528246 44.45608159749636
-93.14355522588481 44.45603913645773
-93.14368555493863 44.45599709930159
-93.14380321747242 44.45596137617602
-93.14389579904783 44.45593389863495
-93.14399426277198 44.45589972349197
-93.14398788576102 44.45587277575441
