13
4 7
488669.325473 4922592.140329
488676.462571 4922593.525925
488674.252237 4922597.182955
488662.961359 4922594.215815
4 7
488658.672227 4922588.541243
488669.325473 4922592.140329
488662.961359 4922594.215815
488651.860690 4922587.148744
4 7
488650.382441 4922582.302992
488658.672227 4922588.541243
488651.860690 4922587.148744
488640.320687 4922576.857442
4 7
488633.411494 4922567.658711
488650.382441 4922582.302992
488640.320687 4922576.857442
488626.780563 4922564.748952
4 7
488610.679426 4922544.762057
488633.411494 4922567.658711
488626.780563 4922564.748952
488616.111074 4922553.712576
3 7
488610.679426 4922544.762057
488616.111074 4922553.712576
488610.542497 4922549.158315
4 7
488610.679426 4922544.762057
488610.542497 4922549.158315
488602.831682 4922545.218262
488602.608759 4922541.125883
5 7
488593.828094 4922540.076181
488602.608759 4922541.125883
488602.831682 4922545.218262
488595.127722 4922543.210577
488588.950025 4922540.931826
5 7
488581.891647 4922534.281199
488593.828094 4922540.076181
488588.950025 4922540.931826
488579.102829 4922536.232651
488566.757363 4922527.348182
3 7
488566.757363 4922527.348182
488579.102829 4922536.232651
488568.725972 4922531.581505
4 7
488566.757363 4922527.348182
488568.725972 4922531.581505
488559.358051 4922527.629946
488555.717788 4922522.266276
5 7
488544.648959 4922517.814345
488555.717788 4922522.266276
488559.358051 4922527.629946
488551.987112 4922524.590783
488544.146887 4922520.808504
3 7
488544.648959 4922517.814345
488544.648959 4922517.814345
488544.146887 4922520.808504
