13
4 7
4.620549 151.335316
6.453310 158.370872
2.200316 157.956762
0.000000 146.491753
4 7
3.265591 140.172469
4.620549 151.335316
0.000000 146.491753
1.579664 133.427564
4 7
5.311722 130.001448
3.265591 140.172469
1.579664 133.427564
5.877596 118.574607
4 7
11.190126 108.370166
5.311722 130.001448
5.877596 118.574607
10.950657 101.132860
4 7
22.023362 77.978642
11.190126 108.370166
10.950657 101.132860
16.296558 86.743248
3 7
22.023362 77.978642
16.296558 86.743248
17.999129 79.753856
4 7
22.023362 77.978642
17.999129 79.753856
18.222513 71.097599
21.817252 69.129070
5 7
18.971695 60.756211
21.817252 69.129070
18.222513 71.097599
16.706006 63.282102
16.093163 56.726107
5 7
19.043063 47.487621
18.971695 60.756211
16.093163 56.726107
16.078529 45.815136
18.759730 30.843312
3 7
18.759730 30.843312
16.078529 45.815136
15.791819 34.447193
4 7
18.759730 30.843312
15.791819 34.447193
15.309888 24.291381
18.575310 18.691606
5 7
17.810066 6.785596
18.575310 18.691606
15.309888 24.291381
14.867527 16.330755
14.892718 7.625921
3 7
17.810066 6.785596
17.810066 6.785596
14.892718 7.625921
