22 5
57.918043947778642178 118.78430192964151502
65.743107018992304802 120.15274252137169242
70.712078242562711239 123.19949499284848571
71.337861625477671623 129.53753001894801855
74.104275363497436047 134.84885619208216667
73.51136721670627594 143.65096794068813324
78.115754945203661919 153.7711760806851089
76.963315338827669621 164.88984641153365374
75.020034221932291985 174.67198506789281964
73.635460165329277515 182.36617460893467069
69.152041255496442318 180.52866571955382824
65.622496215626597404 179.66207932960242033
68.289499628357589245 173.94820290384814143
68.33956192247569561 166.55126741528511047
65.49099303875118494 160.62865441292524338
61.58226937148720026 156.64940908597782254
57.712413264438509941 151.61619703005999327
58.75470221322029829 143.39675248693674803
61.537947778590023518 137.85071055963635445
58.200045410543680191 129.19878985919058323
56.04035947285592556 124.75930453091859818
57.918043947778642178 118.78430192964151502
