22 5
488662.9857284638565 4922530.0114379664883
488667.59955000103218 4922523.5448397453874
488672.49355614563683 4922520.3790729343891
488678.48025856906315 4922522.5520172333345
488684.46547039505094 4922522.3508454514667
488692.14824017509818 4922526.6871756762266
488703.26451018784428 4922526.905212726444
488712.79498376906849 4922532.746703999117
488720.77844728610944 4922538.7242359695956
488727.12003949342761 4922543.2960852989927
488723.52638681879034 4922546.546184450388
488721.22040478989948 4922549.3552958834916
488717.21877850219607 4922544.4820753810927
488710.56892061827239 4922541.2422372708097
488703.99689180694986 4922541.2534962277859
488698.71976088965312 4922543.0602622237056
488692.50881789095001 4922544.3767716046423
488685.54565458977595 4922539.8867836659774
488681.74560658424161 4922534.9812080534175
488672.50060774106532 4922534.2550397394225
488667.56377235485706 4922534.2855307590216
488662.9857284638565 4922530.0114379664883
