11
5 5
68.093088 105.741410
68.236754 110.932803
64.278844 110.270713
62.810860 109.202194
60.063393 104.225867
4 5
68.174794 87.924276
68.093088 105.741410
60.063393 104.225867
57.173117 100.352359
6 5
68.174794 87.924276
57.173117 100.352359
53.521440 96.797641
49.589049 85.731328
51.971168 82.201710
68.322405 67.380782
3 5
53.521440 96.797641
48.302164 94.749981
49.589049 85.731328
3 5
68.322405 67.380782
51.971168 82.201710
54.122872 75.538746
5 5
68.322405 67.380782
54.122872 75.538746
52.988124 66.345024
55.238643 57.734416
67.492917 44.750427
3 5
67.492917 44.750427
55.238643 57.734416
55.218351 49.305297
6 5
66.817195 23.324597
67.492917 44.750427
55.218351 49.305297
53.585578 39.228551
53.591778 28.485651
53.766798 18.965618
6 5
63.723532 2.318722
66.549604 9.754318
66.817195 23.324597
53.766798 18.965618
53.435783 9.722254
58.325436 0.223555
4 5
58.325436 0.223555
53.435783 9.722254
52.296391 3.718777
51.820051 0.977270
3 5
51.820051 0.977270
51.820051 0.977270
52.296391 3.718777
