22
-93.14250072492946 44.45598444866197
-93.1424425901025 44.45592630376548
-93.14238100583432 44.45589787982353
-93.14230580376513 44.45591753609862
-93.14223056849997 44.4559158187023
-93.14213409494721 44.45595497785455
-93.14199437412384 44.45595711457795
-93.14187470848778 44.45600985298544
-93.14177449072612 44.45606379187465
-93.14169487968063 44.45610505005163
-93.14174012087248 44.45613425387064
-93.14176916711331 44.45615950765521
-93.14181935940866 44.45611557277743
-93.14190287416491 44.45608630147791
-93.14198548148993 44.4560863001813
-93.14205185179102 44.45610248358793
-93.1421299489748 44.456114238688
-93.14221737434693 44.45607370745905
-93.14226503179053 44.45602948425476
-93.14238122075139 44.45602280193868
-93.14244327487499 44.45602299907203
-93.14250072492946 44.45598444866197
