28
-93.14386837091456 44.45557418662078
-93.14384146331544 44.45551846721049
-93.14378831936725 44.45548284897319
-93.14368869778531 44.455488938498
-93.14353352793709 44.45553972533353
-93.14328715324147 44.45561785674372
-93.14302629624861 44.45569944069027
-93.14279440048153 44.45578080748917
-93.14259302710767 44.45585099984347
-93.14253344022602 44.45587009306171
-93.14256250420873 44.4558996200119
-93.14258260578195 44.45590736004947
-93.14265394319517 44.45591023079792
-93.14271356682158 44.45591856375089
-93.14277372789984 44.45593431797902
-93.1428253592219 44.45596867130482
-93.14292050402872 44.45592303628333
-93.14294750588925 44.45588993606984
-93.14301125516253 44.45584647756132
-93.14312157690273 44.45581980593048
-93.14320684889462 44.4557679450725
-93.14330243749299 44.4557352154949
-93.14342547452787 44.45570913807722
-93.14354712706589 44.45566716391332
-93.14365400806659 44.45562859220785
-93.14376051221672 44.45559520555403
-93.14383472223309 44.45558102083266
-93.14386837091456 44.45557418662078
