8
4 5
75.020034 174.671985
73.635460 182.366175
69.152041 180.528666
68.289500 173.948203
3 5
69.152041 180.528666
65.622496 179.662079
68.289500 173.948203
4 5
76.963315 164.889846
75.020034 174.671985
68.289500 173.948203
68.339562 166.551267
5 5
78.115755 153.771176
76.963315 164.889846
68.339562 166.551267
65.490993 160.628654
73.511367 143.650968
8 5
74.104275 134.848856
73.511367 143.650968
65.490993 160.628654
61.582269 156.649409
57.712413 151.616197
58.754702 143.396752
61.537948 137.850711
71.337862 129.537530
6 5
65.743107 120.152743
70.712078 123.199495
71.337862 129.537530
61.537948 137.850711
58.200045 129.198790
57.918044 118.784302
3 5
57.918044 118.784302
58.200045 129.198790
56.040359 124.759305
3 5
57.918044 118.784302
57.918044 118.784302
56.040359 124.759305
