28 5
488554.09896510199178 4922484.6313205836341
488556.22880187613191 4922478.4384281942621
488560.44988643715624 4922474.4746394576505
488568.37679564487189 4922475.1371183265001
488580.73173724603839 4922480.756681359373
488600.34806426992873 4922489.4009000221267
488621.11719189304858 4922498.4266597237438
488639.58212621230632 4922507.4323869785294
488655.61655264231376 4922515.2011782471091
488660.36084738565842 4922517.3137288503349
488658.05429775029188 4922520.5975141804665
488656.45656105870148 4922521.4600391220301
488650.78167669952381 4922521.7888064626604
488646.03977313637733 4922522.722676653415
488641.25655113829998 4922524.4809557199478
488637.1555457765935 4922528.3039800310507
488629.5771963041625 4922523.2482117498294
488627.42256663908483 4922519.5753023875877
488622.34238113486208 4922514.7569385161623
488613.5602453451138 4922511.8096907157451
488606.76610797393369 4922506.0610295860097
488599.15491282491712 4922502.4388527628034
488589.36126253660768 4922499.5594129329547
488579.67465303943027 4922494.914036446251
488571.16388848749921 4922490.6445445334539
488562.68410634837346 4922486.9509494910017
488556.77732663886854 4922485.3857350535691
488554.09896510199178 4922484.6313205836341
