11
5 5
488655.616553 4922515.201178
488660.360847 4922517.313729
488658.054298 4922520.597514
488656.456561 4922521.460039
488650.781677 4922521.788806
4 5
488639.582126 4922507.432387
488655.616553 4922515.201178
488650.781677 4922521.788806
488646.039773 4922522.722677
6 5
488639.582126 4922507.432387
488646.039773 4922522.722677
488641.256551 4922524.480956
488629.577196 4922523.248212
488627.422567 4922519.575302
488621.117192 4922498.426660
3 5
488641.256551 4922524.480956
488637.155546 4922528.303980
488629.577196 4922523.248212
3 5
488621.117192 4922498.426660
488627.422567 4922519.575302
488622.342381 4922514.756939
5 5
488621.117192 4922498.426660
488622.342381 4922514.756939
488613.560245 4922511.809691
488606.766108 4922506.061030
488600.348064 4922489.400900
3 5
488600.348064 4922489.400900
488606.766108 4922506.061030
488599.154913 4922502.438853
6 5
488580.731737 4922480.756681
488600.348064 4922489.400900
488599.154913 4922502.438853
488589.361263 4922499.559413
488579.674653 4922494.914036
488571.163888 4922490.644545
6 5
488560.449886 4922474.474639
488568.376796 4922475.137118
488580.731737 4922480.756681
488571.163888 4922490.644545
488562.684106 4922486.950949
488556.228802 4922478.438428
4 5
488556.228802 4922478.438428
488562.684106 4922486.950949
488556.777327 4922485.385735
488554.098965 4922484.631321
3 5
488554.098965 4922484.631321
488554.098965 4922484.631321
488556.777327 4922485.385735
