8
4 5
488720.778447 4922538.724236
488727.120039 4922543.296085
488723.526387 4922546.546184
488717.218779 4922544.482075
3 5
488723.526387 4922546.546184
488721.220405 4922549.355296
488717.218779 4922544.482075
4 5
488712.794984 4922532.746704
488720.778447 4922538.724236
488717.218779 4922544.482075
488710.568921 4922541.242237
5 5
488703.264510 4922526.905213
488712.794984 4922532.746704
488710.568921 4922541.242237
488703.996892 4922541.253496
488692.148240 4922526.687176
8 5
488684.465470 4922522.350845
488692.148240 4922526.687176
488703.996892 4922541.253496
488698.719761 4922543.060262
488692.508818 4922544.376772
488685.545655 4922539.886784
488681.745607 4922534.981208
488678.480259 4922522.552017
6 5
488667.599550 4922523.544840
488672.493556 4922520.379073
488678.480259 4922522.552017
488681.745607 4922534.981208
488672.500608 4922534.255040
488662.985728 4922530.011438
3 5
488662.985728 4922530.011438
488672.500608 4922534.255040
488667.563772 4922534.285531
3 5
488662.985728 4922530.011438
488662.985728 4922530.011438
488667.563772 4922534.285531
