28 5
51.820050523616373539 0.97727002855390310287
58.325435546226799488 0.22355486918240785599
63.723532307893037796 2.3187224925495684147
66.549603896215558052 9.7543184482492506504
66.817195228300988674 23.324597204569727182
67.492917225696146488 44.750427456572651863
68.322404574602842331 67.380782097112387419
68.174794403836131096 87.924275812227278948
68.093087774701416492 105.74141005892306566
68.236754375509917736 110.93280318286269903
64.278844037093222141 110.270713253878057
62.810859900899231434 109.20219353726133704
60.063392870128154755 104.22586704418063164
57.173116586171090603 100.35235882364213467
53.521440355107188225 96.797641019802540541
48.302163899876177311 94.74998061265796423
49.589049475267529488 85.731327766552567482
51.971167691051959991 82.201709517743438482
54.122872223146259785 75.538746005855500698
52.98812386766076088 66.345023973844945431
55.238642502576112747 57.734415790997445583
55.218350589275360107 49.305296930018812418
53.585578372702002525 39.228550699539482594
53.591778378933668137 28.485651285853236914
53.76679813489317894 18.96561753936111927
53.435783321969211102 9.7222535060718655586
52.296391386538743973 3.7187771135941147804
51.820050523616373539 0.97727002855390310287
