77 4
20.675931383855640888 140.23694004444405437
21.514396228827536106 140.6945902407169342
22.040547179989516735 141.17591879423707724
22.528274865821003914 141.82478366000577807
23.019318959675729275 142.7701128488406539
23.246755252592265606 143.55225799838081002
23.327401310205459595 144.53016735473647714
23.197764409705996513 145.66430089715868235
22.796195244416594505 147.03427798952907324
21.926238839514553547 148.32915776874870062
21.130848962813615799 149.10850734356790781
19.950211105868220329 149.85051380796357989
18.831869663670659065 150.28696265397593379
17.875161072239279747 150.51430533966049552
16.844208652153611183 150.70476209977641702
16.033433912321925163 151.4444432258605957
15.822935756295919418 152.01072877319529653
16.186574820429086685 152.79582588654011488
17.138064244762063026 153.38265166012570262
18.18430855218321085 154.09441565163433552
19.052363741211593151 155.22894455166533589
19.696304307319223881 156.36856315843760967
20.046055415645241737 157.10437808325514197
20.792687736451625824 157.75607590889558196
21.888004397973418236 157.97891450393944979
23.174449644982814789 158.44100643740966916
24.535034696571528912 159.36609738133847713
25.303415814414620399 160.70689503708854318
25.637813559733331203 162.29259327985346317
25.520393671467900276 163.43277858709916472
24.918770038522779942 164.19666276639327407
23.982697192579507828 165.07146639749407768
23.617158141918480396 166.07220474630594254
23.433316426351666451 167.70762818865478039
22.775641800835728645 169.27181384339928627
21.409446169622242451 169.81013986142352223
19.853838219307363033 169.67471637018024921
18.293039422482252121 168.55805581016466022
17.271279742009937763 167.34968403214588761
16.083962460048496723 166.15444054082036018
14.686036894097924232 165.14350822754204273
13.095451111905276775 164.69710602797567844
11.562534556724131107 164.65693848161026835
9.9637481747195124626 164.36316303443163633
9.1094160350039601326 163.07945496821776032
8.9606943624094128609 161.65478616580367088
8.2024549972265958786 160.60990788973867893
8.1882691830396652222 159.65297087887302041
8.6705151898786425591 158.56247105030342937
8.4237380335107445717 157.6785924481227994
7.576227894052863121 156.80351459607481956
6.7985901692882180214 155.90154994931071997
6.3741914471611380577 154.58946024673059583
6.2997465971857309341 153.30399264907464385
6.4866426242515444756 151.82895009266212583
6.8485406171530485153 150.16505983704701066
7.5984024116769433022 148.83018935052677989
8.3695790059864521027 147.81295493943616748
8.9557437896728515625 146.94345793453976512
9.1790336389094591141 146.1987001015804708
8.9734941525384783745 145.47127673169597983
8.7483595684170722961 144.6258189263753593
8.6482885871082544327 143.50980801647529006
8.8580905310809612274 142.3131602555513382
9.7562734046950936317 141.41859690146520734
10.985635548830032349 140.80902287317439914
11.967628398910164833 140.95579464547336102
13.069252888672053814 141.35934617044404149
14.111574763432145119 141.87365765823051333
14.81322900764644146 142.14383324980735779
15.50019161868840456 142.04062211373820901
16.25721431989222765 141.40538358641788363
17.134291136637330055 140.81180776003748178
18.102683382108807564 140.22242889413610101
19.009262134321033955 140.00895343301817775
19.798302920535206795 140.04283621395006776
20.675931383855640888 140.23694004444405437
