77 4
488666.24978157703299 4922572.8662695204839
488667.02467484521912 4922572.307693275623
488667.68603798217373 4922572.0410271929577
488668.4819115283899 4922571.8813737882301
488669.54660592752043 4922571.8467701403424
488670.35027019766858 4922571.9794428339228
488671.26710136199836 4922572.3290584981441
488672.23401522496715 4922572.9358057267964
488673.29619655082934 4922573.8896746160462
488674.08835251413984 4922575.2335595516488
488674.44774378126021 4922576.2875371286646
488674.60706841159845 4922577.6728511741385
488674.51770844688872 4922578.8700103005394
488674.30955857323715 4922579.8310772366822
488674.03607496892801 4922580.8431757437065
488674.35304366186028 4922581.8938967790455
488674.77287792268908 4922582.3283251253888
488675.6380296840216 4922582.339428097941
488676.57824414718198 4922581.7347022294998
488677.67206746985903 4922581.0984745426103
488679.07023428322282 4922580.8055493012071
488680.37619806203293 4922580.7169568026438
488681.19090288353618 4922580.7193010263145
488682.10115068074083 4922580.3273586509749
488682.77519408392254 4922579.4357078671455
488683.74757312639849 4922578.4750053519383
488685.16956292552641 4922577.6474004033953
488686.71072009427007 4922577.5334597378969
488688.28532473213272 4922577.9167103143409
488689.2629732756177 4922578.5150524331257
488689.69210223003756 4922579.387588034384
488690.0768258664757 4922580.6096770204604
488690.82154277834343 4922581.3715777760372
488692.21717173804063 4922582.2437173398212
488693.34390438947594 4922583.5124514363706
488693.23938344710041 4922584.977156450972
488692.44538524386007 4922586.3217093385756
488690.76414311741246 4922587.2471544230357
488689.23299166635843 4922587.6468173228204
488687.6421777504147 4922588.2014707429335
488686.1266383814509 4922589.0256797270849
488685.0370540880831 4922590.2674704184756
488684.33876983920345 4922591.6326977647841
488683.38330161408521 4922592.9478032272309
488681.85651330358814 4922593.1639218516648
488680.50733733113157 4922592.6827529333532
488679.23745733802207 4922592.9153520511463
488678.36824537545908 4922592.5148520590737
488677.59297529392643 4922591.6089230403304
488676.68920191569487 4922591.449756369926
488675.5339136980474 4922591.8362066494301
488674.38455303071532 4922592.1480250433087
488673.01785191259114 4922591.9641182292253
488671.82630460720975 4922591.4760772492737
488670.5766462792526 4922590.6704503297806
488669.23224367958028 4922589.6254227757454
488668.35215106769465 4922588.3725824346766
488667.76774802088039 4922587.2377025885507
488667.23668767075287 4922586.3334962511435
488666.66140947630629 4922585.8104498041794
488665.91655721660936 4922585.6816617986187
488665.05678378598532 4922585.5195688344538
488664.00700591638451 4922585.1278278781101
488663.01833166292636 4922584.4217783473432
488662.59942182275699 4922583.2253291774541
488662.58058497437742 4922581.8532661506906
488663.13707804732258 4922581.0309721827507
488663.97683522844454 4922580.211680887267
488664.89087717258371 4922579.4937125574797
488665.43759488791693 4922578.9775601895526
488665.64120064547751 4922578.3133954023942
488665.39521618426079 4922577.3562627043575
488665.23865889408626 4922576.3088440587744
488665.12532545439899 4922575.1808784035966
488665.32433178758947 4922574.2710139714181
488665.69567280926276 4922573.5739922709763
488666.24978157703299 4922572.8662695204839
