15
11 4
488676.578244 4922581.734702
488677.672067 4922581.098475
488679.070234 4922580.805549
488680.376198 4922580.716957
488681.190903 4922580.719301
488685.037054 4922590.267470
488684.338770 4922591.632698
488683.383302 4922592.947803
488681.856513 4922593.163922
488680.507337 4922592.682753
488675.638030 4922582.339428
7 4
488690.821543 4922581.371578
488692.217172 4922582.243717
488693.343904 4922583.512451
488693.239383 4922584.977156
488692.445385 4922586.321709
488690.764143 4922587.247154
488689.232992 4922587.646817
4 4
488690.076826 4922580.609677
488690.821543 4922581.371578
488689.232992 4922587.646817
488687.642178 4922588.201471
11 4
488682.775194 4922579.435708
488683.747573 4922578.475005
488685.169563 4922577.647400
488686.710720 4922577.533460
488688.285325 4922577.916710
488689.262973 4922578.515052
488689.692102 4922579.387588
488690.076826 4922580.609677
488687.642178 4922588.201471
488686.126638 4922589.025680
488682.101151 4922580.327359
4 4
488681.190903 4922580.719301
488682.101151 4922580.327359
488686.126638 4922589.025680
488685.037054 4922590.267470
5 4
488675.638030 4922582.339428
488680.507337 4922592.682753
488679.237457 4922592.915352
488678.368245 4922592.514852
488677.592975 4922591.608923
4 4
488675.638030 4922582.339428
488677.592975 4922591.608923
488676.689202 4922591.449756
488674.772878 4922582.328325
11 4
488674.772878 4922582.328325
488676.689202 4922591.449756
488675.533914 4922591.836207
488674.384553 4922592.148025
488673.017852 4922591.964118
488671.826305 4922591.476077
488670.576646 4922590.670450
488669.232244 4922589.625423
488668.352151 4922588.372582
488667.767748 4922587.237703
488674.353044 4922581.893897
4 4
488674.353044 4922581.893897
488667.767748 4922587.237703
488667.236688 4922586.333496
488674.036075 4922580.843176
3 4
488674.036075 4922580.843176
488667.236688 4922586.333496
488666.661409 4922585.810450
12 4
488674.309559 4922579.831077
488674.036075 4922580.843176
488666.661409 4922585.810450
488665.916557 4922585.681662
488665.056784 4922585.519569
488664.007006 4922585.127828
488663.018332 4922584.421778
488662.599422 4922583.225329
488662.580585 4922581.853266
488663.137078 4922581.030972
488663.976835 4922580.211681
488664.890877 4922579.493713
3 4
488674.309559 4922579.831077
488664.890877 4922579.493713
488665.437595 4922578.977560
9 4
488673.296197 4922573.889675
488674.088353 4922575.233560
488674.447744 4922576.287537
488674.607068 4922577.672851
488674.517708 4922578.870010
488674.309559 4922579.831077
488665.437595 4922578.977560
488665.641201 4922578.313395
488672.234015 4922572.935806
14 4
488667.686038 4922572.041027
488668.481912 4922571.881374
488669.546606 4922571.846770
488670.350270 4922571.979443
488671.267101 4922572.329058
488672.234015 4922572.935806
488665.641201 4922578.313395
488665.395216 4922577.356263
488665.238659 4922576.308844
488665.125325 4922575.180878
488665.324332 4922574.271014
488665.695673 4922573.573992
488666.249782 4922572.866270
488667.024675 4922572.307693
3 4
488666.249782 4922572.866270
488666.249782 4922572.866270
488667.024675 4922572.307693
