15
11 4
17.138064 153.382652
18.184309 154.094416
19.052364 155.228945
19.696304 156.368563
20.046055 157.104378
13.095451 164.697106
11.562535 164.656938
9.963748 164.363163
9.109416 163.079455
8.960694 161.654786
16.186575 152.795826
7 4
23.617158 166.072205
23.433316 167.707628
22.775642 169.271814
21.409446 169.810140
19.853838 169.674716
18.293039 168.558056
17.271280 167.349684
4 4
23.982697 165.071466
23.617158 166.072205
17.271280 167.349684
16.083962 166.154441
11 4
21.888004 157.978915
23.174450 158.441006
24.535035 159.366097
25.303416 160.706895
25.637814 162.292593
25.520394 163.432779
24.918770 164.196663
23.982697 165.071466
16.083962 166.154441
14.686037 165.143508
20.792688 157.756076
4 4
20.046055 157.104378
20.792688 157.756076
14.686037 165.143508
13.095451 164.697106
5 4
16.186575 152.795826
8.960694 161.654786
8.202455 160.609908
8.188269 159.652971
8.670515 158.562471
4 4
16.186575 152.795826
8.670515 158.562471
8.423738 157.678592
15.822936 152.010729
11 4
15.822936 152.010729
8.423738 157.678592
7.576228 156.803515
6.798590 155.901550
6.374191 154.589460
6.299747 153.303993
6.486643 151.828950
6.848541 150.165060
7.598402 148.830189
8.369579 147.812955
16.033434 151.444443
4 4
16.033434 151.444443
8.369579 147.812955
8.955744 146.943458
16.844209 150.704762
3 4
16.844209 150.704762
8.955744 146.943458
9.179034 146.198700
12 4
17.875161 150.514305
16.844209 150.704762
9.179034 146.198700
8.973494 145.471277
8.748360 144.625819
8.648289 143.509808
8.858091 142.313160
9.756273 141.418597
10.985636 140.809023
11.967628 140.955795
13.069253 141.359346
14.111575 141.873658
3 4
17.875161 150.514305
14.111575 141.873658
14.813229 142.143833
9 4
22.796195 147.034278
21.926239 148.329158
21.130849 149.108507
19.950211 149.850514
18.831870 150.286963
17.875161 150.514305
14.813229 142.143833
15.500192 142.040622
23.197764 145.664301
14 4
22.040547 141.175919
22.528275 141.824784
23.019319 142.770113
23.246755 143.552258
23.327401 144.530167
23.197764 145.664301
15.500192 142.040622
16.257214 141.405384
17.134291 140.811808
18.102683 140.222429
19.009262 140.008953
19.798303 140.042836
20.675931 140.236940
21.514396 140.694590
3 4
20.675931 140.236940
20.675931 140.236940
21.514396 140.694590
