46 4
55.030716944485902786 151.92690712120383978
56.346787391230463982 152.84782884689047933
57.155536131002008915 154.66975696571171284
57.76311228983104229 156.24522096989676356
58.579002950340509415 157.67059736559167504
59.341359365731477737 158.73912002751603723
60.321217117831110954 159.13194837747141719
60.767063939943909645 159.79576240899041295
61.079972434788942337 160.38685861229896545
61.700430610217154026 160.30409595370292664
62.284852835349738598 159.96168451616540551
62.893499908037483692 159.6719186082482338
63.977469401434063911 160.66408932348713279
64.924696610309183598 162.63289011688902974
65.677859301678836346 164.60343262460082769
66.387406260706484318 167.41222620429471135
67.560537008568644524 169.76762183755636215
67.848196323961019516 171.89979114709421992
67.786982417106628418 173.62350803427398205
66.907016301527619362 174.83703975519165397
65.548198207281529903 175.97129924595355988
64.454730500467121601 177.09710358548909426
63.076966101303696632 178.18992599518969655
61.98856126144528389 178.43510410329326987
60.698226830922067165 177.81628453498706222
59.285567785613238811 176.64525595400482416
57.976446505635976791 174.44540953543037176
57.91070756409317255 171.89670536387711763
58.527585010975599289 169.67553332773968577
58.779155663214623928 167.87498939596116543
58.339465463533997536 166.75153393764048815
56.551126454025506973 165.75556434458121657
54.916757829487323761 164.87040259502828121
53.870579044334590435 163.6318321879953146
52.711450397968292236 162.15266491519287229
50.847876675426959991 161.6415236871689558
49.235622919164597988 160.98226654529571533
48.354735120199620724 159.27478015562519431
48.749083002097904682 157.61417453829199076
49.726592466235160828 156.43228014092892408
50.795853680931031704 155.39506366243585944
51.36775168776512146 154.20965217193588614
52.058693223632872105 153.35784447845071554
53.112749308347702026 152.74002606049180031
54.103864730335772038 152.30150355584919453
55.030716944485902786 151.92690712120383978
