11
5 4
61.700431 160.304096
62.284853 159.961685
62.893500 159.671919
63.977469 160.664089
64.924697 162.632890
7 4
61.079972 160.386859
61.700431 160.304096
64.924697 162.632890
65.677859 164.603433
66.387406 167.412226
58.779156 167.874989
58.339465 166.751534
7 4
52.711450 162.152665
50.847877 161.641524
49.235623 160.982267
48.354735 159.274780
48.749083 157.614175
49.726592 156.432280
50.795854 155.395064
10 4
54.916758 164.870403
53.870579 163.631832
52.711450 162.152665
50.795854 155.395064
51.367752 154.209652
52.058693 153.357844
53.112749 152.740026
54.103865 152.301504
55.030717 151.926907
56.551126 165.755564
5 4
58.579003 157.670597
58.339465 166.751534
56.551126 165.755564
55.030717 151.926907
57.763112 156.245221
9 4
65.548198 175.971299
64.454731 177.097104
63.076966 178.189926
61.988561 178.435104
60.698227 177.816285
59.285568 176.645256
57.976447 174.445410
57.910708 171.896705
58.527585 169.675533
8 4
66.387406 167.412226
67.560537 169.767622
67.848196 171.899791
67.786982 173.623508
66.907016 174.837040
65.548198 175.971299
58.527585 169.675533
58.779156 167.874989
5 4
60.321217 159.131948
60.767064 159.795762
61.079972 160.386859
58.339465 166.751534
59.341359 158.739120
3 4
58.579003 157.670597
59.341359 158.739120
58.339465 166.751534
4 4
57.155536 154.669757
57.763112 156.245221
55.030717 151.926907
56.346787 152.847829
3 4
55.030717 151.926907
55.030717 151.926907
56.346787 152.847829
