11
5 4
488702.067047 4922544.532124
488702.010625 4922543.857134
488702.012149 4922543.183032
488703.375171 4922542.633885
488705.559982 4922542.629869
7 4
488701.873721 4922545.127475
488702.067047 4922544.532124
488705.559982 4922542.629869
488707.662549 4922542.801636
488710.502318 4922543.374777
488707.633744 4922550.436711
488706.430573 4922550.348066
7 4
488699.852038 4922553.437892
488698.586162 4922554.897937
488697.295241 4922556.067340
488695.374767 4922556.124383
488694.047342 4922555.051507
488693.403541 4922553.659415
488692.929857 4922552.247055
10 4
488703.255690 4922552.622643
488701.686755 4922553.031287
488699.852038 4922553.437892
488692.929857 4922552.247055
488692.107704 4922551.219275
488691.637850 4922550.228207
488691.535864 4922549.010697
488691.568405 4922547.927390
488691.630849 4922546.929654
488704.759912 4922551.530861
5 4
488698.343706 4922546.210027
488706.430573 4922550.348066
488704.759912 4922551.530861
488691.630849 4922546.929654
488696.705746 4922546.330289
9 4
488717.859510 4922547.828285
488718.402640 4922549.300737
488718.793236 4922551.015360
488718.544294 4922552.102910
488717.428879 4922552.999430
488715.762581 4922553.767783
488713.213085 4922553.998414
488710.885953 4922552.956937
488709.149048 4922551.441251
8 4
488710.502318 4922543.374777
488713.133375 4922543.333981
488715.180669 4922543.995403
488716.708894 4922544.795075
488717.423357 4922546.112854
488717.859510 4922547.828285
488709.149048 4922551.441251
488707.633744 4922550.436711
5 4
488700.414185 4922545.269828
488701.205453 4922545.154405
488701.873721 4922545.127475
488706.430573 4922550.348066
488699.636689 4922545.983926
3 4
488698.343706 4922546.210027
488699.636689 4922545.983926
488706.430573 4922550.348066
4 4
488695.022388 4922546.197844
488696.705746 4922546.330289
488691.630849 4922546.929654
488693.029853 4922546.140397
3 4
488691.630849 4922546.929654
488691.630849 4922546.929654
488693.029853 4922546.140397
