4
9 1
39.917445 0.135758
41.551071 0.000000
43.288333 0.818340
44.800587 1.770982
45.634429 3.525174
46.176975 5.116739
46.784124 8.137846
47.297160 11.808711
47.210076 16.329910
8 1
29.692895 34.864113
29.943872 10.478470
30.202767 6.782121
31.221217 5.224524
32.235295 4.292557
33.687941 3.243437
35.187892 2.210421
36.691512 1.376476
18 1
47.400262 29.419861
46.697715 35.331564
45.468363 38.038666
43.953950 39.772194
42.342739 41.048276
41.319561 41.672163
40.390181 41.941778
38.730648 42.326374
36.603042 42.316316
34.653400 41.724273
32.540669 40.596997
31.015486 38.767171
30.012094 37.217939
29.692895 34.864113
36.691512 1.376476
38.173111 0.554744
39.917445 0.135758
47.210076 16.329910
3 1
39.917445 0.135758
39.917445 0.135758
47.210076 16.329910
