4
9 1
488548.199331 4922495.003132
488548.782439 4922493.471091
488550.270832 4922492.257647
488551.783176 4922491.305147
488553.725455 4922491.310708
488555.395249 4922491.508758
488558.382284 4922492.265952
488561.914705 4922493.388652
488565.954876 4922495.419871
8 1
488575.105782 4922519.223845
488553.220161 4922508.465492
488549.998147 4922506.635559
488549.033173 4922505.044279
488548.630583 4922503.727147
488548.311744 4922501.963861
488548.027859 4922500.164866
488547.925107 4922498.448538
18 1
488577.843166 4922500.901797
488582.871653 4922504.088665
488584.782306 4922506.366628
488585.691754 4922508.481213
488586.146812 4922510.485535
488586.267608 4922511.677817
488586.109388 4922512.632493
488585.739523 4922514.295372
488584.811554 4922516.209968
488583.435538 4922517.712699
488581.506347 4922519.131361
488579.197264 4922519.716672
488577.366616 4922519.952553
488575.105782 4922519.223845
488547.925107 4922498.448538
488547.823859 4922496.757347
488548.199331 4922495.003132
488565.954876 4922495.419871
3 1
488548.199331 4922495.003132
488548.199331 4922495.003132
488565.954876 4922495.419871
