32
-93.14394275506258 44.4556674681222
-93.14393539185238 44.45565368476479
-93.14391665682373 44.45564278399387
-93.14389762650667 44.45563423281526
-93.1438732133516 44.45563431363589
-93.14385222942627 44.4556361230647
-93.1438147009284 44.45564298717515
-93.14377032533064 44.45565315047763
-93.14371958765516 44.45567150096204
-93.1435702798443 44.45572104135169
-93.14350714497478 44.45574981139518
-93.14348317938715 44.45577034951388
-93.14347179476346 44.45578940098176
-93.14346611911819 44.45580745259164
-93.1434646270646 44.45581818833065
-93.14346663685139 44.45582678054627
-93.14347132249615 44.45584174520816
-93.14348302876047 44.45585896721153
-93.14350035764238 44.45587247420561
-93.14352463779954 44.45588521560978
-93.14355367460479 44.45589044855192
-93.14357669005635 44.45589254321096
-93.14360509141994 44.45588594710617
-93.14387994381548 44.45578874603467
-93.14392040222891 44.45577222057067
-93.1439324962097 44.45575787937111
-93.14393752740791 44.45574601517313
-93.14394149604071 44.45573013568185
-93.14394502451412 44.45571393526471
-93.14394627809391 44.4556984819474
-93.14394751331928 44.45568325495532
-93.14394275506258 44.4556674681222
