32 1
39.917445450089871883 0.13575753243640065193
41.551071476191282272 0
43.288332984782755375 0.81833967659622430801
44.80058743990957737 1.7709823409095406532
45.634428699500858784 3.5251740165986120701
46.176975383423268795 5.1167388837784528732
46.784123823046684265 8.1378464698791503906
47.297160224989056587 11.808710635639727116
47.210075920447707176 16.329910422675311565
47.400262258946895599 29.419860587920993567
46.697715364396572113 35.331564008258283138
45.468362852931022644 38.038665766827762127
43.953949827700853348 39.772194347810000181
42.342739293351769447 41.048275558743625879
41.319561176002025604 41.672162811737507582
40.390181411989033222 41.941777525469660759
38.730647627264261246 42.326373605988919735
36.603041774593293667 42.316316217184066772
34.653400263749063015 41.72427281504496932
32.540669390000402927 40.596997375134378672
31.015485908836126328 38.767170705832540989
30.012094332836568356 37.217938853427767754
29.69289519265294075 34.864112988580018282
29.943871717900037766 10.478470178786665201
30.202767257578670979 6.7821207107044756413
31.221216790378093719 5.2245235391892492771
32.235294601880013943 4.2925572833046317101
33.687941303476691246 3.2434368166141211987
35.187891766428947449 2.2104209307581186295
36.691512449644505978 1.3764755995944142342
38.173111291602253914 0.55474359821528196335
39.917445450089871883 0.13575753243640065193
