1
14 21
488544.67285565880593 4922518.7826488139108
488588.65034866606584 4922538.8582835942507
488597.11291794746649 4922542.044879312627
488604.4106943414663 4922542.9511398496106
488610.08367223117966 4922545.3155449004844
488645.8996570892632 4922580.5371312834322
488657.58418587967753 4922588.7550345426425
488662.55902956676437 4922592.4183388305828
488671.29613391432213 4922594.4460691437125
488684.21678601560416 4922596.4843832021579
488694.73599707294488 4922598.197749895975
488706.96008341183187 4922598.4512208998203
488715.26699848723365 4922597.1081807781011
488723.99989373068092 4922596.2946992684156
