6
8 5
488715.69596611207817 4922592.321123810485
488722.016077920096 4922591.4784910241142
488728.33460087928688 4922593.6476835729554
488731.01242275559343 4922597.8064836105332
488731.67705119133461 4922601.348537449725
488730.34402847971069 4922609.9896642230451
488721.28557304042624 4922612.4333020122722
488714.87436030223034 4922613.4774948731065
7 5
488685.92479181074305 4922595.954563178122
488699.11673225247068 4922593.2782232556492
488707.9362282739603 4922592.7334301518276
488715.69596611207817 4922592.321123810485
488714.87436030223034 4922613.4774948731065
488693.46684200136224 4922613.5600840784609
488679.26921297964873 4922612.201530626975
4 5
488677.44411475217203 4922597.1563342856243
488685.92479181074305 4922595.954563178122
488679.26921297964873 4922612.201530626975
488662.64600135618821 4922609.761739985086
3 5
488671.13100589357782 4922597.1846015956253
488677.44411475217203 4922597.1563342856243
488662.64600135618821 4922609.761739985086
5 5
488660.76374691398814 4922595.2943008476868
488671.13100589357782 4922597.1846015956253
488662.64600135618821 4922609.761739985086
488657.63899706094526 4922602.9574239142239
488657.94685912918067 4922598.6292259246111
3 5
488660.76374691398814 4922595.2943008476868
488660.76374691398814 4922595.2943008476868
488657.94685912918067 4922598.6292259246111
