7
8 5
488639.54934337356826 4922580.8293716358021
488644.27744121983415 4922582.2326347548515
488647.31457214173861 4922584.6479897508398
488649.87897725420771 4922587.064257401973
488649.96699063642882 4922590.0707604717463
488647.70909164717887 4922592.3028903454542
488639.740078969975 4922591.0820044623688
488627.31804600573378 4922584.7531494544819
8 5
488617.15462487400509 4922569.2299761865288
488624.7012797765783 4922571.1538391290233
488631.29483045119559 4922574.5419872645289
488635.58800979348598 4922577.7748793018982
488639.54934337356826 4922580.8293716358021
488627.31804600573378 4922584.7531494544819
488618.5829700838658 4922579.5367656368762
488607.18127443350386 4922571.343102180399
4 5
488610.77526449854486 4922564.4291583485901
488617.15462487400509 4922569.2299761865288
488607.18127443350386 4922571.343102180399
488599.82861516118282 4922564.0079952953383
4 5
488609.60408239561366 4922559.9699860718101
488610.77526449854486 4922564.4291583485901
488599.82861516118282 4922564.0079952953383
488598.54563559626695 4922558.2627639938146
5 5
488609.31602492160164 4922554.5851186327636
488609.60408239561366 4922559.9699860718101
488598.54563559626695 4922558.2627639938146
488597.20830827701138 4922550.7017585132271
488597.42487544059986 4922547.4499171739444
7 5
488605.59730932250386 4922543.907815114595
488610.10025245207362 4922545.5157804526389
488611.21950718463631 4922548.3635837426409
488611.11261991388164 4922552.2696441821754
488609.31602492160164 4922554.5851186327636
488597.42487544059986 4922547.4499171739444
488599.37861125258496 4922543.0019634673372
3 5
488599.37861125258496 4922543.0019634673372
488599.37861125258496 4922543.0019634673372
488597.42487544059986 4922547.4499171739444
