10
8 5
488657.48397537623532 4922507.0575411729515
488662.15307705471059 4922510.4847153853625
488665.07553351554088 4922512.97407157626
488663.45515202352544 4922517.0940922861919
488660.6849963698769 4922519.1752396235242
488657.42550136678619 4922521.3866649884731
488653.42349085398018 4922522.5705437241122
488649.43206023174571 4922523.5899320412427
5 5
488650.40623672824586 4922502.9740978516638
488654.92301195324399 4922503.939944036305
488657.48397537623532 4922507.0575411729515
488649.43206023174571 4922523.5899320412427
488643.37464878591709 4922523.81855096668
6 5
488649.40309295750922 4922500.952156313695
488650.40623672824586 4922502.9740978516638
488643.37464878591709 4922523.81855096668
488640.39135853183689 4922524.4249485703185
488642.50871811085381 4922496.9260346069932
488647.20280954585178 4922497.3903162805364
7 5
488639.70523577573476 4922495.1103172656149
488642.50871811085381 4922496.9260346069932
488640.39135853183689 4922524.4249485703185
488634.73302806768334 4922525.8257762808353
488630.19830703933258 4922525.0322365276515
488622.00515526998788 4922522.6729319356382
488613.7717620950425 4922517.8686727564782
7 5
488622.92382356402231 4922489.6681349975988
488625.62447372905444 4922488.3901200089604
488629.43950542801758 4922487.1580053381622
488634.74109968851553 4922488.6896390160546
488639.70523577573476 4922495.1103172656149
488613.7717620950425 4922517.8686727564782
488606.80344909889391 4922513.6261513661593
5 5
488622.92382356402231 4922489.6681349975988
488606.80344909889391 4922513.6261513661593
488601.7032332290546 4922511.3048170683905
488594.93621893611271 4922507.0648369900882
488621.62191827484639 4922487.2982913199812
6 5
488617.04515813995386 4922478.5421165991575
488620.81271087453933 4922482.5173319531605
488621.62191827484639 4922487.2982913199812
488594.93621893611271 4922507.0648369900882
488585.40593966306187 4922501.6427661906928
488610.08177030569641 4922475.7949319016188
8 5
488580.90028380864533 4922462.5166410915554
488592.3800526568084 4922463.7694836575538
488601.82373670453671 4922465.4641920709983
488606.83641312882537 4922470.1528693763539
488610.08177030569641 4922475.7949319016188
488585.40593966306187 4922501.6427661906928
488576.44682203943375 4922496.7630632845685
488567.98430217232089 4922491.9244009666145
9 5
488560.27827368892031 4922471.1713739000261
488563.59002592950128 4922465.0834423732013
488568.86580306553515 4922460.4204272693023
488574.5146014575148 4922459.1883417712525
488580.90028380864533 4922462.5166410915554
488567.98430217232089 4922491.9244009666145
488564.37969396589324 4922489.8769602961838
488559.64593512762804 4922485.6319969668984
488557.88499172840966 4922477.4880863698199
3 5
488559.64593512762804 4922485.6319969668984
488559.64593512762804 4922485.6319969668984
488557.88499172840966 4922477.4880863698199
