11
5 302
488702.06704658345552 4922544.5321238562465
488702.01062517036917 4922543.8571338169277
488702.01214861153858 4922543.1830320293084
488703.37517095607473 4922542.6338848024607
488705.55998212011764 4922542.6298686601222
7 302
488701.87372064701049 4922545.1274750875309
488702.06704658345552 4922544.5321238562465
488705.55998212011764 4922542.6298686601222
488707.66254904511152 4922542.8016363522038
488710.50231805234216 4922543.3747770385817
488707.63374441227643 4922550.4367110654712
488706.43057290965226 4922550.3480658503249
7 302
488699.85203786636703 4922553.4378921473399
488698.58616222045384 4922554.8979370854795
488697.29524052899797 4922556.0673400703818
488695.37476683891146 4922556.1243829522282
488694.04734161967644 4922555.0515066515654
488693.40354140149429 4922553.6594145577401
488692.92985673458315 4922552.2470546867698
10 302
488703.2556899858173 4922552.6226429743692
488701.68675519968383 4922553.0312874885276
488699.85203786636703 4922553.4378921473399
488692.92985673458315 4922552.2470546867698
488692.10770355706336 4922551.2192746112123
488691.63784999534255 4922550.2282074168324
488691.53586384298978 4922549.0106965741143
488691.56840547802858 4922547.9273901497945
488691.63084878190421 4922546.9296535365283
488704.75991190108471 4922551.5308606913313
5 302
488698.34370574762579 4922546.2100268537179
488706.43057290965226 4922550.3480658503249
488704.75991190108471 4922551.5308606913313
488691.63084878190421 4922546.9296535365283
488696.70574587094598 4922546.3302885768935
9 302
488717.85950995888561 4922547.8282845038921
488718.40263959515141 4922549.3007372990251
488718.7932362203137 4922551.0153596578166
488718.54429384984542 4922552.1029097018763
488717.42887855676236 4922552.999430378899
488715.76258110720664 4922553.7677833735943
488713.21308460191358 4922553.9984137276188
488710.88595294347033 4922552.9569374630228
488709.14904797083 4922551.4412514427677
8 302
488710.50231805234216 4922543.3747770385817
488713.13337487156969 4922543.3339805556461
488715.18066930084024 4922543.9954027850181
488716.70889441599138 4922544.7950746221468
488717.42335742420983 4922546.1128538949415
488717.85950995888561 4922547.8282845038921
488709.14904797083 4922551.4412514427677
488707.63374441227643 4922550.4367110654712
5 302
488700.4141847891151 4922545.2698281928897
488701.20545330015011 4922545.1544046187773
488701.87372064701049 4922545.1274750875309
488706.43057290965226 4922550.3480658503249
488699.63668932416476 4922545.9839263148606
3 302
488698.34370574762579 4922546.2100268537179
488699.63668932416476 4922545.9839263148606
488706.43057290965226 4922550.3480658503249
4 302
488695.02238786412636 4922546.197844479233
488696.70574587094598 4922546.3302885768935
488691.63084878190421 4922546.9296535365283
488693.02985270664794 4922546.1403967579827
3 302
488691.63084878190421 4922546.9296535365283
488691.63084878190421 4922546.9296535365283
488693.02985270664794 4922546.1403967579827
