4
9 1
488548.199330659525 4922495.0031316243112
488548.78243944817223 4922493.4710910767317
488550.27083161112387 4922492.2576471557841
488551.7831759636174 4922491.3051472138613
488553.72545523161534 4922491.3107084641233
488555.39524922188139 4922491.5087581090629
488558.38228427479044 4922492.2659515216947
488561.91470454796217 4922493.3886523228139
488565.95487557689194 4922495.4198709828779
8 1
488575.10578206111677 4922519.2238453552127
488553.22016146796523 4922508.4654915910214
488549.9981474779197 4922506.6355593139306
488549.03317335085012 4922505.0442789066583
488548.63058313529473 4922503.7271471638232
488548.31174352846574 4922501.9638611692935
488548.02785921178292 4922500.1648661978543
488547.92510670557385 4922498.4485381701961
18 1
488577.84316623181803 4922500.9017968745902
488582.87165288074175 4922504.0886654770002
488584.78230613528285 4922506.3666276521981
488585.69175393227488 4922508.4812133926898
488586.14681242749793 4922510.4855348272249
488586.26760819548508 4922511.6778171537444
488586.10938764468301 4922512.6324925413355
488585.7395231257542 4922514.2953716013581
488584.81155374803348 4922516.2099683340639
488583.43553833826445 4922517.7126988498494
488581.50634671153966 4922519.1313606593758
488579.19726440694649 4922519.7166718579829
488577.36661586514674 4922519.9525529807433
488575.10578206111677 4922519.2238453552127
488547.92510670557385 4922498.4485381701961
488547.82385862222873 4922496.7573470408097
488548.199330659525 4922495.0031316243112
488565.95487557689194 4922495.4198709828779
3 1
488548.199330659525 4922495.0031316243112
488548.199330659525 4922495.0031316243112
488565.95487557689194 4922495.4198709828779
