1
25 21
488728.94182416104013 4921929.6816358529031
488724.19803564099129 4921925.1002767859027
488718.04631201713346 4921924.3554123342037
488706.08669120108243 4921923.2095966972411
488700.69816789717879 4921921.9347786735743
488697.30091665138025 4921917.5060093728825
488694.09783528011758 4921911.251896196045
488692.26474059681641 4921906.0940916743129
488689.82084802369354 4921903.3291786815971
488685.58055786561454 4921902.2096243482083
488680.19187291467097 4921902.5061300490052
488670.91320169647224 4921904.772820902057
488658.9374237030861 4921907.2928950414062
488645.57922115642577 4921906.2423708625138
488609.33514307893347 4921904.2644155779853
488601.24687697261106 4921904.512953132391
488575.78626574081136 4921899.8831044482067
488531.76337837305618 4921894.2813978455961
488521.3097352264449 4921891.7898763613775
488515.21433922305005 4921888.9044771362096
488508.54332965234062 4921888.0936939576641
488477.54599017370492 4921888.7063999893144
488455.47285634628497 4921889.7355058286339
488427.98994039819809 4921893.1080449167639
488414.11942801688565 4921892.9541424885392
