12
7 3
488421.22637724707602 4921920.1417192332447
488419.0933232816169 4921920.8835608614609
488417.22841810417594 4921921.2272154921666
488414.36229281517444 4921920.7047799779102
488412.00432758033276 4921919.4380251979455
488411.16273882670794 4921917.7834190633148
488423.23683194001205 4921918.7523108581081
7 3
488423.23683194001205 4921918.7523108581081
488411.16273882670794 4921917.7834190633148
488410.27010888181394 4921916.3056343728676
488410.20682723470964 4921913.8794857030734
488410.69295492925448 4921912.2400719244033
488411.64786854683189 4921910.716954880394
488412.51877467770828 4921909.3608934748918
4 3
488423.23683194001205 4921918.7523108581081
488412.51877467770828 4921909.3608934748918
488413.32147969532525 4921907.7345034489408
488425.85289143992122 4921917.6325518786907
11 3
488425.85289143992122 4921917.6325518786907
488413.32147969532525 4921907.7345034489408
488413.7729647270171 4921906.1741128722206
488414.34544220310636 4921904.7528941873461
488415.24663690681336 4921902.9525715373456
488416.25089806964388 4921901.5974005302414
488417.534977862495 4921900.6066212598234
488419.38013332634 4921899.6817978313193
488420.45722195296548 4921899.2470900556073
488421.96444107213756 4921899.0566278165206
488427.43803646368906 4921917.3374071633443
3 3
488428.33622421370819 4921917.3096596198156
488427.43803646368906 4921917.3374071633443
488421.96444107213756 4921899.0566278165206
3 3
488430.25423632882303 4921917.5321372756734
488428.33622421370819 4921917.3096596198156
488421.96444107213756 4921899.0566278165206
10 3
488439.22069482447114 4921907.6480958452448
488438.97871156432666 4921910.033279790543
488438.08376440254506 4921912.646930183284
488436.64628778031329 4921914.4978422224522
488434.88013016380137 4921916.5441769454628
488433.20808773080353 4921917.1945354808122
488431.50474293605657 4921917.7086694929749
488430.25423632882303 4921917.5321372756734
488421.96444107213756 4921899.0566278165206
488430.30982024664991 4921903.0371758500114
6 3
488434.19202064798446 4921903.6556924572214
488436.39425191911869 4921904.0022041276097
488437.45007765037008 4921904.6028787111863
488438.56446389254415 4921905.7523451615125
488439.22069482447114 4921907.6480958452448
488432.21452812588541 4921903.5024144602939
5 3
488421.96444107213756 4921899.0566278165206
488423.77748312242329 4921899.0621659327298
488425.30638735322282 4921899.4544357471168
488426.79858701070771 4921900.5166364749894
488427.90247441380052 4921901.4262151056901
3 3
488430.30982024664991 4921903.0371758500114
488432.21452812588541 4921903.5024144602939
488439.22069482447114 4921907.6480958452448
4 3
488429.24010250874562 4921902.2159443162382
488430.30982024664991 4921903.0371758500114
488421.96444107213756 4921899.0566278165206
488427.90247441380052 4921901.4262151056901
3 3
488421.96444107213756 4921899.0566278165206
488421.96444107213756 4921899.0566278165206
488427.90247441380052 4921901.4262151056901
