9
7 5
488602.92128199397121 4921903.349374178797
488597.09563535946654 4921902.8534273048863
488592.5654878000496 4921901.2142295921221
488592.86373961286154 4921898.6442997036502
488593.92861465190072 4921894.7582542942837
488596.9607362440438 4921892.2198913153261
488603.07061356975464 4921890.6940870145336
11 5
488657.00746160873678 4921889.0446834126487
488663.55229106533807 4921892.0478846309707
488669.1176754477201 4921895.8086040215567
488671.11459161964012 4921898.5164994169027
488672.98630551114911 4921901.072293587029
488671.33411801356124 4921904.0745618948713
488669.21663949778304 4921905.2906883191317
488664.81277916627005 4921907.0399139421061
488659.50982733891578 4921906.8490792131051
488653.15133511921158 4921906.0523911863565
488650.39583162765484 4921888.0871347552165
6 5
488613.0985616731341 4921904.254921451211
488607.39511560532264 4921903.7634963709861
488602.92128199397121 4921903.349374178797
488603.07061356975464 4921890.6940870145336
488611.43852544645779 4921888.0802996903658
488621.45751932886196 4921903.8242716491222
5 5
488621.45751932886196 4921903.8242716491222
488611.43852544645779 4921888.0802996903658
488614.39440726145403 4921884.9766560560092
488619.1394499935559 4921883.6307971524075
488619.53654146048939 4921883.7939058486372
5 5
488628.78348738665227 4921903.8700950760394
488621.45751932886196 4921903.8242716491222
488619.53654146048939 4921883.7939058486372
488629.16004876658553 4921886.3313481900841
488632.03508195799077 4921903.7995380051434
5 5
488650.39583162765484 4921888.0871347552165
488640.76995259372052 4921904.611719429493
488632.03508195799077 4921903.7995380051434
488629.16004876658553 4921886.3313481900841
488637.74629836902022 4921886.1947600245476
4 5
488650.39583162765484 4921888.0871347552165
488653.15133511921158 4921906.0523911863565
488646.37234788952628 4921905.7719044676051
488640.76995259372052 4921904.611719429493
3 5
488637.74629836902022 4921886.1947600245476
488644.10787737433566 4921884.9566136514768
488650.39583162765484 4921888.0871347552165
3 5
488629.16004876658553 4921886.3313481900841
488629.16004876658553 4921886.3313481900841
488637.74629836902022 4921886.1947600245476
