20
5 5
488663.04467057128204 4921973.6674666954204
488660.18006752111251 4921978.9355223309249
488654.62441828462761 4921980.294981922023
488651.3444349594065 4921976.4974377695471
488662.86192021792522 4921969.6591582009569
5 5
488662.65711651038146 4921959.1171441385522
488662.86192021792522 4921969.6591582009569
488651.3444349594065 4921976.4974377695471
488646.72672394866822 4921972.7726381039247
488642.29593258310342 4921967.2644527535886
10 5
488641.01508577255299 4921934.3530289037153
488647.04003073874628 4921934.0514403888956
488654.34260965161957 4921933.829911833629
488659.86371142882854 4921936.6067419843748
488661.99272670183564 4921939.9851756589487
488662.59552219253965 4921951.7858161814511
488662.65711651038146 4921959.1171441385522
488642.29593258310342 4921967.2644527535886
488634.17358539404813 4921958.3817937439308
488634.51951557869324 4921937.2024340247735
4 5
488634.51951557869324 4921937.2024340247735
488634.17358539404813 4921958.3817937439308
488626.35178761376301 4921954.6303284643218
488627.45794396317797 4921938.2600060543045
4 5
488621.8366178717697 4921938.1896266806871
488627.45794396317797 4921938.2600060543045
488626.35178761376301 4921954.6303284643218
488607.77819130930584 4921953.5507544288412
5 5
488608.46640957187628 4921939.1334216790274
488614.14599778689444 4921937.7166396481916
488621.8366178717697 4921938.1896266806871
488607.77819130930584 4921953.5507544288412
488608.049703132594 4921939.2434196947142
5 5
488601.27748860092834 4921940.7300457861274
488608.049703132594 4921939.2434196947142
488607.77819130930584 4921953.5507544288412
488602.10614185151644 4921952.8020548885688
488596.59570162411546 4921951.0920030865818
5 5
488595.81999102543341 4921940.6633615698665
488600.87033601471921 4921940.7049627220258
488601.27748860092834 4921940.7300457861274
488596.59570162411546 4921951.0920030865818
488588.34500168985687 4921951.3806920610368
4 5
488589.8672213658574 4921939.7488429918885
488595.81999102543341 4921940.6633615698665
488588.34500168985687 4921951.3806920610368
488589.57844251883216 4921940.0032592434436
4 5
488583.91820662678219 4921939.1146570853889
488589.57844251883216 4921940.0032592434436
488588.34500168985687 4921951.3806920610368
488573.58618238888448 4921952.8510355576873
6 5
488568.07861963415053 4921938.5169051671401
488573.60656689293683 4921935.3303258316591
488580.35990739625413 4921936.8464566459879
488583.91820662678219 4921939.1146570853889
488573.58618238888448 4921952.8510355576873
488566.21907024487155 4921952.9405221669003
4 5
488561.64055172755616 4921938.9582121232525
488568.07861963415053 4921938.5169051671401
488566.21907024487155 4921952.9405221669003
488553.19189661642304 4921953.3682607477531
7 5
488544.90074121032376 4921939.0389568703249
488553.25824339292012 4921936.9641428617761
488558.14195069047855 4921937.9391858866438
488561.64055172755616 4921938.9582121232525
488553.19189661642304 4921953.3682607477531
488546.81438901374349 4921955.3217278597876
488539.74695760651957 4921955.7485010363162
4 5
488539.67543344246224 4921938.532507000491
488544.90074121032376 4921939.0389568703249
488539.74695760651957 4921955.7485010363162
488518.97198106936412 4921953.5595176573843
7 5
488517.4180763369659 4921939.4597292291
488522.599797013856 4921935.6202695518732
488529.32570047560148 4921935.1118872892112
488536.87034659227356 4921936.9592912727967
488539.67543344246224 4921938.532507000491
488518.97198106936412 4921953.5595176573843
488510.5771825320553 4921954.0324170840904
4 5
488508.66328793345019 4921940.6375929145142
488517.4180763369659 4921939.4597292291
488510.5771825320553 4921954.0324170840904
488504.31087929313071 4921954.4030824853107
4 5
488502.64478717098245 4921939.0041570141912
488508.66328793345019 4921940.6375929145142
488504.31087929313071 4921954.4030824853107
488496.98056075739441 4921953.9300486026332
5 5
488490.90323418972548 4921938.8757409546524
488498.82495281967567 4921937.5383729971945
488502.64478717098245 4921939.0041570141912
488496.98056075739441 4921953.9300486026332
488489.6583945157472 4921941.7293639173731
6 5
488496.98056075739441 4921953.9300486026332
488495.51666508073686 4921955.8483199588954
488491.12387860921444 4921955.9546045735478
488487.68815889279358 4921954.104048746638
488487.61157682223711 4921945.6180983055383
488489.6583945157472 4921941.7293639173731
3 5
488490.90323418972548 4921938.8757409546524
488490.90323418972548 4921938.8757409546524
488489.6583945157472 4921941.7293639173731
