3
5 1
488658.19166725850664 4921926.6248270329088
488656.92597904033028 4921927.8311069905758
488654.84563970624004 4921927.705289689824
488653.52250979980454 4921926.5398479895666
488652.37943754805019 4921924.0024169581011
13 1
488657.18919659196399 4921912.8188283387572
488659.01704251085175 4921915.1087397867814
488660.02372576564085 4921917.8445829730481
488660.53604465886019 4921920.7445606244728
488660.59725714975502 4921923.0195224247873
488659.66784453159198 4921925.2335823383182
488658.19166725850664 4921926.6248270329088
488652.37943754805019 4921924.0024169581011
488652.12625280552311 4921921.4217622466385
488651.8785965226707 4921917.4465059563518
488652.14714072662173 4921914.8874827967957
488653.06586638826411 4921913.160784682259
488655.026574184536 4921912.3890801174566
3 1
488657.18919659196399 4921912.8188283387572
488657.18919659196399 4921912.8188283387572
488655.026574184536 4921912.3890801174566
