6
9 7
488710.24218149954686 4921907.2864966541529
488719.34417008998571 4921907.4245599163696
488727.25852458761074 4921909.2686267467216
488732.15405675885268 4921911.9521538950503
488733.66616707859794 4921916.1744122784585
488731.68168135063024 4921921.6385154193267
488722.18664001382422 4921923.0961782950908
488704.80309541261522 4921921.9199494160712
488698.39338368666358 4921907.9505956023932
9 7
488657.4276096302201 4921929.776499601081
488652.61168015538715 4921928.720218943432
488649.71562508982606 4921925.5459456155077
488649.1963173962431 4921920.3045963030308
488649.73316981818061 4921915.8973489692435
488651.19221851823386 4921911.6055753855035
488655.13381976541132 4921909.9782860763371
488663.05423731560586 4921910.4838070208207
488665.14476823504083 4921928.3653384493664
4 7
488670.66945622861385 4921927.3921407088637
488665.14476823504083 4921928.3653384493664
488663.05423731560586 4921910.4838070208207
488673.10971654596506 4921908.4455612804741
7 7
488689.33010780147742 4921924.4992386940867
488681.74921411526157 4921926.6266189245507
488670.66945622861385 4921927.3921407088637
488673.10971654596506 4921908.4455612804741
488678.30950932443375 4921906.4945011939853
488686.22663290164201 4921906.4841161454096
488698.39338368666358 4921907.9505956023932
4 7
488697.55859099415829 4921923.1521375589073
488689.33010780147742 4921924.4992386940867
488698.39338368666358 4921907.9505956023932
488704.80309541261522 4921921.9199494160712
3 7
488733.66616707859794 4921916.1744122784585
488733.66616707859794 4921916.1744122784585
488732.15405675885268 4921911.9521538950503
