5
11 1
488731.00697697716532 4921916.1514590205625
488731.04043939575786 4921918.9366992488503
488729.87669714336516 4921920.0459989821538
488727.92628515325487 4921920.7011331850663
488725.56306681048591 4921921.0398917449638
488718.54000444262056 4921920.3817307269201
488711.45607787778135 4921910.5627798642963
488718.70746937248623 4921911.2089893417433
488724.06373871472897 4921912.1322897467762
488726.61883437971119 4921912.6872364217415
488729.11128224572167 4921914.0378445936367
9 1
488710.43884028343018 4921919.8747347546741
488706.09449312346987 4921919.804292248562
488703.30672747036442 4921918.6478652451187
488701.74861572106602 4921916.7759322673082
488701.91552337259054 4921914.2185111464933
488702.69612020149361 4921912.8835947290063
488704.77774037048221 4921911.3326806761324
488706.61011144169606 4921910.5570997800678
488711.45607787778135 4921910.5627798642963
3 1
488718.54000444262056 4921920.3817307269201
488710.43884028343018 4921919.8747347546741
488711.45607787778135 4921910.5627798642963
3 1
488731.00697697716532 4921916.1514590205625
488729.11128224572167 4921914.0378445936367
488730.31944844260579 4921914.6126390174031
3 1
488731.00697697716532 4921916.1514590205625
488731.00697697716532 4921916.1514590205625
488730.31944844260579 4921914.6126390174031
