13
9 302
488451.9596981308423 4921919.0788232414052
488452.29209280613577 4921920.2337690591812
488452.39916818565689 4921921.959980763495
488452.07132608559914 4921923.4337842650712
488450.7936285478645 4921924.0265510892496
488449.68065563921118 4921924.2707699397579
488448.65165911923395 4921923.8819086626172
488447.80360985128209 4921923.5022863186896
488451.58064975671005 4921917.919397671707
7 302
488451.8306755128433 4921916.9818032942712
488451.58064975671005 4921917.919397671707
488447.80360985128209 4921923.5022863186896
488446.59773160330951 4921923.7814223757014
488447.56819880538387 4921911.1075395643711
488449.02099772827933 4921911.4717951631173
488450.15352686983533 4921911.8165747392923
6 302
488444.24544288212201 4921917.212997735478
488443.37359144800575 4921916.5670889755711
488442.91314918204444 4921915.1751818461344
488443.23739349120297 4921913.6529003763571
488444.39590582624078 4921912.682269230485
488445.54496849491261 4921911.8911649649963
5 302
488444.92944533150876 4921917.937036242336
488444.24544288212201 4921917.212997735478
488445.54496849491261 4921911.8911649649963
488446.6359048615559 4921911.3225731635466
488447.56819880538387 4921911.1075395643711
3 302
488445.16135618195403 4921918.5861738277599
488444.92944533150876 4921917.937036242336
488447.56819880538387 4921911.1075395643711
7 302
488451.16700522025349 4921911.8801983129233
488452.42474190297071 4921912.4620271958411
488453.12323397991713 4921913.0544124497101
488453.33186764002312 4921914.026690127328
488453.0512916566222 4921915.3769980119541
488452.34703016036656 4921916.196735125035
488450.15352686983533 4921911.8165747392923
3 302
488450.15352686983533 4921911.8165747392923
488452.34703016036656 4921916.196735125035
488451.8306755128433 4921916.9818032942712
3 302
488447.56819880538387 4921911.1075395643711
488446.59773160330951 4921923.7814223757014
488445.50163528404664 4921924.5212655700743
4 302
488447.56819880538387 4921911.1075395643711
488445.50163528404664 4921924.5212655700743
488444.5256641554879 4921925.5395637843758
488445.16135618195403 4921918.5861738277599
12 302
488444.5256641554879 4921925.5395637843758
488443.69574726128485 4921926.4332819832489
488442.06514847715152 4921927.0407087802887
488440.66612994164461 4921926.8941345531493
488439.28924827888841 4921926.4340571546927
488438.31067956163315 4921925.4258765950799
488437.78215229575289 4921923.730656879954
488438.0576906594215 4921922.2183979414403
488438.99972273397725 4921920.9329139236361
488440.16437017451972 4921920.4697579080239
488441.72141607420053 4921920.3025204380974
488443.37139283260331 4921920.1403379831463
3 302
488444.5256641554879 4921925.5395637843758
488443.37139283260331 4921920.1403379831463
488444.45699011115357 4921919.5798568874598
3 302
488444.5256641554879 4921925.5395637843758
488444.45699011115357 4921919.5798568874598
488445.16135618195403 4921918.5861738277599
3 302
488447.56819880538387 4921911.1075395643711
488447.56819880538387 4921911.1075395643711
488445.16135618195403 4921918.5861738277599
