18
4 2
489549.29415807209443 4922130.6814749697223
489554.26910119928652 4922126.8847125135362
489553.73939394223271 4922137.8388720015064
489542.35649822681444 4922140.2706543505192
3 2
489542.35649822681444 4922140.2706543505192
489542.80228390876437 4922131.1604021620005
489549.29415807209443 4922130.6814749697223
5 2
489537.12840698246146 4922147.4145539645106
489542.35649822681444 4922140.2706543505192
489553.73939394223271 4922137.8388720015064
489553.33865021984093 4922149.0316050434485
489547.63030889729271 4922160.2105696033686
5 2
489532.01451600866858 4922153.724594223313
489537.12840698246146 4922147.4145539645106
489547.63030889729271 4922160.2105696033686
489540.18269429536304 4922170.6772734839469
489524.33095832332037 4922168.5106669273227
4 2
489524.33095832332037 4922168.5106669273227
489540.18269429536304 4922170.6772734839469
489534.86401585774729 4922179.9469510400668
489517.88059473328758 4922180.1299886079505
4 2
489517.88059473328758 4922180.1299886079505
489534.86401585774729 4922179.9469510400668
489533.04872228362365 4922187.9717429671437
489513.36911097489065 4922193.4928194349632
4 2
489513.36911097489065 4922193.4928194349632
489533.04872228362365 4922187.9717429671437
489532.64581807074137 4922200.5133303999901
489509.67637846048456 4922208.2836046563461
6 2
489506.08730316947913 4922223.5839707544073
489509.67637846048456 4922208.2836046563461
489532.64581807074137 4922200.5133303999901
489535.23433982877759 4922213.2518233284354
489536.45104594889563 4922223.3669920228422
489532.87552987795789 4922234.6941262474284
11 2
489491.51548427896341 4922275.8131190771237
489492.53665425884537 4922263.672638415359
489495.60891864978475 4922248.4815224790946
489499.31118009518832 4922236.3423043591902
489506.08730316947913 4922223.5839707544073
489532.87552987795789 4922234.6941262474284
489529.36693870992167 4922251.8532096091658
489525.85316798562417 4922265.0226186765358
489520.79860752064269 4922273.1779240733013
489512.40901336324168 4922283.075216524303
489503.6174078490003 4922292.2721513397992
4 2
489487.54384957440197 4922285.1253850692883
489491.51548427896341 4922275.8131190771237
489503.6174078490003 4922292.2721513397992
489495.3280952196219 4922302.7032670443878
8 2
489460.86922702123411 4922322.4228583900258
489470.8331195495557 4922305.4788383096457
489480.27332802960882 4922291.3716767430305
489487.54384957440197 4922285.1253850692883
489495.3280952196219 4922302.7032670443878
489490.82510180247482 4922314.7839902117848
489484.56665876525221 4922326.136808803305
489474.20473353716079 4922339.6688188547269
4 2
489453.56832773634233 4922331.3521998301148
489460.86922702123411 4922322.4228583900258
489474.20473353716079 4922339.6688188547269
489469.38080953713506 4922347.6280881343409
6 2
489437.80823826428968 4922348.9562129303813
489444.92513908987166 4922338.9602065002546
489453.56832773634233 4922331.3521998301148
489469.38080953713506 4922347.6280881343409
489465.77880220249062 4922360.3596158130094
489436.04124071419938 4922358.9430499123409
6 2
489434.68522108916659 4922368.3217805381864
489436.04124071419938 4922358.9430499123409
489465.77880220249062 4922360.3596158130094
489464.64227739738999 4922372.0210665436462
489459.80563018989051 4922385.2331553529948
489449.62796692777192 4922394.4443904077634
4 2
489429.83573135995539 4922374.9098596572876
489434.68522108916659 4922368.3217805381864
489449.62796692777192 4922394.4443904077634
489435.61770901276032 4922402.165695535019
4 2
489422.3963647239143 4922382.0494427504018
489429.83573135995539 4922374.9098596572876
489435.61770901276032 4922402.165695535019
489425.29406197927892 4922408.3353427443653
9 2
489403.01934358361177 4922410.9770172629505
489403.12966310908087 4922402.1431047078222
489407.56843493168708 4922393.5108131915331
489415.29983335314319 4922386.6295224586502
489422.3963647239143 4922382.0494427504018
489425.29406197927892 4922408.3353427443653
489422.00371998758055 4922415.8966892724857
489415.60601178684738 4922417.4801551215351
489409.10119213815778 4922415.8880239408463
3 2
489403.01934358361177 4922410.9770172629505
489403.01934358361177 4922410.9770172629505
489409.10119213815778 4922415.8880239408463
