9
7 3
489537.99383541243151 4922120.7380721289665
489550.64544309617486 4922108.5977863818407
489552.18300947209354 4922109.659235060215
489553.00275973125827 4922111.6102481512353
489553.08988644753117 4922113.7824578201398
489552.81235007033683 4922115.3807857185602
489538.77376254467526 4922121.5089107099921
9 3
489537.99383541243151 4922120.7380721289665
489536.69245476328069 4922120.3738221414387
489535.34375910495874 4922119.7673895182088
489534.36585515900515 4922118.3606219077483
489533.80485508526908 4922116.6488326033577
489533.30547421792289 4922114.3562535000965
489533.02427338913549 4922111.8016776442528
489549.90327198425075 4922107.155908591114
489550.64544309617486 4922108.5977863818407
4 3
489540.38390614988748 4922127.3503160336986
489539.53245334414532 4922125.8477737093344
489539.48542288079625 4922124.0807300033048
489542.35007611900801 4922128.7443393813446
11 3
489542.35007611900801 4922128.7443393813446
489539.48542288079625 4922124.0807300033048
489539.3996527530835 4922122.5128185264766
489553.24569031858118 4922118.282103812322
489553.52363810536917 4922121.4133390104398
489552.77422056428622 4922123.7786838216707
489551.79610375495395 4922125.6194207062945
489550.15162686118856 4922127.1053996412084
489548.36129327793606 4922128.1258621728048
489546.07603170542279 4922128.6715008504689
489544.1545760788722 4922128.9621634036303
9 3
489539.10249810834648 4922097.6512112272903
489541.18900478637079 4922097.65486953035
489544.10987635247875 4922097.9736393103376
489546.40825408132514 4922098.9820516975597
489547.78603127266979 4922100.2003184650093
489548.6692986501148 4922101.4225212186575
489549.5851640086621 4922103.717718298547
489549.40344502415974 4922105.4174692677334
489536.54215762059903 4922097.7148116845638
10 3
489531.50674089952372 4922106.569912340492
489530.69116414996097 4922104.3846669001505
489530.6328766848892 4922102.6669069007039
489531.46602093434194 4922100.7265714425594
489532.77679992158664 4922098.9851291552186
489534.44778586417669 4922098.0910368310288
489536.54215762059903 4922097.7148116845638
489549.40344502415974 4922105.4174692677334
489549.90327198425075 4922107.155908591114
489532.39289474446559 4922108.8524090182036
3 3
489533.02427338913549 4922111.8016776442528
489532.39289474446559 4922108.8524090182036
489549.90327198425075 4922107.155908591114
4 3
489538.77376254467526 4922121.5089107099921
489552.81235007033683 4922115.3807857185602
489553.24569031858118 4922118.282103812322
489539.3996527530835 4922122.5128185264766
3 3
489542.35007611900801 4922128.7443393813446
489542.35007611900801 4922128.7443393813446
489544.1545760788722 4922128.9621634036303
