13
7 4
489481.11759688874008 4922367.6629881961271
489482.38742055388866 4922368.3154593147337
489483.53269267297583 4922369.7366165528074
489483.51632898580283 4922371.8215605001897
489482.8975063439575 4922373.244529498741
489481.08211755979573 4922374.2050759103149
489479.93501272064168 4922367.4639671659097
4 4
489479.93501272064168 4922367.4639671659097
489481.08211755979573 4922374.2050759103149
489479.45760717859957 4922375.1647681379691
489478.93210640014149 4922366.991423016414
12 4
489472.04323488468071 4922375.4004747467116
489472.59362491063075 4922373.7878029020503
489473.14407984103309 4922372.5705084195361
489473.61810125957709 4922371.7639841130003
489478.62818009755574 4922366.0640056636184
489478.93210640014149 4922366.991423016414
489479.45760717859957 4922375.1647681379691
489478.5295095044421 4922376.4560128971934
489475.72289607283892 4922379.8814976774156
489474.66897603299003 4922379.7792811384425
489473.64553141541546 4922379.4315744955093
489472.30302360770293 4922377.6810359666124
5 4
489473.45890384167433 4922357.4768687011674
489473.78203985129949 4922355.9156385809183
489474.63891315541696 4922355.0425774818286
489475.9986488900031 4922354.5153776146472
489473.88494123338023 4922359.4083018125966
7 4
489474.00459483498707 4922360.8044430054724
489473.88494123338023 4922359.4083018125966
489475.9986488900031 4922354.5153776146472
489477.12644299917156 4922354.0324235614389
489477.6892904691631 4922353.8886483833194
489483.36911562713794 4922363.0134919928387
489481.4220901048393 4922363.4690182507038
4 4
489478.5295095044421 4922376.4560128971934
489477.99589713255409 4922378.5348753025755
489476.95932859898312 4922379.510028174147
489475.72289607283892 4922379.8814976774156
10 4
489479.29853446251946 4922352.8856071894988
489481.9118344312883 4922352.0592018384486
489483.92794894712279 4922352.3912165965885
489485.59403024299536 4922352.9390865433961
489487.01523636817001 4922354.6249580234289
489487.50988415261963 4922356.5191673748195
489487.16883854067419 4922359.0796114010736
489485.31967392773367 4922361.6584697272629
489483.36911562713794 4922363.0134919928387
489477.6892904691631 4922353.8886483833194
3 4
489474.00459483498707 4922360.8044430054724
489481.4220901048393 4922363.4690182507038
489479.61792458588025 4922364.2914616912603
4 4
489474.00459483498707 4922360.8044430054724
489479.61792458588025 4922364.2914616912603
489478.65908916754415 4922365.2285299887881
489473.4518583259196 4922362.2167458925396
6 4
489472.56384070235072 4922366.7096590669826
489472.24273542489391 4922364.9117464879528
489472.54892829322489 4922363.662756617181
489473.4518583259196 4922362.2167458925396
489478.65908916754415 4922365.2285299887881
489478.62818009755574 4922366.0640056636184
4 4
489472.7012340707588 4922368.7807565853
489472.56384070235072 4922366.7096590669826
489478.62818009755574 4922366.0640056636184
489473.54187628161162 4922370.7901692837477
3 4
489473.61810125957709 4922371.7639841130003
489473.54187628161162 4922370.7901692837477
489478.62818009755574 4922366.0640056636184
3 4
489473.64553141541546 4922379.4315744955093
489473.64553141541546 4922379.4315744955093
489472.30302360770293 4922377.6810359666124
