9
12 4
489540.22934811073355 4922187.3251915639266
489540.34688136028126 4922185.7425086768344
489540.69926059938734 4922184.5698562655598
489541.73551782983122 4922183.5225796112791
489543.28645444713766 4922182.9108093837276
489544.66595303855138 4922182.823154874146
489546.15987403062172 4922183.5127538880333
489547.73928525694646 4922185.2102596657351
489548.31840704521164 4922186.9262882536277
489546.98431150900433 4922188.9643569393083
489545.73713916866109 4922190.6934695644304
489540.43326567212353 4922188.7475251397118
4 4
489539.93717177351937 4922189.9726166864857
489540.43326567212353 4922188.7475251397118
489545.73713916866109 4922190.6934695644304
489545.56825961422874 4922192.7684098565951
6 4
489539.68849483993836 4922194.987264957279
489538.84042971779127 4922193.0674761421978
489538.94763350847643 4922191.4550411729142
489539.93717177351937 4922189.9726166864857
489545.56825961422874 4922192.7684098565951
489541.24191422638251 4922196.1426644586027
4 4
489542.90866936068051 4922197.4454840039834
489541.24191422638251 4922196.1426644586027
489545.56825961422874 4922192.7684098565951
489546.34810808615293 4922193.5515668122098
4 4
489543.76523652247852 4922198.9900510702282
489542.90866936068051 4922197.4454840039834
489546.34810808615293 4922193.5515668122098
489547.84790440055076 4922193.4689428014681
9 4
489543.85416448314209 4922200.8014225130901
489543.76523652247852 4922198.9900510702282
489547.84790440055076 4922193.4689428014681
489549.7175288462895 4922193.1254508411512
489551.84899364016019 4922193.1563309086487
489553.45459090475924 4922194.0500021120533
489554.27269356307806 4922196.3943314645439
489553.33948366803816 4922198.8379159616306
489551.19379864580696 4922200.0946013014764
3 4
489543.85416448314209 4922200.8014225130901
489551.19379864580696 4922200.0946013014764
489549.4439368955791 4922201.2394037907943
9 4
489545.46046849054983 4922205.8947552889585
489543.83757658518152 4922204.0359260300174
489543.53772117581684 4922202.3434354728088
489543.85416448314209 4922200.8014225130901
489549.4439368955791 4922201.2394037907943
489549.36809228832135 4922202.8020556699485
489548.78164238709724 4922204.9307051654905
489547.48912814911455 4922206.0774045139551
489546.28708209120668 4922206.1204856093973
3 4
489545.46046849054983 4922205.8947552889585
489545.46046849054983 4922205.8947552889585
489546.28708209120668 4922206.1204856093973
