9
5 4
489559.58708109881263 4922208.8804624946788
489560.49392879544757 4922209.1626773569733
489559.96808879612945 4922210.3483925275505
489558.26379010570236 4922211.0753612406552
489558.6071815053001 4922208.8054905449972
5 4
489557.28992046287749 4922208.3729671975598
489558.6071815053001 4922208.8054905449972
489558.26379010570236 4922211.0753612406552
489556.78083090978907 4922211.5661009019241
489554.68869478523266 4922211.5230871345848
10 4
489550.33983640983934 4922208.2356586987153
489551.9567169030779 4922206.5984805608168
489553.50651526654838 4922205.6390723651275
489554.64988991938299 4922205.3789535090327
489555.59849010076141 4922205.8895970955491
489556.63660546403844 4922207.2291485043243
489557.28992046287749 4922208.3729671975598
489554.68869478523266 4922211.5230871345848
489552.73512439086335 4922212.0321059115231
489548.73359717719723 4922210.1479094587266
4 4
489548.73359717719723 4922210.1479094587266
489552.73512439086335 4922212.0321059115231
489552.3153855393175 4922212.8536226768047
489547.06620837131049 4922212.3457781085745
6 4
489546.23871070099995 4922216.0100827235729
489546.37468422175152 4922213.9611250068992
489547.06620837131049 4922212.3457781085745
489552.3153855393175 4922212.8536226768047
489552.07474758365424 4922214.1827126294374
489546.8086421508342 4922217.8786086197942
6 4
489546.8086421508342 4922217.8786086197942
489552.07474758365424 4922214.1827126294374
489552.76290360931307 4922215.0929972939193
489551.69796854443848 4922219.8924715956673
489549.35901016567368 4922219.5046975146979
489547.63394525402691 4922218.8789340415969
10 4
489556.44874821032863 4922214.5031989756972
489557.9679729124764 4922214.1586625454947
489559.76989408035297 4922214.6485955202952
489561.17526895139599 4922216.2279694275931
489561.13884365413105 4922218.6567724272609
489560.16594966908451 4922220.341730250977
489558.6262192344293 4922221.3923573568463
489556.6630199420033 4922221.5132547523826
489554.62246044247877 4922220.6730791795999
489554.57355529733468 4922215.196186020039
4 4
489554.57355529733468 4922215.196186020039
489554.62246044247877 4922220.6730791795999
489551.69796854443848 4922219.8924715956673
489552.76290360931307 4922215.0929972939193
3 4
489546.8086421508342 4922217.8786086197942
489546.8086421508342 4922217.8786086197942
489547.63394525402691 4922218.8789340415969
