12
7 4
489536.66568356455537 4922132.5357279283926
489532.89908865781035 4922141.1887406883761
489531.9246328343288 4922140.1207070033997
489531.76939022913575 4922139.0902690310031
489532.22788008552743 4922137.7120531927794
489532.83269336842932 4922136.5570142446086
489535.78942436381476 4922132.7096379138529
13 4
489531.77661434776383 4922133.2817879272625
489530.84722882154165 4922132.4105246607214
489530.21988923766185 4922131.4056151779369
489530.04793743556365 4922130.2855569543317
489530.18813943478744 4922128.9565575560555
489530.82050630560843 4922127.8309702705592
489531.88602524943417 4922126.9918103218079
489532.9508857029723 4922126.6506753955036
489533.96824192174245 4922126.9426283594221
489535.0079617483425 4922128.082353814505
489535.46616647316841 4922129.472038673237
489535.42850071337307 4922130.7875504577532
489535.29235890059499 4922131.8739988179877
4 4
489532.6400062655448 4922134.446769441478
489531.77661434776383 4922133.2817879272625
489535.29235890059499 4922131.8739988179877
489535.42886417696718 4922132.4276126800105
4 4
489532.6400062655448 4922134.446769441478
489535.42886417696718 4922132.4276126800105
489535.78942436381476 4922132.7096379138529
489532.9795691545005 4922135.5169712956995
3 4
489532.83269336842932 4922136.5570142446086
489532.9795691545005 4922135.5169712956995
489535.78942436381476 4922132.7096379138529
8 4
489532.89908865781035 4922141.1887406883761
489536.66568356455537 4922132.5357279283926
489538.31836562918033 4922132.0816230792552
489539.10491707239999 4922131.9759857980534
489540.20104124408681 4922131.9096754891798
489541.13166511413874 4922132.1531225889921
489541.91699354583398 4922132.9288686243817
489537.66785145603353 4922137.4127804618329
5 4
489541.91699354583398 4922132.9288686243817
489542.21811447350774 4922133.926838176325
489541.9313181474572 4922134.9932084996253
489541.20492940023541 4922135.7693909052759
489539.94335518655134 4922136.2747227847576
3 4
489541.91699354583398 4922132.9288686243817
489539.94335518655134 4922136.2747227847576
489538.72878963610856 4922136.7709306059405
7 4
489536.68032945506275 4922139.5749623356387
489536.26009402965428 4922140.640549489297
489535.38322148146108 4922141.3194902902469
489534.42886527645169 4922141.4858483709395
489533.56183654419146 4922141.4585383795202
489532.89908865781035 4922141.1887406883761
489537.16953705565538 4922138.2178612491116
3 4
489537.66785145603353 4922137.4127804618329
489537.16953705565538 4922138.2178612491116
489532.89908865781035 4922141.1887406883761
3 4
489541.91699354583398 4922132.9288686243817
489538.72878963610856 4922136.7709306059405
489537.66785145603353 4922137.4127804618329
3 4
489532.89908865781035 4922141.1887406883761
489532.89908865781035 4922141.1887406883761
489537.66785145603353 4922137.4127804618329
