19
5 2
488445.29610524524469 4921910.4124220442027
488443.68931718124077 4921910.423135089688
488443.208827974624 4921908.8772939341143
488443.97077744419221 4921907.645579284057
488446.873721327167 4921909.0005624042824
5 2
488446.873721327167 4921909.0005624042824
488443.97077744419221 4921907.645579284057
488444.37628411542391 4921906.6232517659664
488446.36648616340244 4921905.9364529782906
488448.93796884565381 4921908.6731608072296
5 2
488453.09415730793262 4921910.2322658635676
488448.93796884565381 4921908.6731608072296
488446.36648616340244 4921905.9364529782906
488451.65813951822929 4921904.0591415241361
488460.4208893343457 4921902.9776675505564
3 2
488455.54101271316176 4921912.1410151105374
488453.09415730793262 4921910.2322658635676
488460.4208893343457 4921902.9776675505564
8 2
488470.09505154320505 4921920.7249613860622
488465.33634770731442 4921919.672738365829
488461.90534311468946 4921917.4436949100345
488458.87888649862725 4921914.9229263765737
488455.54101271316176 4921912.1410151105374
488460.4208893343457 4921902.9776675505564
488467.92378151905723 4921901.2284036735073
488471.9871663194499 4921919.9247569832951
5 2
488481.07098724559182 4921919.6274975957349
488471.9871663194499 4921919.9247569832951
488467.92378151905723 4921901.2284036735073
488472.43696116376668 4921899.7510411171243
488478.37237259931862 4921900.0041538747028
4 2
488481.07098724559182 4921919.6274975957349
488478.37237259931862 4921900.0041538747028
488484.91483929246897 4921900.1770014967769
488486.16274512576638 4921920.3479916350916
9 2
488488.85823258088203 4921922.2006243560463
488486.16274512576638 4921920.3479916350916
488484.91483929246897 4921900.1770014967769
488488.1553839003318 4921899.08215503674
488492.85412817227188 4921899.1374262562022
488496.04121352540096 4921900.8709874358028
488500.17796667077346 4921904.444145928137
488503.60750675800955 4921908.105588962324
488494.46802858426236 4921925.0716699268669
6 2
488501.76211200398393 4921927.8334588008001
488498.72252628649585 4921927.1421554395929
488494.46802858426236 4921925.0716699268669
488503.60750675800955 4921908.105588962324
488506.63185137487017 4921910.9191621206701
488505.12236660625786 4921927.2499156109989
5 2
488511.62330614577513 4921926.2757192049176
488505.12236660625786 4921927.2499156109989
488506.63185137487017 4921910.9191621206701
488511.13607424194925 4921913.1229420276359
488518.02999301766977 4921925.2874092599377
3 2
488518.02999301766977 4921925.2874092599377
488511.13607424194925 4921913.1229420276359
488518.3174934812123 4921912.9978663371876
6 2
488530.70793715666514 4921926.6476075574756
488525.66225311608287 4921926.2995413681492
488518.02999301766977 4921925.2874092599377
488518.3174934812123 4921912.9978663371876
488530.63761266862275 4921912.1299056364223
488534.94890020624734 4921926.3250757157803
4 2
488534.94890020624734 4921926.3250757157803
488530.63761266862275 4921912.1299056364223
488537.85347234609071 4921910.4309823727235
488537.86446818982949 4921926.0360225411132
4 2
488540.90293008938897 4921925.7547698337585
488537.86446818982949 4921926.0360225411132
488537.85347234609071 4921910.4309823727235
488543.85782922361977 4921908.7688208818436
4 2
488543.43922890210524 4921925.9265457661822
488540.90293008938897 4921925.7547698337585
488543.85782922361977 4921908.7688208818436
488553.65661133924732 4921908.7863122755662
6 2
488553.71724931377685 4921926.6105562709272
488549.19279273034772 4921927.1561463614926
488546.31107522948878 4921926.6013815626502
488543.43922890210524 4921925.9265457661822
488553.65661133924732 4921908.7863122755662
488562.29747327551013 4921909.3367079859599
5 2
488567.76635627856012 4921926.7118550613523
488559.94169026380405 4921926.6712273471057
488553.71724931377685 4921926.6105562709272
488562.29747327551013 4921909.3367079859599
488570.24411869177129 4921909.4787381589413
12 2
488600.11205268168123 4921924.1792625822127
488597.31895143497968 4921926.1844267733395
488591.21878889406798 4921927.2680639335886
488584.37787909834879 4921927.3162280330434
488567.76635627856012 4921926.7118550613523
488570.24411869177129 4921909.4787381589413
488582.28175501065562 4921909.3930979808792
488590.88436062686378 4921910.6576745416969
488596.81699107383611 4921911.7481748238206
488599.26410479465267 4921913.8374185385182
488600.32481532852398 4921916.5664170058444
488601.20867016963894 4921920.2541897883639
3 2
488600.32481532852398 4921916.5664170058444
488600.32481532852398 4921916.5664170058444
488601.20867016963894 4921920.2541897883639
