6
9 5
488537.57807227206649 4921892.6580592514947
488530.6171837731963 4921891.6956746736541
488527.27773303119466 4921891.2211599359289
488523.30384754331317 4921890.1704954477027
488523.61654410371557 4921887.3719575554132
488526.13377171469619 4921883.7714700121433
488528.94641107512871 4921881.7829821584746
488531.89038032112876 4921879.9234207365662
488535.45857556496048 4921879.0427339645103
5 5
488549.71296360495035 4921894.3402514057234
488543.22197750629857 4921893.5391537817195
488537.57807227206649 4921892.6580592514947
488535.45857556496048 4921879.0427339645103
488545.39550196623895 4921880.93987982627
8 5
488569.37401394703193 4921888.5219246875495
488574.29989872523583 4921886.2468389077112
488578.0704285268439 4921887.8198965061456
488578.95488811522955 4921891.5332429939881
488577.34685787610942 4921897.001187232323
488575.32252200774383 4921898.3678512321785
488571.09127975784941 4921897.9700486147776
488564.46791563631268 4921896.7482082834467
4 5
488563.76396490959451 4921887.7500247517601
488569.37401394703193 4921888.5219246875495
488564.46791563631268 4921896.7482082834467
488557.24339203373529 4921895.7545346207917
7 5
488551.54232396569569 4921881.0137228993699
488557.12025551084662 4921881.8682789681479
488561.29552039597183 4921884.7176696388051
488563.76396490959451 4921887.7500247517601
488557.24339203373529 4921895.7545346207917
488549.71296360495035 4921894.3402514057234
488545.39550196623895 4921880.93987982627
3 5
488535.45857556496048 4921879.0427339645103
488535.45857556496048 4921879.0427339645103
488545.39550196623895 4921880.93987982627
