1
19 1
488682.93034778232686 4921908.59544995334
488684.42757571389666 4921909.9696044400334
488685.5930618798011 4921911.9164311774075
488685.96236591809429 4921913.9119002576917
488685.55418023339007 4921917.2355229882523
488684.41418374929344 4921919.6215819250792
488682.73501088819467 4921922.7588409511372
488680.53991568367928 4921924.6905810814351
488677.71319861593656 4921925.6100060977042
488675.64702787558781 4921925.3923303652555
488673.6337647207547 4921924.2900954065844
488671.61843764217338 4921921.6069971928373
488672.54787082306575 4921917.91094993148
488674.34296546503901 4921914.759591887705
488676.07242934952956 4921912.5012957369909
488677.68582705885638 4921910.4371989499778
488679.33718735340517 4921909.2616172032431
488680.67372910404811 4921908.3592965062708
488682.93034778232686 4921908.59544995334
