4
14 4
488443.95129147317493 4921896.2976272990927
488446.06209608406061 4921896.8571144724265
488447.70314409263665 4921897.752899935469
488448.79260186798638 4921898.7573539773002
488449.2450155391125 4921899.6432908046991
488449.12111842061859 4921900.9520979207009
488448.70064515044214 4921901.8364886799827
488448.05635450943373 4921902.6176457842812
488446.7989392291056 4921902.9095829995349
488445.50589329033392 4921903.062864234671
488444.31421588681405 4921903.0857563931495
488442.589380157704 4921902.8976682182401
488441.53257143619703 4921902.2945792051032
488441.48018095857697 4921895.812313856557
12 4
488439.17976461013313 4921895.6490666121244
488441.48018095857697 4921895.812313856557
488440.0018511848757 4921901.3043666686863
488439.14471332827816 4921901.2117490833625
488437.97575799067272 4921901.0588890863582
488435.92290291230893 4921900.6838327040896
488434.22152777429437 4921899.8284951522946
488433.70361264783423 4921898.7655121060088
488433.59938568581128 4921897.6451090453193
488433.93025357823353 4921896.7265922715887
488434.59171801403863 4921896.2248605089262
488436.42735352925956 4921895.6457884954289
4 4
488441.48018095857697 4921895.812313856557
488441.53257143619703 4921902.2945792051032
488440.60518905153731 4921901.8353947307914
488440.0018511848757 4921901.3043666686863
3 4
488434.59171801403863 4921896.2248605089262
488434.59171801403863 4921896.2248605089262
488436.42735352925956 4921895.6457884954289
