10
9 4
488514.60998211277183 4921907.4704336877912
488513.2537381054135 4921908.2388597959653
488512.36905597348232 4921908.4633333617821
488510.4111828347086 4921908.1284514758736
488509.35124765749788 4921906.6166386054829
488509.64698306197533 4921904.9635245501995
488510.35007188754389 4921903.7203058982268
488512.04145707766293 4921902.8769122641534
488515.6526826294139 4921906.3427231153473
4 4
488515.6526826294139 4921906.3427231153473
488512.04145707766293 4921902.8769122641534
488513.1498708477011 4921902.1351816318929
488516.94724116969155 4921905.854244469665
6 4
488521.10920957231428 4921900.9230644730851
488518.28644423926016 4921906.1838696915656
488516.94724116969155 4921905.854244469665
488513.1498708477011 4921902.1351816318929
488513.69447383616352 4921901.1638991134241
488520.13212643342558 4921900.1367888320237
9 4
488522.23576066782698 4921901.6714480863884
488523.28365030093119 4921902.9480179436505
488523.83717060351046 4921904.2901949388906
488523.64908834861126 4921905.728922422044
488522.99904647521907 4921906.7003305228427
488521.79982241301332 4921907.0528241349384
488519.90556490403833 4921906.825570278801
488518.28644423926016 4921906.1838696915656
488521.10920957231428 4921900.9230644730851
3 4
488519.65695987507934 4921899.0937506677583
488520.13212643342558 4921900.1367888320237
488513.69447383616352 4921901.1638991134241
9 4
488514.48530008725356 4921895.5986580979079
488515.75306542910403 4921895.4831393845379
488517.29227326676482 4921895.720647954382
488518.25143615645356 4921896.6940094577149
488519.2447120542638 4921897.9114634515718
488519.65695987507934 4921899.0937506677583
488513.69447383616352 4921901.1638991134241
488513.22283845866332 4921900.2227510306984
488513.60834698774852 4921895.689541821368
4 4
488513.60834698774852 4921895.689541821368
488513.22283845866332 4921900.2227510306984
488512.0122428626637 4921899.5225384561345
488513.09683675627457 4921895.3705182923004
4 4
488513.09683675627457 4921895.3705182923004
488512.0122428626637 4921899.5225384561345
488510.65648822305957 4921899.6276626959443
488512.51677600829862 4921894.6157241882756
15 4
488510.21233971498441 4921891.4103541001678
488511.08200796751771 4921892.1321366429329
488511.7092477051192 4921892.8884084494784
488512.17749357922003 4921893.8757022833452
488512.51677600829862 4921894.6157241882756
488510.65648822305957 4921899.6276626959443
488509.73090934735956 4921899.8072634227574
488507.65221479936736 4921899.2908498654142
488506.10232560249278 4921898.0956632047892
488505.04522781795822 4921895.9352852720767
488505.20736592722824 4921894.0879830289632
488505.7617227815208 4921892.8333769710734
488506.54016238549957 4921891.8278394145891
488507.52306870924076 4921891.4049439514056
488508.60099475277821 4921891.0339902918786
3 4
488508.60099475277821 4921891.0339902918786
488508.60099475277821 4921891.0339902918786
488507.52306870924076 4921891.4049439514056
