1
18 4
488483.10954381513875 4921923.5001513455063
488484.35430215543602 4921923.7719991784543
488485.66200436139479 4921924.613195694983
488486.60596385900863 4921926.1756613124162
488486.8954276512959 4921927.6457084203139
488486.60337014729157 4921929.3997804420069
488485.73724309628597 4921930.4689114280045
488484.23589554865612 4921931.1687553161755
488483.15467771992553 4921931.1905828826129
488481.62862078374019 4921930.8535828944296
488480.31523928296519 4921930.155342633836
488479.54315786552615 4921929.0714144036174
488479.01307318598265 4921927.9537108615041
488479.12058700132184 4921926.2749885860831
488479.70260994898854 4921925.1446191240102
488480.68896630901145 4921924.2282467829064
488481.6069613751024 4921923.6807801099494
488483.10954381513875 4921923.5001513455063
