7
15 4
488422.96861401409842 4921923.0044701201841
488424.08682792587206 4921922.1455803019926
488425.79523387551308 4921921.949803462252
488427.03208805760369 4921922.8893139418215
488427.51435402961215 4921923.9834635071456
488428.02475828165188 4921925.3859122972935
488428.02033352071885 4921925.4736323384568
488427.91230027191341 4921926.4955083960667
488427.45549112610752 4921928.3194393757731
488426.34665219625458 4921929.0755299432203
488425.1039744039881 4921929.6214067600667
488424.2428930256865 4921929.667025340721
488422.96204726409633 4921929.1569703724235
488421.99811109236907 4921928.6177214244381
488421.61815795383882 4921928.1523454170674
9 4
488418.73221953195753 4921929.2580688800663
488417.79467735235812 4921929.9983371915296
488416.25563260831404 4921929.8802391318604
488414.87589361058781 4921928.8708187006414
488414.44310395827051 4921927.0772015992552
488415.15607303503202 4921925.6960051869974
488416.48750365054002 4921924.9410741450265
488417.63644453504821 4921924.8911695592105
488419.62730717041995 4921928.5130476420745
4 4
488419.62730717041995 4921928.5130476420745
488417.63644453504821 4921924.8911695592105
488418.83759697066853 4921924.754898483865
488421.00236589467386 4921927.9357567988336
3 4
488421.00236589467386 4921927.9357567988336
488418.83759697066853 4921924.754898483865
488420.17555224965326 4921924.4560796227306
4 4
488421.00236589467386 4921927.9357567988336
488420.17555224965326 4921924.4560796227306
488421.48733799037291 4921923.8025464545935
488421.61815795383882 4921928.1523454170674
3 4
488421.61815795383882 4921928.1523454170674
488421.48733799037291 4921923.8025464545935
488422.96861401409842 4921923.0044701201841
3 4
488424.08682792587206 4921922.1455803019926
488424.08682792587206 4921922.1455803019926
488427.51435402961215 4921923.9834635071456
