60 2
45.667091045994311571 152.43379187770187855
50.462274635676294565 159.8537915931083262
51.540160301607102156 169.50041352026164532
48.906482823193073273 179.5099303238093853
45.52860009390860796 187.25123485829681158
43.281087772455066442 197.31436116481199861
42.885934463702142239 205.4852969110943377
46.944808209780603647 214.04829412512481213
50.997738147620111704 223.34522653138265014
50.599077717866748571 235.60946282185614109
47.607878670562058687 246.7287795152515173
46.465842071454972029 258.20623660832643509
47.539304109755903482 277.83342820685356855
47.479611337650567293 294.80770228244364262
44.87856775987893343 304.03327627619728446
46.721770004834979773 313.98791266418993473
52.587436805479228497 324.66630260925740004
58.432135553099215031 339.02068550884723663
62.063657655380666256 351.18125307746231556
63.477047890890389681 365.55808333773165941
68.951663661748170853 380.28938492061570287
74.058019651100039482 394.65353228151798248
77.692355447914451361 408.28109026979655027
78.746992670465260744 421.52886620024219155
80.526239787228405476 438.09688613004982471
79.757014433387666941 446.1824770993553102
79.353962532244622707 455.02588079450652003
84.02256686519831419 462.86166750639677048
78.879552082158625126 466.85205600224435329
76.835683568380773067 472.76712707243859768
71.216905336827039719 463.34887186996638775
65.358712511602789164 453.80322127416729927
63.929557582829147577 441.33277920167893171
64.343316026963293552 428.49347792286425829
63.645810679532587528 417.82910974603146315
60.718552676495164633 410.13991363625973463
54.115948432125151157 399.46942328521981835
44.912446314468979836 390.28981568198651075
38.302987744566053152 382.53661834727972746
35.015141982119530439 371.12266394263133407
28.445203268900513649 354.88750890456140041
24.086740895174443722 341.97303153900429606
23.785706997849047184 332.38309065299108624
25.299177438020706177 319.49700920004397631
27.53498868178576231 306.97195089235901833
28.669600086286664009 293.69665294233709574
25.737477188929915428 281.14183405507355928
24.67039763554930687 268.22223884332925081
25.816098273266106844 251.21717605274170637
25.43138665659353137 241.91813270421698689
21.388672652654349804 229.31961226090788841
15.884108811151236296 218.97645516600459814
12.604039208963513374 205.29458430269733071
15.986575570423156023 191.99082060717046261
23.386058785486966372 177.80796025134623051
28.572867541573941708 166.95718840416520834
27.1307648248039186 158.83803503075614572
31.584284747485071421 153.97962020523846149
37.883831370156258345 151.7073366167023778
45.667091045994311571 152.43379187770187855
