18
4 2
78.879552 466.852056
76.835684 472.767127
71.216905 463.348872
79.353963 455.025881
3 2
79.353963 455.025881
84.022567 462.861668
78.879552 466.852056
5 2
79.757014 446.182477
79.353963 455.025881
71.216905 463.348872
65.358713 453.803221
63.929558 441.332779
5 2
80.526240 438.096886
79.757014 446.182477
63.929558 441.332779
64.343316 428.493478
78.746993 421.528866
4 2
78.746993 421.528866
64.343316 428.493478
63.645811 417.829110
77.692355 408.281090
4 2
77.692355 408.281090
63.645811 417.829110
60.718553 410.139914
74.058020 394.653532
4 2
74.058020 394.653532
60.718553 410.139914
54.115948 399.469423
68.951664 380.289385
6 2
63.477048 365.558083
68.951664 380.289385
54.115948 399.469423
44.912446 390.289816
38.302988 382.536618
35.015142 371.122664
11 2
46.721770 313.987913
52.587437 324.666303
58.432136 339.020686
62.063658 351.181253
63.477048 365.558083
35.015142 371.122664
28.445203 354.887509
24.086741 341.973032
23.785707 332.383091
25.299177 319.497009
27.534989 306.971951
4 2
44.878568 304.033276
46.721770 313.987913
27.534989 306.971951
28.669600 293.696653
8 2
46.465842 258.206237
47.539304 277.833428
47.479611 294.807702
44.878568 304.033276
28.669600 293.696653
25.737477 281.141834
24.670398 268.222239
25.816098 251.217176
4 2
47.607879 246.728780
46.465842 258.206237
25.816098 251.217176
25.431387 241.918133
6 2
50.997738 223.345227
50.599078 235.609463
47.607879 246.728780
25.431387 241.918133
21.388673 229.319612
46.944808 214.048294
6 2
42.885934 205.485297
46.944808 214.048294
21.388673 229.319612
15.884109 218.976455
12.604039 205.294584
15.986576 191.990821
4 2
43.281088 197.314361
42.885934 205.485297
15.986576 191.990821
23.386059 177.807960
4 2
45.528600 187.251235
43.281088 197.314361
23.386059 177.807960
28.572868 166.957188
9 2
45.667091 152.433792
50.462275 159.853792
51.540160 169.500414
48.906483 179.509930
45.528600 187.251235
28.572868 166.957188
27.130765 158.838035
31.584285 153.979620
37.883831 151.707337
3 2
45.667091 152.433792
45.667091 152.433792
37.883831 151.707337
