18
4 2
489549.294158 4922130.681475
489554.269101 4922126.884713
489553.739394 4922137.838872
489542.356498 4922140.270654
3 2
489542.356498 4922140.270654
489542.802284 4922131.160402
489549.294158 4922130.681475
5 2
489537.128407 4922147.414554
489542.356498 4922140.270654
489553.739394 4922137.838872
489553.338650 4922149.031605
489547.630309 4922160.210570
5 2
489532.014516 4922153.724594
489537.128407 4922147.414554
489547.630309 4922160.210570
489540.182694 4922170.677273
489524.330958 4922168.510667
4 2
489524.330958 4922168.510667
489540.182694 4922170.677273
489534.864016 4922179.946951
489517.880595 4922180.129989
4 2
489517.880595 4922180.129989
489534.864016 4922179.946951
489533.048722 4922187.971743
489513.369111 4922193.492819
4 2
489513.369111 4922193.492819
489533.048722 4922187.971743
489532.645818 4922200.513330
489509.676378 4922208.283605
6 2
489506.087303 4922223.583971
489509.676378 4922208.283605
489532.645818 4922200.513330
489535.234340 4922213.251823
489536.451046 4922223.366992
489532.875530 4922234.694126
11 2
489491.515484 4922275.813119
489492.536654 4922263.672638
489495.608919 4922248.481522
489499.311180 4922236.342304
489506.087303 4922223.583971
489532.875530 4922234.694126
489529.366939 4922251.853210
489525.853168 4922265.022619
489520.798608 4922273.177924
489512.409013 4922283.075217
489503.617408 4922292.272151
4 2
489487.543850 4922285.125385
489491.515484 4922275.813119
489503.617408 4922292.272151
489495.328095 4922302.703267
8 2
489460.869227 4922322.422858
489470.833120 4922305.478838
489480.273328 4922291.371677
489487.543850 4922285.125385
489495.328095 4922302.703267
489490.825102 4922314.783990
489484.566659 4922326.136809
489474.204734 4922339.668819
4 2
489453.568328 4922331.352200
489460.869227 4922322.422858
489474.204734 4922339.668819
489469.380810 4922347.628088
6 2
489437.808238 4922348.956213
489444.925139 4922338.960207
489453.568328 4922331.352200
489469.380810 4922347.628088
489465.778802 4922360.359616
489436.041241 4922358.943050
6 2
489434.685221 4922368.321781
489436.041241 4922358.943050
489465.778802 4922360.359616
489464.642277 4922372.021067
489459.805630 4922385.233155
489449.627967 4922394.444390
4 2
489429.835731 4922374.909860
489434.685221 4922368.321781
489449.627967 4922394.444390
489435.617709 4922402.165696
4 2
489422.396365 4922382.049443
489429.835731 4922374.909860
489435.617709 4922402.165696
489425.294062 4922408.335343
9 2
489403.019344 4922410.977017
489403.129663 4922402.143105
489407.568435 4922393.510813
489415.299833 4922386.629522
489422.396365 4922382.049443
489425.294062 4922408.335343
489422.003720 4922415.896689
489415.606012 4922417.480155
489409.101192 4922415.888024
3 2
489403.019344 4922410.977017
489403.019344 4922410.977017
489409.101192 4922415.888024
