60
-93.13319645417727 44.45492403601388
-93.1331948867671 44.45484450798687
-93.13313891823542 44.45476685853553
-93.13304159996275 44.4547050211187
-93.13295230866539 44.45466389159431
-93.13285865608859 44.45459972440168
-93.1327975675633 44.45454048435003
-93.13278033219959 44.45445606964444
-93.13275791884706 44.45436618629953
-93.13266826184839 44.45427629852264
-93.13255946970669 44.45420793154481
-93.13246752227229 44.4541276492276
-93.13234194080596 44.45397525133513
-93.13222299981307 44.45384838525818
-93.13213148968744 44.45379225709598
-93.13208138121608 44.45370847866447
-93.13206829981128 44.45359919557573
-93.132029376489 44.45346247812369
-93.13198259685633 44.45335324533439
-93.13189716982438 44.45323848339111
-93.13185174920618 44.45310078981599
-93.13180503627065 44.45296768536166
-93.13174806172754 44.45284744829931
-93.13166675333308 44.45274293571109
-93.1315698814995 44.45260993138757
-93.13150547878068 44.45255319756791
-93.1314396239965 44.45248895831899
-93.13143383708642 44.45240694726059
-93.13135223293351 44.45240272945148
-93.1312896277381 44.45236861996188
-93.13129650642186 44.45246723008945
-93.13130176903177 44.45256798990101
-93.13137374133939 44.4526685490469
-93.13146756006655 44.45276267066706
-93.1315345967184 44.45284604647393
-93.13155757497758 44.45291826554774
-93.13156289249638 44.4530311687321
-93.13153061517458 44.453145887912
-93.13151552692835 44.45323697004729
-93.1315606961324 44.45333889386276
-93.13160514223352 44.45349332231506
-93.13164957297795 44.45361183255792
-93.13171326861762 44.45368517963814
-93.13181891773499 44.45377416101769
-93.13192960586781 44.45385683130441
-93.13203400600926 44.45395061982407
-93.13209084948227 44.45405931432499
-93.13216974278669 44.45416143011015
-93.13230025777357 44.45428310486148
-93.13236105207265 44.45435469006027
-93.13240658515424 44.45446925655896
-93.13242110755722 44.45457422531572
-93.13248216914427 44.45469310016658
-93.13261028190382 44.45477587831029
-93.13278653741533 44.45484518682519
-93.13291642373096 44.45490057978656
-93.13295793530459 44.45496860468261
-93.13303838212425 44.45498276661925
-93.13312011034601 44.45496833777481
-93.13319645417727 44.45492403601388
