9
7 3
489537.993835 4922120.738072
489550.645443 4922108.597786
489552.183009 4922109.659235
489553.002760 4922111.610248
489553.089886 4922113.782458
489552.812350 4922115.380786
489538.773763 4922121.508911
9 3
489537.993835 4922120.738072
489536.692455 4922120.373822
489535.343759 4922119.767390
489534.365855 4922118.360622
489533.804855 4922116.648833
489533.305474 4922114.356254
489533.024273 4922111.801678
489549.903272 4922107.155909
489550.645443 4922108.597786
4 3
489540.383906 4922127.350316
489539.532453 4922125.847774
489539.485423 4922124.080730
489542.350076 4922128.744339
11 3
489542.350076 4922128.744339
489539.485423 4922124.080730
489539.399653 4922122.512819
489553.245690 4922118.282104
489553.523638 4922121.413339
489552.774221 4922123.778684
489551.796104 4922125.619421
489550.151627 4922127.105400
489548.361293 4922128.125862
489546.076032 4922128.671501
489544.154576 4922128.962163
9 3
489539.102498 4922097.651211
489541.189005 4922097.654870
489544.109876 4922097.973639
489546.408254 4922098.982052
489547.786031 4922100.200318
489548.669299 4922101.422521
489549.585164 4922103.717718
489549.403445 4922105.417469
489536.542158 4922097.714812
10 3
489531.506741 4922106.569912
489530.691164 4922104.384667
489530.632877 4922102.666907
489531.466021 4922100.726571
489532.776800 4922098.985129
489534.447786 4922098.091037
489536.542158 4922097.714812
489549.403445 4922105.417469
489549.903272 4922107.155909
489532.392895 4922108.852409
3 3
489533.024273 4922111.801678
489532.392895 4922108.852409
489549.903272 4922107.155909
4 3
489538.773763 4922121.508911
489552.812350 4922115.380786
489553.245690 4922118.282104
489539.399653 4922122.512819
3 3
489542.350076 4922128.744339
489542.350076 4922128.744339
489544.154576 4922128.962163
