44
-93.13143947196906 44.45238518946226
-93.13146415602741 44.45237261094998
-93.13147482733697 44.45235907158887
-93.13147538275813 44.45234316262
-93.13147642910805 44.45232904583231
-93.13148427545232 44.45231999882547
-93.13149406254472 44.45231304785805
-93.13151041183633 44.45230974976755
-93.13152735092022 44.45230427067528
-93.13153961346281 44.45229159171557
-93.13154662990326 44.45227617274921
-93.13155286013034 44.45225552595721
-93.1315563428243 44.45223252362668
-93.13156421880703 44.45220596289803
-93.13157531044357 44.45218540127482
-93.13158551697882 44.45216571620297
-93.13158621484985 44.45215025075996
-93.13157570412631 44.45213279442823
-93.13155919420585 44.45211713559976
-93.13153817410357 44.45210911048003
-93.13151184308367 44.45210575372293
-93.13147966178556 44.45210521818985
-93.13145343729563 44.45210528130909
-93.13141673233039 44.45210819336483
-93.13138786518694 44.45211730510337
-93.13137057297619 44.45212829279793
-93.13135949616083 44.45213930877686
-93.13134803127963 44.45215998514759
-93.13135034954196 44.45217528498908
-93.13134410246393 44.45219094298359
-93.13133480345593 44.45220393460468
-93.13131549970869 44.45221351280278
-93.13130523589405 44.45223108917067
-93.1313041846437 44.4522506463346
-93.1313077051505 44.45226503170368
-93.1313023171588 44.45229115786555
-93.13129888687985 44.45231935167286
-93.13130835379246 44.4523406355009
-93.13132068458118 44.45235719309868
-93.13134138350122 44.45237054726031
-93.131363906266 44.45237970837256
-93.13139264005819 44.45238458759462
-93.13141679613712 44.45238717657908
-93.13143947196906 44.45238518946226
