44 3
85.735882921144366264 464.62416554568335414
88.144973162561655045 464.697715874761343
89.685498361941426992 465.47834858438000083
90.702237687539309263 466.92434182995930314
91.641084925271570683 468.18301922269165516
92.717854488175362349 468.67305673658847809
93.794004174415022135 468.8837230671197176
95.079611187800765038 468.46720865601673722
96.538613227661699057 468.22626560879871249
98.131492461543530226 468.85715940594673157
99.545819320250302553 469.97278624400496483
101.23011880367994308 471.60632089199498296
102.87760786572471261 473.57880954910069704
105.0351590602658689 475.68636672804132104
107.0360766495577991 477.09753238828852773
108.92439978150650859 478.46672880183905363
109.92325193947181106 479.86543935490772128
110.30264207115396857 481.9427198264747858
110.17411379935219884 484.11855145497247577
109.27675042906776071 485.78778304066509008
107.74019765388220549 487.25983738247305155
105.64252630155533552 488.72924655908718705
103.90236687380820513 489.88049313006922603
101.29282579850405455 491.23082651663571596
98.820321580860763788 491.6622875495813787
96.998615610878914595 491.40963904978707433
95.586676755454391241 490.88013976020738482
93.55398230254650116 489.47483116341754794
92.765027132350951433 487.95834677992388606
91.386916408780962229 486.78667741315439343
89.970987557433545589 485.99612380331382155
88.102926078718155622 485.96250877948477864
86.340707928873598576 484.79074525414034724
85.06642167130485177 483.02941608382388949
84.413394975941628218 481.54441283596679568
82.447344054467976093 479.36724168341606855
80.483546285424381495 476.91257527843117714
79.79928574338555336 474.52756579499691725
79.595762773416936398 472.45305303949862719
80.143600529991090298 470.30542377941310406
81.070474469568580389 468.46489591524004936
82.672322673257440329 466.74611019436269999
84.112164861988276243 465.44099299004301429
85.735882921144366264 464.62416554568335414
