9
7 3
93.794004 468.883723
89.970988 485.996124
88.102926 485.962509
86.340708 484.790745
85.066422 483.029416
84.413395 481.544413
92.717854 468.673057
9 3
93.794004 468.883723
95.079611 468.467209
96.538613 468.226266
98.131492 468.857159
99.545819 469.972786
101.230119 471.606321
102.877608 473.578810
91.386916 486.786677
89.970988 485.996124
4 3
88.144973 464.697716
89.685498 465.478349
90.702238 466.924342
85.735883 464.624166
11 3
85.735883 464.624166
90.702238 466.924342
91.641085 468.183019
82.447344 479.367242
80.483546 476.912575
79.799286 474.527566
79.595763 472.453053
80.143601 470.305424
81.070474 468.464896
82.672323 466.746110
84.112165 465.440993
9 3
105.642526 488.729247
103.902367 489.880493
101.292826 491.230827
98.820322 491.662288
96.998616 491.409639
95.586677 490.880140
93.553982 489.474831
92.765027 487.958347
107.740198 487.259837
10 3
107.036077 477.097532
108.924400 478.466729
109.923252 479.865439
110.302642 481.942720
110.174114 484.118551
109.276750 485.787783
107.740198 487.259837
92.765027 487.958347
91.386916 486.786677
105.035159 475.686367
3 3
102.877608 473.578810
105.035159 475.686367
91.386916 486.786677
4 3
92.717854 468.673057
84.413395 481.544413
82.447344 479.367242
91.641085 468.183019
3 3
85.735883 464.624166
85.735883 464.624166
84.112165 465.440993
