8
7 1
100.162401 29.496223
101.778861 30.506141
102.976588 31.518789
103.633951 33.010997
104.411530 34.863367
104.646971 37.257663
104.400544 39.056035
6 1
93.258290 34.095123
95.063873 31.827414
96.386357 30.396022
98.005522 29.619266
100.162401 29.496223
92.112805 35.826788
19 1
100.238307 58.348991
99.211147 59.899849
97.946050 61.087645
96.503683 62.042184
94.642354 62.656628
92.781056 63.016888
90.681456 62.955840
88.583777 62.177902
86.906694 60.981664
85.409466 59.605705
84.461765 57.918418
83.811239 56.356473
83.576020 54.859949
83.400434 53.542593
83.286702 51.626293
83.842773 50.003319
84.758588 48.203543
86.201134 45.813294
100.726106 56.433208
4 1
100.162401 29.496223
104.400544 39.056035
104.152287 41.154725
103.483155 43.433083
6 1
100.162401 29.496223
103.483155 43.433083
103.174379 45.952149
102.683033 48.650651
87.402109 43.780159
88.852885 41.087242
6 1
102.187550 51.403601
101.516261 54.099079
100.726106 56.433208
86.201134 45.813294
87.402109 43.780159
102.683033 48.650651
4 1
100.162401 29.496223
88.852885 41.087242
90.183514 38.515659
92.112805 35.826788
3 1
100.162401 29.496223
100.162401 29.496223
92.112805 35.826788
