5
12 1
489363.651431 4922455.124578
489365.154815 4922453.962105
489366.747545 4922453.429342
489367.939823 4922453.278644
489369.907676 4922454.443805
489371.126864 4922455.626113
489371.886551 4922456.939332
489372.241898 4922458.548881
489372.039347 4922460.572594
489371.571043 4922462.131444
489370.575370 4922463.702572
489368.981949 4922465.088861
5 1
489362.134973 4922455.987440
489363.651431 4922455.124578
489368.981949 4922465.088861
489367.026043 4922466.158919
489364.324760 4922466.874523
4 1
489360.202087 4922456.717287
489362.134973 4922455.987440
489364.324760 4922466.874523
489361.398853 4922467.518553
12 1
489352.664309 4922463.226248
489352.682112 4922461.582000
489353.600192 4922459.887709
489354.667953 4922458.725040
489356.702503 4922457.413300
489358.519239 4922456.965599
489360.202087 4922456.717287
489361.398853 4922467.518553
489358.590757 4922467.956033
489356.676148 4922467.691199
489354.894689 4922466.795587
489353.162612 4922465.500554
3 1
489353.162612 4922465.500554
489353.162612 4922465.500554
489354.894689 4922466.795587
