30 1
113.13287013862282038 0
115.41854476230219007 0.85584623552858829498
116.64564487896859646 2.0871168961748480797
117.63305792678147554 3.7143506845459342003
117.97320309979841113 5.4110562861897051334
117.98891106806695461 7.2705206875689327717
117.90530307358130813 9.3210283177904784679
117.32515403628349304 12.113675759639590979
116.41607134602963924 13.921280728187412024
115.50841929251328111 15.482000767253339291
114.60179959191009402 16.548909970093518496
113.44568096706643701 17.452224768698215485
112.37049538968130946 17.944861436262726784
111.04590408690273762 18.684955169446766376
109.47184559982270002 18.847686648368835449
108.22891764901578426 18.763348344247788191
106.5719228726811707 18.430781914386898279
105.49690912244841456 17.686711934395134449
104.67193322908133268 16.778775632381439209
103.68267628969624639 15.705987818073481321
103.19408861175179482 13.723201209213584661
102.95691747451201081 11.081587889231741428
103.38058609841391444 9.112620585598051548
104.05035596806555986 7.3958592354319989681
104.96705755451694131 5.5208522151224315166
106.29385048197582364 3.571783718653023243
107.86345757497474551 1.9491391410119831562
109.42893302254378796 0.97756207641214132309
110.9104713280685246 0.16783379297703504562
113.13287013862282038 0
