41 1
100.16240124357864261 29.49622341338545084
101.77886097226291895 30.506140923127532005
102.97658840520307422 31.518788578920066357
103.63395133148878813 33.010996553115546703
104.4115295042283833 34.863366615027189255
104.64697073493152857 37.257663378491997719
104.40054387412965298 39.056034878827631474
104.15228714141994715 41.154725430998951197
103.48315505590289831 43.433082855772227049
103.17437924211844802 45.952148598153144121
102.68303316878154874 48.650650824420154095
102.18754961527884007 51.403601086232811213
101.51626091962680221 54.099078783765435219
100.72610608441755176 56.433208016213029623
100.23830654006451368 58.348991186823695898
99.211146577261388302 59.899849265348166227
97.946050249505788088 61.08764521824195981
96.503682766109704971 62.042183514218777418
94.642354099079966545 62.656627566087990999
92.78105589933693409 63.016887598671019077
90.681456125807017088 62.955840478651225567
88.583776700776070356 62.177902115043252707
86.906694080214947462 60.98166360380128026
85.409465975128114223 59.605705085210502148
84.461764518637210131 57.918417628854513168
83.811239100992679596 56.356472769286483526
83.576019958592951298 54.859948679339140654
83.400434454437345266 53.542592651676386595
83.286702448967844248 51.626293299254029989
83.84277303097769618 50.003319310490041971
84.758587607648223639 48.203542552888393402
86.201133931521326303 45.81329440837725997
87.402108677197247744 43.780159239657223225
88.852884787134826183 41.087242439389228821
90.183513858821243048 38.515658603049814701
92.112805215176194906 35.826788208913058043
93.258290076162666082 34.095123435836285353
95.063873439561575651 31.827414117287844419
96.386357326526194811 30.39602243434637785
98.005522029940038919 29.619266368448734283
100.16240124357864261 29.49622341338545084
