28 1
57.036124616395682096 79.432046327274292707
58.709416878409683704 81.050955687183886766
59.604214719031006098 82.430522209964692593
59.776734606828540564 84.349826908204704523
59.530460640322417021 85.909077183343470097
58.561285826843231916 88.127355378121137619
57.295555326621979475 89.505357753019779921
56.031052989885210991 90.643193503376096487
54.82465376565232873 92.320490739308297634
54.038740720599889755 93.878218491561710835
53.429469202179461718 95.678300698753446341
52.397400911431759596 97.003238994628190994
51.4875596365891397 97.788366375025361776
49.20367795042693615 97.906397175975143909
47.533975984435528517 97.595969682093709707
46.174632214475423098 96.922283821273595095
44.988182894419878721 95.778055217582732439
44.037359872832894325 93.980174170341342688
43.565089108888059855 92.422521733213216066
43.525343708693981171 90.562889879569411278
44.085800145752727985 88.526551658753305674
45.123165378347039223 86.553111052606254816
46.977546048350632191 84.46258758706972003
49.058643023017793894 82.307421016506850719
51.155867134686559439 80.389493891038000584
52.897316799033433199 79.550912896171212196
54.876805928070098162 79.311454486567527056
57.036124616395682096 79.432046327274292707
