30
-93.13496467781688 44.45572914631335
-93.13498261836631 44.45571132274448
-93.1349868699037 44.45569597203998
-93.13498585425738 44.45567885173954
-93.1349775843626 44.45566444272112
-93.13496478651125 44.45565043428108
-93.13494961814818 44.45563549052734
-93.13492408294663 44.45561746625737
-93.13490197396699 44.4556084636644
-93.13488160096392 44.45560130344205
-93.13486468106042 44.45559783740492
-93.13484629197232 44.45559684263196
-93.13483161217479 44.45559852033132
-93.13481259877433 44.45559958947022
-93.13479500083959 44.45560622942303
-93.13478258858871 44.45561306699192
-93.13476757584876 44.45562383151503
-93.13476151876344 44.45563477304047
-93.13475921919186 44.45564569375647
-93.13475635051137 44.45565866967545
-93.13476506197945 44.45567596301511
-93.1347809957027 44.45569693661828
-93.13479915243407 44.45570957166877
-93.13481812512538 44.45571908858784
-93.13484078367505 44.45572855809377
-93.13486824778414 44.45573653489249
-93.13489597610206 44.45574085396986
-93.13491912267901 44.45574031625294
-93.13494026309741 44.45573898514219
-93.13496467781688 44.45572914631335
