41 1
489289.61144190345658 4922483.2406485723332
489288.82357747707283 4922481.505095324479
489288.38604257709812 4922479.9989182129502
489288.66395250492496 4922478.3921896340325
489289.04096710687736 4922476.4189277021214
489290.16940527473344 4922474.2941413922235
489291.36958013230469 4922472.9323607329279
489292.73742139077513 4922471.3214157521725
489294.55526208807714 4922469.7936377897859
489296.20607725880109 4922467.8659853339195
489298.10824764450081 4922465.8898570360616
489300.04398636036785 4922463.8706604829058
489302.09438223863253 4922461.9965993119404
489304.04389326210367 4922460.4893134376034
489305.51009460841306 4922459.163256438449
489307.22371939831646 4922458.4395794048905
489308.93470111204078 4922458.1499770600349
489310.6643136672792 4922458.1527564674616
489312.55478962976485 4922458.6706237625331
489314.30462091288064 4922459.4002186907455
489316.01989112666342 4922460.6126105636358
489317.33696413063444 4922462.4211364192888
489318.07225339760771 4922464.34543951042
489318.55829291202826 4922466.3199570300058
489318.41432391275885 4922468.2498145215213
489318.09213835914852 4922469.9108538143337
489317.46017962391488 4922471.2876401282847
489316.87766299501527 4922472.4821825297549
489315.91227364167571 4922474.1414479017258
489314.55118750286056 4922475.1858154535294
489312.7926110344124 4922476.1784490821883
489310.26858826726675 4922477.3715690085664
489308.14336486905813 4922478.4008427634835
489305.44504449568922 4922479.8415437657386
489302.91393459308892 4922481.2476375801489
489299.81923224614002 4922482.4202442988753
489297.90701292653102 4922483.2290803315118
489295.14835790928919 4922484.1192821785808
489293.25480861961842 4922484.5800607251003
489291.47626999707427 4922484.3313747942448
489289.61144190345658 4922483.2406485723332
