28 1
489353.16261180141009 4922465.5005541415885
489352.6643093682942 4922463.2262478312477
489352.68211208493449 4922461.5820002732798
489353.60019161686068 4922459.8877087971196
489354.66795282514067 4922458.7250401899219
489356.70250303437933 4922457.4132995847613
489358.51923874631757 4922456.9655992416665
489360.20208673644811 4922456.7172869471833
489362.13497279846342 4922455.9874399919063
489363.65143060433911 4922455.1245780168101
489365.15481458959403 4922453.9621046502143
489366.7475451938808 4922453.4293423509225
489367.93982289108681 4922453.2786438390613
489369.90767582500121 4922454.4438054831699
489371.12686377106002 4922455.626112818718
489371.88655086123617 4922456.9393316311762
489372.24189767189091 4922458.5488811740652
489372.03934663062682 4922460.5725940372795
489371.57104314526077 4922462.1314438171685
489370.57536977931159 4922463.7025723531842
489368.98194932931801 4922465.0888609364629
489367.02604271366727 4922466.1589187672362
489364.32476026244694 4922466.8745228126645
489361.39885316276923 4922467.5185532532632
489358.59075682121329 4922467.9560328181833
489356.67614770639921 4922467.6911989906803
489354.89468879229389 4922466.7955865301192
489353.16261180141009 4922465.5005541415885
