30 1
489262.48871570936171 4922500.6365671399981
489261.0581359755015 4922498.6591387875378
489260.71707885479555 4922496.9545912882313
489260.7947438613046 4922495.0527914892882
489261.45003952790285 4922493.4511997103691
489262.46564430691069 4922491.8935086196288
489263.66967152344296 4922490.2316150311381
489265.69790086586727 4922488.2261878019199
489267.45520014013164 4922487.2233087858185
489269.07472633442376 4922486.4253023974597
489270.4202072576154 4922486.0380871929228
489271.88302636676235 4922485.9251794666052
489273.05123058299068 4922486.1096078306437
489274.56409661931684 4922486.2258713599294
489275.96537037775852 4922486.9611084042117
489276.9541168405558 4922487.7189759863541
489278.15047156927176 4922488.9126960048452
489278.63436366530368 4922490.1272507123649
489278.81931129732402 4922491.3399864323437
489279.04991208278807 4922492.7809327412397
489278.36000909371069 4922494.7029614923522
489277.09619190852391 4922497.0347284628078
489275.65399149508448 4922498.4405681807548
489274.14630483218934 4922499.5001634508371
489272.34537067974452 4922500.5549759017304
489270.16184341942426 4922501.4446141310036
489267.95662691735197 4922501.9280001353472
489266.11503480980173 4922501.8713090373203
489264.43290311825695 4922501.7262276252732
489262.48871570936171 4922500.6365671399981
