5
12 1
54.038741 93.878218
53.429469 95.678301
52.397401 97.003239
51.487560 97.788366
49.203678 97.906397
47.533976 97.595970
46.174632 96.922284
44.988183 95.778055
44.037360 93.980174
43.565089 92.422522
43.525344 90.562890
44.085800 88.526552
5 1
54.824654 92.320491
54.038741 93.878218
44.085800 88.526552
45.123165 86.553111
46.977546 84.462588
4 1
56.031053 90.643194
54.824654 92.320491
46.977546 84.462588
49.058643 82.307421
12 1
58.709417 81.050956
59.604215 82.430522
59.776735 84.349827
59.530461 85.909077
58.561286 88.127355
57.295555 89.505358
56.031053 90.643194
49.058643 82.307421
51.155867 80.389494
52.897317 79.550913
54.876806 79.311454
57.036125 79.432046
3 1
57.036125 79.432046
57.036125 79.432046
54.876806 79.311454
