4
12 1
113.132870 0.000000
104.671933 16.778776
103.682676 15.705988
103.194089 13.723201
102.956917 11.081588
103.380586 9.112621
104.050356 7.395859
104.967058 5.520852
106.293850 3.571784
107.863458 1.949139
109.428933 0.977562
110.910471 0.167834
13 1
113.132870 0.000000
115.418545 0.855846
116.645645 2.087117
117.633058 3.714351
117.973203 5.411056
117.988911 7.270521
117.905303 9.321028
117.325154 12.113676
116.416071 13.921281
115.508419 15.482001
114.601800 16.548910
113.445681 17.452225
112.370495 17.944861
8 1
113.132870 0.000000
112.370495 17.944861
111.045904 18.684955
109.471846 18.847687
108.228918 18.763348
106.571923 18.430782
105.496909 17.686712
104.671933 16.778776
3 1
113.132870 0.000000
113.132870 0.000000
110.910471 0.167834
