28
-93.13382423692033 44.45541416610289
-93.13383045349615 44.45539368372014
-93.13383019591875 44.45537888120869
-93.13381862142379 44.45536364142171
-93.13380517646401 44.45535318991307
-93.13377957654608 44.45534141057628
-93.13375673217863 44.45533740677881
-93.1337355747911 44.45533519605002
-93.1337112646999 44.45532865385325
-93.13369218610809 44.45532090802192
-93.1336732656972 44.4553104646642
-93.13365323519677 44.45530569175803
-93.13363824596914 44.45530435258968
-93.13361353529315 44.45531487120294
-93.13359823518171 44.4553255331631
-93.13358871337316 44.45533736693153
-93.13358427993342 44.45535186255116
-93.13358686740222 44.45537007858429
-93.13359278566638 44.45538410565752
-93.13360533288268 44.4553982355196
-93.13362538960504 44.45541069252015
-93.13364999606024 44.45542029723491
-93.13368396413892 44.4554266999153
-93.13372075414229 44.45543245491985
-93.13375605910232 44.45543635211775
-93.13378011906879 44.45543393969704
-93.13380249245336 44.45542585048032
-93.13382423692033 44.45541416610289
