41
-93.13462340101871 44.45557293729325
-93.13463326809192 44.45555730084454
-93.13463873647933 44.45554373460489
-93.13463521008705 44.4555292737242
-93.13463043043093 44.45551151449835
-93.13461620272206 44.45549240226596
-93.13460108911696 44.45548016025417
-93.13458386290571 44.45546567755596
-93.13456098221651 44.45545195025181
-93.13454019267608 44.45543462049437
-93.1345162427732 44.45541685803732
-93.13449187006277 44.45539870833866
-93.13446605920022 44.45538186695097
-93.13444152398495 44.45536832605643
-93.13442306740829 44.45535640956816
-93.13440151332885 44.45534991982131
-93.13438000143795 44.45534733790347
-93.13435826140719 44.45534738850105
-93.1343345100606 44.45535207868747
-93.13431253089047 44.45535867292417
-93.13429099608673 44.45536961315305
-93.13427447865222 44.45538591434792
-93.13426527624128 44.45540324925972
-93.13425920776952 44.45542103255691
-93.13426105717639 44.45543840448201
-93.13426514110759 44.45545335366697
-93.13427311282922 44.45546573921197
-93.1342804593383 44.45547648478806
-93.13429262790763 44.45549140849684
-93.13430975745526 44.45550079057583
-93.13433188214559 44.45550970102808
-93.13436363216431 44.45552040508927
-93.13439036615097 44.45552963997118
-93.13442431211757 44.45554257035177
-93.13445615565152 44.45555519163599
-93.13449507838598 44.45556570254075
-93.13451913052694 44.45557295599617
-93.13455382353614 44.45558092943096
-93.13457763382294 44.45558504967106
-93.13459998382703 44.45558278446852
-93.13462340101871 44.45557293729325
