8
7 1
489289.611442 4922483.240649
489288.823577 4922481.505095
489288.386043 4922479.998918
489288.663953 4922478.392190
489289.040967 4922476.418928
489290.169405 4922474.294141
489291.369580 4922472.932361
6 1
489297.907013 4922483.229080
489295.148358 4922484.119282
489293.254809 4922484.580061
489291.476270 4922484.331375
489289.611442 4922483.240649
489299.819232 4922482.420244
19 1
489305.510095 4922459.163256
489307.223719 4922458.439579
489308.934701 4922458.149977
489310.664314 4922458.152756
489312.554790 4922458.670624
489314.304621 4922459.400219
489316.019891 4922460.612611
489317.336964 4922462.421136
489318.072253 4922464.345440
489318.558293 4922466.319957
489318.414324 4922468.249815
489318.092138 4922469.910854
489317.460180 4922471.287640
489316.877663 4922472.482183
489315.912274 4922474.141448
489314.551188 4922475.185815
489312.792611 4922476.178449
489310.268588 4922477.371569
489304.043893 4922460.489313
4 1
489289.611442 4922483.240649
489291.369580 4922472.932361
489292.737421 4922471.321416
489294.555262 4922469.793638
6 1
489289.611442 4922483.240649
489294.555262 4922469.793638
489296.206077 4922467.865985
489298.108248 4922465.889857
489308.143365 4922478.400843
489305.445044 4922479.841544
6 1
489300.043986 4922463.870660
489302.094382 4922461.996599
489304.043893 4922460.489313
489310.268588 4922477.371569
489308.143365 4922478.400843
489298.108248 4922465.889857
4 1
489289.611442 4922483.240649
489305.445044 4922479.841544
489302.913935 4922481.247638
489299.819232 4922482.420244
3 1
489289.611442 4922483.240649
489289.611442 4922483.240649
489299.819232 4922482.420244
