4
12 1
489262.488716 4922500.636567
489278.819311 4922491.339986
489279.049912 4922492.780933
489278.360009 4922494.702961
489277.096192 4922497.034728
489275.653991 4922498.440568
489274.146305 4922499.500163
489272.345371 4922500.554976
489270.161843 4922501.444614
489267.956627 4922501.928000
489266.115035 4922501.871309
489264.432903 4922501.726228
13 1
489262.488716 4922500.636567
489261.058136 4922498.659139
489260.717079 4922496.954591
489260.794744 4922495.052791
489261.450040 4922493.451200
489262.465644 4922491.893509
489263.669672 4922490.231615
489265.697901 4922488.226188
489267.455200 4922487.223309
489269.074726 4922486.425302
489270.420207 4922486.038087
489271.883026 4922485.925179
489273.051231 4922486.109608
8 1
489262.488716 4922500.636567
489273.051231 4922486.109608
489274.564097 4922486.225871
489275.965370 4922486.961108
489276.954117 4922487.718976
489278.150472 4922488.912696
489278.634364 4922490.127251
489278.819311 4922491.339986
3 1
489262.488716 4922500.636567
489262.488716 4922500.636567
489264.432903 4922501.726228
