41 4
86.724424691870808601 449.0290678208693862
88.127037644851952791 449.37969156168401241
88.826417691074311733 450.15220061177387834
89.20693352771922946 451.55394935654476285
89.342091071419417858 452.85073249833658338
89.79510921286419034 453.79838032089173794
90.670032842084765434 454.50204473501071334
92.033758873119950294 454.9948721332475543
93.28996960399672389 455.20651271473616362
94.368500689510256052 455.69658283237367868
95.131379681639373302 456.53450495842844248
95.749813379254192114 457.71917190030217171
95.845724582672119141 459.00666389521211386
95.422347532585263252 460.29517928650602698
94.72400237899273634 461.16845751786604524
93.714994046837091446 461.4880704004317522
92.218352604191750288 461.11383007280528545
91.067852126434445381 460.20965960901230574
90.371463627088814974 459.0929532814770937
89.883831365965306759 458.11258630361407995
89.463848106097429991 457.72692316025495529
89.007466846145689487 457.69145449344068766
88.373721433337777853 458.32109059719368815
87.248196650762110949 459.61367064621299505
86.651411325205117464 460.13680512551218271
85.774984303396195173 460.79844017000868917
84.865061497781425714 461.11047825403511524
83.7816974394954741 460.89871193468570709
82.978757600765675306 460.23395283985882998
82.627733543049544096 459.18696673167869449
82.803443205077201128 458.13852700870484114
83.574821251444518566 457.01964108273386955
84.312086977064609528 455.93436188902705908
84.840803676284849644 454.81274711061269045
84.81053203297778964 453.8664089348167181
84.467286260798573494 452.46525591844692826
84.227855066768825054 451.34510124241933227
84.582719035912305117 450.2944168746471405
85.285699933301657438 449.62786707514896989
86.023074642289429903 449.1709609623067081
86.724424691870808601 449.0290678208693862
