48 4
4.2844423246569931507 217.78400038462132215
6.3712302003987133503 218.49956220202147961
7.8492922401055693626 220.25563232228159904
8.2829573061317205429 221.90353227965533733
8.497838237788528204 223.22210448980331421
8.5491453954018652439 224.15620584273710847
9.1513759288936853409 224.92525977687910199
10.963305573910474777 226.13411447498947382
12.223528660368174314 227.78340512234717607
13.485659457743167877 229.10349000291898847
13.92155400337651372 230.313335329759866
13.969340470153838396 232.01743219094350934
14.290203019045293331 233.49971567234024405
15.162249920424073935 234.59655723674222827
16.585658994503319263 235.96981916762888432
17.180176368914544582 237.44914518296718597
16.949363431427627802 238.65047483425587416
16.108311060816049576 239.84188235318288207
15.4359968570061028 240.86811711266636848
15.046663628425449133 241.29926466662436724
14.261006065644323826 243.02509781625121832
12.541215318720787764 245.15924924425780773
10.678042248357087374 245.99802075745537877
8.9870444387197494507 246.46333223627880216
6.8704730230383574963 245.84517777478322387
5.4105018810369074345 244.5408811210654676
4.2781202467158436775 242.2192658307030797
4.3918691985309123993 239.04799144808202982
5.26713149668648839 236.84012394025921822
6.6370686846785247326 235.38352356338873506
7.6850129491649568081 233.70030068699270487
7.965354052372276783 232.38924339646473527
7.5289018368348479271 231.67616244917735457
6.7626557997427880764 231.07172787468880415
5.6657783733680844307 231.23290781211107969
4.5705408426001667976 231.72134351544082165
3.1517726811580359936 231.88030138518661261
1.4115090924315154552 231.33001167513430119
0.27171109803020954132 229.58412520540878177
0 228.05639639683067799
0.98089253390207886696 226.25191982928663492
1.8032489996403455734 224.5537522891536355
1.8620474822819232941 222.96465787431225181
1.1565007865428924561 220.93768601398915052
1.4805272975936532021 219.55189949786290526
2.3050165493041276932 218.55843462329357862
3.239518169779330492 218.06053664907813072
4.2844423246569931507 217.78400038462132215
