12
7 4
489536.665684 4922132.535728
489532.899089 4922141.188741
489531.924633 4922140.120707
489531.769390 4922139.090269
489532.227880 4922137.712053
489532.832693 4922136.557014
489535.789424 4922132.709638
13 4
489531.776614 4922133.281788
489530.847229 4922132.410525
489530.219889 4922131.405615
489530.047937 4922130.285557
489530.188139 4922128.956558
489530.820506 4922127.830970
489531.886025 4922126.991810
489532.950886 4922126.650675
489533.968242 4922126.942628
489535.007962 4922128.082354
489535.466166 4922129.472039
489535.428501 4922130.787550
489535.292359 4922131.873999
4 4
489532.640006 4922134.446769
489531.776614 4922133.281788
489535.292359 4922131.873999
489535.428864 4922132.427613
4 4
489532.640006 4922134.446769
489535.428864 4922132.427613
489535.789424 4922132.709638
489532.979569 4922135.516971
3 4
489532.832693 4922136.557014
489532.979569 4922135.516971
489535.789424 4922132.709638
8 4
489532.899089 4922141.188741
489536.665684 4922132.535728
489538.318366 4922132.081623
489539.104917 4922131.975986
489540.201041 4922131.909675
489541.131665 4922132.153123
489541.916994 4922132.928869
489537.667851 4922137.412780
5 4
489541.916994 4922132.928869
489542.218114 4922133.926838
489541.931318 4922134.993208
489541.204929 4922135.769391
489539.943355 4922136.274723
3 4
489541.916994 4922132.928869
489539.943355 4922136.274723
489538.728790 4922136.770931
7 4
489536.680329 4922139.574962
489536.260094 4922140.640549
489535.383221 4922141.319490
489534.428865 4922141.485848
489533.561837 4922141.458538
489532.899089 4922141.188741
489537.169537 4922138.217861
3 4
489537.667851 4922137.412780
489537.169537 4922138.217861
489532.899089 4922141.188741
3 4
489541.916994 4922132.928869
489538.728790 4922136.770931
489537.667851 4922137.412780
3 4
489532.899089 4922141.188741
489532.899089 4922141.188741
489537.667851 4922137.412780
