38 4
40.463777048047631979 402.07580309500917792
42.844043460208922625 402.72646134439855814
44.030150936916470528 403.97048168443143368
44.619612285867333412 405.43009658297523856
45.695776666980236769 406.88983796816319227
47.263811174780130386 407.70264945179224014
49.373022390995174646 407.86586553510278463
51.306265333201736212 407.9689748166128993
53.07479694252833724 409.09906308399513364
53.877521140035241842 410.50158689729869366
53.873304581269621849 412.28393101552501321
54.137783699668943882 413.57892493437975645
55.094515640288591385 414.65096932090818882
55.87217562273144722 416.03442302066832781
56.227363955695182085 417.20622763456776738
55.943496981170028448 418.65192365366965532
54.989953241311013699 420.0195572073571384
53.889273077249526978 420.85574071202427149
52.263283892069011927 421.10774448467418551
50.008485591970384121 420.56742021907120943
48.576717439573258162 419.45828717155382037
48.560570033732801676 417.02245587017387152
48.642932664137333632 414.8920836690813303
47.635720114689320326 413.0701560084708035
46.552821202669292688 412.849184509832412
45.349145715590566397 413.74772835057228804
43.981706982012838125 415.06818039622157812
42.189036232884973288 416.22162191290408373
40.357120162807404995 416.36540754372254014
38.378684696275740862 414.86508585279807448
37.804246196523308754 412.31322255078703165
38.896457922179251909 410.07932555116713047
39.720830196514725685 408.1576077681966126
38.919523590244352818 406.81390355154871941
38.230449329596012831 404.71622654469683766
38.672785194125026464 403.04594170860946178
39.650299811735749245 402.34505949355661869
40.463777048047631979 402.07580309500917792
