10
12 4
489517.549911 4922136.143381
489517.425085 4922134.656992
489517.665621 4922133.619730
489518.309044 4922132.477379
489519.307959 4922131.730784
489520.549598 4922131.426461
489521.854351 4922131.527405
489522.963985 4922132.238718
489523.859420 4922133.720310
489523.740917 4922135.468589
489523.164243 4922137.212509
489518.284223 4922137.663476
4 4
489518.981483 4922139.627076
489518.284223 4922137.663476
489523.164243 4922137.212509
489523.215410 4922138.960380
4 4
489519.678120 4922141.720714
489518.981483 4922139.627076
489523.215410 4922138.960380
489523.847531 4922140.594554
5 4
489520.075058 4922142.946807
489519.678120 4922141.720714
489523.847531 4922140.594554
489524.831186 4922142.085344
489525.464566 4922143.596383
7 4
489519.967941 4922143.795777
489520.075058 4922142.946807
489525.464566 4922143.596383
489525.551659 4922145.164878
489524.926375 4922146.972558
489523.544018 4922147.986480
489521.895703 4922148.574949
4 4
489519.253053 4922144.620030
489519.967941 4922143.795777
489521.895703 4922148.574949
489519.912509 4922148.900380
4 4
489518.526401 4922144.765901
489519.253053 4922144.620030
489519.912509 4922148.900380
489518.413527 4922149.762641
6 4
489517.450272 4922144.552673
489518.526401 4922144.765901
489518.413527 4922149.762641
489517.165748 4922150.105347
489515.833364 4922150.128821
489514.650521 4922149.747059
12 4
489512.037812 4922146.865430
489511.479610 4922145.391996
489511.574324 4922143.821280
489512.001259 4922142.687782
489512.699294 4922142.076019
489513.484505 4922141.896008
489514.425010 4922142.236398
489515.611400 4922142.905391
489516.781949 4922143.854388
489517.450272 4922144.552673
489514.650521 4922149.747059
489513.060843 4922148.280986
3 4
489514.650521 4922149.747059
489514.650521 4922149.747059
489513.060843 4922148.280986
