48
-93.13230809471759 44.45464107152784
-93.132324933364 44.45462529229079
-93.13232815233172 44.45460475714803
-93.13232120159472 44.45459024665472
-93.13231425808276 44.4545792956519
-93.13230828362941 44.45457204160372
-93.13230922191914 44.45456327346647
-93.13231974724654 44.45454517095319
-93.13232143206268 44.45452652334534
-93.13232543153617 44.45451033248249
-93.13232155755729 44.45449909257687
-93.13231017909204 44.45448608762705
-93.13230320295315 44.45447338104142
-93.13230467851849 44.45446081016608
-93.13230999418522 44.45444341572166
-93.13230590090605 44.45442936503598
-93.13229511299677 44.45442151754569
-93.13227801157058 44.45441679108235
-93.13226382635308 44.45441245957535
-93.13225674892274 44.45441117339286
-93.13223650173127 44.45440216666614
-93.13220363801726 44.45439476475494
-93.13217830394065 44.45439778313427
-93.13215737386003 44.45440273971144
-93.13213954474909 44.4544179378864
-93.13213336590438 44.45443499820384
-93.13213770453626 44.45445804432496
-93.13216099932731 44.45448123429374
-93.13218554371596 44.45449340487239
-93.13221002543989 44.45449747754456
-93.13223271899125 44.45450485556002
-93.13224478978636 44.45451327781413
-93.13224519526244 44.45452079895674
-93.13224139400548 44.45452915270153
-93.13222879790979 44.45453342150011
-93.13221393785527 44.45453523044673
-93.1321979904818 44.45454112296581
-93.13218362422531 44.45455393397258
-93.13218387224505 44.45457270399802
-93.13219167923492 44.45458550565392
-93.13221451669062 44.45459412681837
-93.13223495495043 44.45460274306584
-93.13224664661389 44.45461435433479
-93.13225339592641 44.45463306208147
-93.13226644456712 44.4546418260683
-93.13228199307159 44.45464515232393
-93.13229523791559 44.45464421674982
-93.13230809471759 44.45464107152784
