41
-93.13155851016273 44.45249708678922
-93.13157073624703 44.4524874574201
-93.13157266662087 44.45247817837642
-93.1315668761309 44.45246577725418
-93.13155925105573 44.45245538746014
-93.13155738399504 44.45244602631892
-93.13156163023547 44.45243638662193
-93.13157245841644 44.45242588606139
-93.13158412198565 44.45241802882212
-93.1315919865217 44.45240897276926
-93.13159412509087 44.45239888665266
-93.13159233606578 44.45238692400675
-93.13158436527885 44.45237679975978
-93.1315709561248 44.45236926042302
-93.13155756531594 44.45236620467995
-93.13154478436884 44.45236884779245
-93.13153173946965 44.45237912352811
-93.13152600850938 44.45239164117326
-93.1315265085003 44.45240348387833
-93.13152824158014 44.45241326295274
-93.13152653707087 44.45241824898674
-93.13152201099169 44.45242079321344
-93.13151099402712 44.45241924022306
-93.13149021276699 44.45241517593627
-93.13148032469432 44.45241423628839
-93.13146654648575 44.45241365516988
-93.13145485465859 44.45241586033043
-93.1314449997561 44.45242285555321
-93.13144123520499 44.45243184439908
-93.13144486140013 44.45244144053775
-93.13145400685032 44.45244841782253
-93.13146987342914 44.45245294895928
-93.13148514898731 44.45245739863217
-93.13149849659021 44.45246316170777
-93.13150477603043 44.45247040245415
-93.13151095216406 44.45248261304376
-93.13151625551782 44.45249220019828
-93.13152729040991 44.45249829985549
-93.13153928881736 44.45249978372578
-93.13155018571598 44.45249952530985
-93.13155851016273 44.45249708678922
