48
-93.13170889612921 44.45229494311096
-93.13172351390226 44.45228562164925
-93.1317268010946 44.45227697581052
-93.13172556747868 44.45226792764427
-93.13172659569229 44.45225964669739
-93.13172941056708 44.45225273464236
-93.13173993007248 44.45224693328166
-93.13174959252714 44.45224080754053
-93.13175921002899 44.45223138821839
-93.13175891833173 44.45222231299773
-93.13175367884789 44.45221339759992
-93.13174726217316 44.45220540586814
-93.13174051113236 44.4522019859611
-93.13172983767322 44.45219710043851
-93.13172020820076 44.452192813686
-93.13171210701964 44.45218853266968
-93.1317080125169 44.45217755884463
-93.13170677112396 44.45216746921289
-93.13170456501108 44.45215862894547
-93.13169867671489 44.45214971259506
-93.13168663293466 44.45214406128885
-93.13167294042459 44.45214209440193
-93.13166520009462 44.45214207218628
-93.1316528103264 44.45214749354958
-93.13164074809121 44.45215713816105
-93.1316388241676 44.45216936793967
-93.13164408978574 44.4521793582694
-93.13165380388082 44.45219022178817
-93.13166532356534 44.45219583638131
-93.13167445440818 44.45220337157321
-93.13167806669868 44.45220944138005
-93.13167676819225 44.45221524403437
-93.13167199236543 44.45222121641631
-93.1316591564856 44.45222581864963
-93.13164254424593 44.4522281146123
-93.13163095747927 44.4522302499906
-93.13162334046109 44.45223273623952
-93.1316158523852 44.45223927533188
-93.13161271928625 44.45224599186961
-93.13161394642609 44.45225847705842
-93.13161855773656 44.45226898017135
-93.13163005854248 44.45227843450053
-93.13164361233608 44.45228614706176
-93.13165715045685 44.45229272066075
-93.13167234398732 44.45229772401287
-93.13168425110878 44.45229981078631
-93.13169779097599 44.45229809588491
-93.13170889612921 44.45229494311096
