9
12 4
489540.229348 4922187.325192
489540.346881 4922185.742509
489540.699261 4922184.569856
489541.735518 4922183.522580
489543.286454 4922182.910809
489544.665953 4922182.823155
489546.159874 4922183.512754
489547.739285 4922185.210260
489548.318407 4922186.926288
489546.984312 4922188.964357
489545.737139 4922190.693470
489540.433266 4922188.747525
4 4
489539.937172 4922189.972617
489540.433266 4922188.747525
489545.737139 4922190.693470
489545.568260 4922192.768410
6 4
489539.688495 4922194.987265
489538.840430 4922193.067476
489538.947634 4922191.455041
489539.937172 4922189.972617
489545.568260 4922192.768410
489541.241914 4922196.142664
4 4
489542.908669 4922197.445484
489541.241914 4922196.142664
489545.568260 4922192.768410
489546.348108 4922193.551567
4 4
489543.765237 4922198.990051
489542.908669 4922197.445484
489546.348108 4922193.551567
489547.847904 4922193.468943
9 4
489543.854164 4922200.801423
489543.765237 4922198.990051
489547.847904 4922193.468943
489549.717529 4922193.125451
489551.848994 4922193.156331
489553.454591 4922194.050002
489554.272694 4922196.394331
489553.339484 4922198.837916
489551.193799 4922200.094601
3 4
489543.854164 4922200.801423
489551.193799 4922200.094601
489549.443937 4922201.239404
9 4
489545.460468 4922205.894755
489543.837577 4922204.035926
489543.537721 4922202.343435
489543.854164 4922200.801423
489549.443937 4922201.239404
489549.368092 4922202.802056
489548.781642 4922204.930705
489547.489128 4922206.077405
489546.287082 4922206.120486
3 4
489545.460468 4922205.894755
489545.460468 4922205.894755
489546.287082 4922206.120486
