37
-93.13138523267251 44.45318770922216
-93.13139235835385 44.45317087907505
-93.1313906079605 44.45315243474807
-93.13138188367853 44.45313790215104
-93.13136088213453 44.45311813935139
-93.1313406549482 44.4531009470159
-93.13132029957477 44.45308623124586
-93.13130080102873 44.45307761630923
-93.13128642487247 44.45307529103832
-93.1312745123536 44.45307990194833
-93.13126149144483 44.45309197661584
-93.13125330308591 44.45310228358773
-93.1312367553368 44.45310619651988
-93.13122444062664 44.45310688562551
-93.13121304827297 44.45310943943512
-93.13121968138616 44.45312010656234
-93.13124111714174 44.4531266266825
-93.13125976615187 44.45313102328007
-93.13128606106312 44.45313060581532
-93.13131062549616 44.45313516016824
-93.13131591771122 44.45314255002876
-93.13131896907174 44.45315451204134
-93.13131033809066 44.45316271706776
-93.13128758232102 44.45316367221282
-93.13126399928444 44.45315746049906
-93.13124489739702 44.45315438065989
-93.13122225915893 44.45315881743499
-93.13120462701724 44.4531730564655
-93.13120513379965 44.45319492189198
-93.13121739595415 44.45321007713074
-93.13123676982859 44.45321951344955
-93.13126144749289 44.45322057350675
-93.13128707810517 44.45321298012315
-93.13132381995464 44.45320591023746
-93.13135321022162 44.4532023853929
-93.13137487972799 44.45319672685235
-93.13138523267251 44.45318770922216
