9
12 4
55.094516 414.650969
55.872176 416.034423
56.227364 417.206228
55.943497 418.651924
54.989953 420.019557
53.889273 420.855741
52.263284 421.107744
50.008486 420.567420
48.576717 419.458287
48.560570 417.022456
48.642933 414.892084
54.137784 413.578925
4 4
53.873305 412.283931
54.137784 413.578925
48.642933 414.892084
47.635720 413.070156
6 4
51.306265 407.968975
53.074797 409.099063
53.877521 410.501587
53.873305 412.283931
47.635720 413.070156
49.373022 407.865866
4 4
47.263811 407.702649
49.373022 407.865866
47.635720 413.070156
46.552821 412.849185
4 4
45.695777 406.889838
47.263811 407.702649
46.552821 412.849185
45.349146 413.747728
9 4
44.619612 405.430097
45.695777 406.889838
45.349146 413.747728
43.981707 415.068180
42.189036 416.221622
40.357120 416.365408
38.378685 414.865086
37.804246 412.313223
38.896458 410.079326
3 4
44.619612 405.430097
38.896458 410.079326
39.720830 408.157608
9 4
40.463777 402.075803
42.844043 402.726461
44.030151 403.970482
44.619612 405.430097
39.720830 408.157608
38.919524 406.813904
38.230449 404.716227
38.672785 403.045942
39.650300 402.345059
3 4
40.463777 402.075803
40.463777 402.075803
39.650300 402.345059
