9
5 4
489559.587081 4922208.880462
489560.493929 4922209.162677
489559.968089 4922210.348393
489558.263790 4922211.075361
489558.607182 4922208.805491
5 4
489557.289920 4922208.372967
489558.607182 4922208.805491
489558.263790 4922211.075361
489556.780831 4922211.566101
489554.688695 4922211.523087
10 4
489550.339836 4922208.235659
489551.956717 4922206.598481
489553.506515 4922205.639072
489554.649890 4922205.378954
489555.598490 4922205.889597
489556.636605 4922207.229149
489557.289920 4922208.372967
489554.688695 4922211.523087
489552.735124 4922212.032106
489548.733597 4922210.147909
4 4
489548.733597 4922210.147909
489552.735124 4922212.032106
489552.315386 4922212.853623
489547.066208 4922212.345778
6 4
489546.238711 4922216.010083
489546.374684 4922213.961125
489547.066208 4922212.345778
489552.315386 4922212.853623
489552.074748 4922214.182713
489546.808642 4922217.878609
6 4
489546.808642 4922217.878609
489552.074748 4922214.182713
489552.762904 4922215.092997
489551.697969 4922219.892472
489549.359010 4922219.504698
489547.633945 4922218.878934
10 4
489556.448748 4922214.503199
489557.967973 4922214.158663
489559.769894 4922214.648596
489561.175269 4922216.227969
489561.138844 4922218.656772
489560.165950 4922220.341730
489558.626219 4922221.392357
489556.663020 4922221.513255
489554.622460 4922220.673079
489554.573555 4922215.196186
4 4
489554.573555 4922215.196186
489554.622460 4922220.673079
489551.697969 4922219.892472
489552.762904 4922215.092997
3 4
489546.808642 4922217.878609
489546.808642 4922217.878609
489547.633945 4922218.878934
