9
10 4
489519.258153 4922114.068805
489518.420156 4922113.425757
489517.650290 4922112.746569
489516.883410 4922111.701534
489516.904995 4922110.693452
489517.320268 4922109.702488
489517.829366 4922108.813972
489518.365886 4922108.433235
489519.214222 4922107.889200
489519.979602 4922107.411809
5 4
489519.258153 4922114.068805
489519.979602 4922107.411809
489520.623389 4922106.935250
489523.621787 4922108.578683
489523.335468 4922109.253359
13 4
489520.947197 4922105.715790
489521.044161 4922104.594909
489521.218105 4922103.612679
489521.685000 4922102.621527
489522.642226 4922101.992256
489523.731289 4922101.772028
489524.347128 4922101.768569
489525.333861 4922102.369169
489526.295290 4922103.438916
489526.450549 4922104.797112
489526.033387 4922105.907479
489525.262449 4922107.115405
489524.346915 4922107.740530
4 4
489520.623389 4922106.935250
489520.947197 4922105.715790
489524.346915 4922107.740530
489523.621787 4922108.578683
3 4
489519.258153 4922114.068805
489523.335468 4922109.253359
489523.439818 4922109.897733
4 4
489519.258153 4922114.068805
489523.439818 4922109.897733
489523.820864 4922110.560513
489519.483348 4922114.836213
4 4
489519.483348 4922114.836213
489523.820864 4922110.560513
489524.842944 4922111.070070
489519.566637 4922115.755901
18 4
489520.897884 4922118.754552
489519.733189 4922117.721028
489519.470105 4922116.761098
489519.566637 4922115.755901
489524.842944 4922111.070070
489526.165069 4922111.322971
489527.087325 4922111.558678
489527.693799 4922111.833868
489528.290739 4922112.559249
489528.541217 4922113.304899
489528.445814 4922114.691869
489528.080802 4922115.859109
489527.167458 4922116.910736
489526.090461 4922117.769157
489525.014507 4922118.501063
489523.806565 4922119.058764
489522.859576 4922119.292081
489521.782003 4922119.103329
3 4
489520.897884 4922118.754552
489520.897884 4922118.754552
489521.782003 4922119.103329
