37 4
32.711010369006544352 392.83865409251302481
34.219486967660486698 394.07990718306973577
35.239737392868846655 395.86198619147762656
35.557312514632940292 397.59019257174804807
35.384218857157975435 400.34352702647447586
35.104055910836905241 402.82510236604139209
34.662853148765861988 405.08341919630765915
33.902577366679906845 406.74001805810257792
33.09400745527818799 407.58924247743561864
32.021291695069521666 407.68864104431122541
30.415439416654407978 407.14705084543675184
29.23842272674664855 406.55563440825790167
27.901816686149686575 406.92405996564775705
27.044048987329006195 407.40370418969541788
26.132485551759600639 407.67029390623793006
25.914569750428199768 406.39164584083482623
26.932139717042446136 404.84320504451170564
27.89601215161383152 403.61400069948285818
29.662633282132446766 402.49242434091866016
31.008429534733295441 400.98764201486483216
30.903608927968889475 400.07108152098953724
30.368791921529918909 398.83077611587941647
29.291946737561374903 398.45317667769268155
27.726522431243211031 399.36890272330492735
26.547792104538530111 400.98357740277424455
25.472826860379427671 402.11105191335082054
23.700721324887126684 402.69977611489593983
21.656254342757165432 402.16157984454184771
20.342939210124313831 400.11814788356423378
20.221245295368134975 398.17629408743232489
20.922670141328126192 396.4492763364687562
22.49120353814214468 395.26248628599569201
24.655864122323691845 394.83350770827382803
27.523918276652693748 393.86589909438043833
29.686879058834165335 392.89497392205521464
31.470104493666440248 392.46191974310204387
32.711010369006544352 392.83865409251302481
