43
-93.13178804475614 44.45257387094798
-93.13180799532164 44.45256064917645
-93.13182082487782 44.45254789041332
-93.13182781092797 44.45253461732686
-93.13182658868645 44.45252047791192
-93.13182119969196 44.45251027947898
-93.13181241389788 44.45250478204096
-93.13180254114432 44.45250317283899
-93.13179072707558 44.45250625092449
-93.13177582920986 44.45251229092202
-93.13176113609016 44.45252085149837
-93.13175275025905 44.452527147688
-93.13173922898834 44.45252908292449
-93.13173009294229 44.45252778021992
-93.13172109102518 44.45252037002114
-93.13171972751927 44.45251272848887
-93.13172469171197 44.45250168450647
-93.1317334051805 44.45248282586846
-93.13174212911305 44.45246513792289
-93.13175132771346 44.45245144220652
-93.13175286653211 44.45243805878406
-93.13174982230635 44.45242872403263
-93.13174171218124 44.4524184490409
-93.13172914200214 44.45241174209934
-93.13171353003864 44.45240902034425
-93.13169713301924 44.45240994803025
-93.13168320073497 44.4524163678947
-93.1316719762408 44.45242971930861
-93.13167350103723 44.45244545694442
-93.13168078436559 44.45246114869207
-93.13168017662692 44.45247688512085
-93.13167226473267 44.45249160636975
-93.13165993158634 44.45250504186389
-93.13165200136181 44.4525186545745
-93.13165093844411 44.45253277663638
-93.13165883403657 44.45254904170356
-93.13167622903114 44.45255814978295
-93.1316969581833 44.4525634237484
-93.13172189102988 44.45256632478436
-93.13174074879471 44.45257406579571
-93.13175643875373 44.45257713301007
-93.13177318563253 44.45257732502171
-93.13178804475614 44.45257387094798
