43 4
97.191522496752440929 431.8042339701205492
99.326839939225465059 432.14608678361400962
100.96217407751828432 432.75933607527986169
102.24230722524225712 433.67795271053910255
103.03235608525574207 435.03881282033398747
103.30377563461661339 436.21924673253670335
103.06072653038427234 437.11503305565565825
102.50620217714458704 437.69938144693151116
101.53441748861223459 437.93612995091825724
100.17601276701316237 438.03516676602885127
98.675899525173008442 437.89218756835907698
97.732858703471720219 437.68021902069449425
96.718442763667553663 438.09792769094929099
96.193813822697848082 438.62144022062420845
96.054278386756777763 439.7035621078684926
96.434712064918130636 440.47004431672394276
97.44367261091247201 441.27183048939332366
99.182235351298004389 442.63051432278007269
100.84937814017757773 443.88052680948749185
102.30203183135017753 444.74058631248772144
103.22831401275470853 445.90974554279819131
103.6017716322094202 446.90689209429547191
103.69774613482877612 448.21446518739685416
103.27864424791187048 449.38902373472228646
102.41267104959115386 450.32943379413336515
101.26992054749280214 450.96715711383149028
99.952043615747243166 450.98847814882174134
98.386469391640275717 450.24962886841967702
97.518006538506597281 448.72769117308780551
97.033628258854150772 446.95591679820790887
96.024049762636423111 445.52818259876221418
94.593415301293134689 444.51655758824199438
92.94926185579970479 443.81885170331224799
91.58569863997399807 442.91049932315945625
90.645427093375474215 441.65206725150346756
90.166269328910857439 439.80028584646061063
90.756902046035975218 438.19090667366981506
91.804456084500998259 436.78881244268268347
93.276494325138628483 435.42057704413309693
94.048181121703237295 433.87301797419786453
94.898035129997879267 432.89723677700385451
95.994973422959446907 432.14058241248130798
97.191522496752440929 431.8042339701205492
