13
7 4
4.570541 231.721344
3.151773 231.880301
1.411509 231.330012
0.271711 229.584125
0.000000 228.056396
0.980893 226.251920
5.665778 231.232908
4 4
5.665778 231.232908
0.980893 226.251920
1.803249 224.553752
6.762656 231.071728
12 4
7.849292 220.255632
8.282957 221.903532
8.497838 223.222104
8.549145 224.156206
7.528902 231.676162
6.762656 231.071728
1.803249 224.553752
1.862047 222.964658
2.305017 218.558435
3.239518 218.060537
4.284442 217.784000
6.371230 218.499562
5 4
16.585659 235.969819
17.180176 237.449145
16.949363 238.650475
16.108311 239.841882
15.162250 234.596557
7 4
14.290203 233.499716
15.162250 234.596557
16.108311 239.841882
15.435997 240.868117
15.046664 241.299265
5.267131 236.840124
6.637069 235.383524
4 4
1.862047 222.964658
1.156501 220.937686
1.480527 219.551899
2.305017 218.558435
10 4
14.261006 243.025098
12.541215 245.159249
10.678042 245.998021
8.987044 246.463332
6.870473 245.845178
5.410502 244.540881
4.278120 242.219266
4.391869 239.047991
5.267131 236.840124
15.046664 241.299265
3 4
14.290203 233.499716
6.637069 235.383524
7.685013 233.700301
4 4
14.290203 233.499716
7.685013 233.700301
7.965354 232.389243
13.969340 232.017432
6 4
12.223529 227.783405
13.485659 229.103490
13.921554 230.313335
13.969340 232.017432
7.965354 232.389243
7.528902 231.676162
4 4
10.963306 226.134114
12.223529 227.783405
7.528902 231.676162
9.151376 224.925260
3 4
8.549145 224.156206
9.151376 224.925260
7.528902 231.676162
3 4
4.284442 217.784000
4.284442 217.784000
6.371230 218.499562
