13
7 4
489481.117597 4922367.662988
489482.387421 4922368.315459
489483.532693 4922369.736617
489483.516329 4922371.821561
489482.897506 4922373.244529
489481.082118 4922374.205076
489479.935013 4922367.463967
4 4
489479.935013 4922367.463967
489481.082118 4922374.205076
489479.457607 4922375.164768
489478.932106 4922366.991423
12 4
489472.043235 4922375.400475
489472.593625 4922373.787803
489473.144080 4922372.570508
489473.618101 4922371.763984
489478.628180 4922366.064006
489478.932106 4922366.991423
489479.457607 4922375.164768
489478.529510 4922376.456013
489475.722896 4922379.881498
489474.668976 4922379.779281
489473.645531 4922379.431574
489472.303024 4922377.681036
5 4
489473.458904 4922357.476869
489473.782040 4922355.915639
489474.638913 4922355.042577
489475.998649 4922354.515378
489473.884941 4922359.408302
7 4
489474.004595 4922360.804443
489473.884941 4922359.408302
489475.998649 4922354.515378
489477.126443 4922354.032424
489477.689290 4922353.888648
489483.369116 4922363.013492
489481.422090 4922363.469018
4 4
489478.529510 4922376.456013
489477.995897 4922378.534875
489476.959329 4922379.510028
489475.722896 4922379.881498
10 4
489479.298534 4922352.885607
489481.911834 4922352.059202
489483.927949 4922352.391217
489485.594030 4922352.939087
489487.015236 4922354.624958
489487.509884 4922356.519167
489487.168839 4922359.079611
489485.319674 4922361.658470
489483.369116 4922363.013492
489477.689290 4922353.888648
3 4
489474.004595 4922360.804443
489481.422090 4922363.469018
489479.617925 4922364.291462
4 4
489474.004595 4922360.804443
489479.617925 4922364.291462
489478.659089 4922365.228530
489473.451858 4922362.216746
6 4
489472.563841 4922366.709659
489472.242735 4922364.911746
489472.548928 4922363.662757
489473.451858 4922362.216746
489478.659089 4922365.228530
489478.628180 4922366.064006
4 4
489472.701234 4922368.780757
489472.563841 4922366.709659
489478.628180 4922366.064006
489473.541876 4922370.790169
3 4
489473.618101 4922371.763984
489473.541876 4922370.790169
489478.628180 4922366.064006
3 4
489473.645531 4922379.431574
489473.645531 4922379.431574
489472.303024 4922377.681036
