38
-93.13140193578225 44.45307980186582
-93.13142229614505 44.45306304378703
-93.1314260308103 44.45304780234877
-93.13142202234881 44.45303392453846
-93.13142310349829 44.4530176158934
-93.13143383836741 44.4530036981245
-93.13145476123312 44.45299194503248
-93.13147426256988 44.45298152076493
-93.13148488298013 44.45296422507934
-93.13148350298331 44.45294971025045
-93.13147103570638 44.45293637864129
-93.13146477564652 44.4529253566016
-93.13146730992301 44.4529125487105
-93.13146580070362 44.45289830188181
-93.13146134803068 44.45288774986023
-93.1314483023576 44.45287833645984
-93.13142879657475 44.45287285126563
-93.13141145614854 44.45287208208195
-93.13139269325866 44.45287831198431
-93.13137287619615 44.45289361707164
-93.13136563195343 44.45290907445304
-93.13138244109452 44.45292740342907
-93.13139815148683 44.45294295219922
-93.13140031599099 44.45296162996612
-93.13139053001663 44.4529686918232
-93.13137167766232 44.45296796966125
-93.13134817173719 44.4529649043077
-93.13132138234059 44.45296521311809
-93.13130121988748 44.452973281834
-93.13129098457765 44.45299439911018
-93.1313027632322 44.45301638465455
-93.13132975736207 44.45302766729718
-93.13135177420271 44.4530379483993
-93.13135275901558 44.45305201549719
-93.13136017297363 44.45307117076032
-93.13137644153949 44.45308147554535
-93.13139155075221 44.4530818460158
-93.13140193578225 44.45307980186582
