10
12 4
102.302032 444.740586
103.228314 445.909746
103.601772 446.906892
103.697746 448.214465
103.278644 449.389024
102.412671 450.329434
101.269921 450.967157
99.952044 450.988478
98.386469 450.249629
97.518007 448.727691
97.033628 446.955917
100.849378 443.880527
4 4
99.182235 442.630514
100.849378 443.880527
97.033628 446.955917
96.024050 445.528183
4 4
97.443673 441.271830
99.182235 442.630514
96.024050 445.528183
94.593415 444.516558
5 4
96.434712 440.470044
97.443673 441.271830
94.593415 444.516558
92.949262 443.818852
91.585699 442.910499
7 4
96.054278 439.703562
96.434712 440.470044
91.585699 442.910499
90.645427 441.652067
90.166269 439.800286
90.756902 438.190907
91.804456 436.788812
4 4
96.193814 438.621440
96.054278 439.703562
91.804456 436.788812
93.276494 435.420577
4 4
96.718443 438.097928
96.193814 438.621440
93.276494 435.420577
94.048181 433.873018
6 4
97.732859 437.680219
96.718443 438.097928
94.048181 433.873018
94.898035 432.897237
95.994973 432.140582
97.191522 431.804234
12 4
100.962174 432.759336
102.242307 433.677953
103.032356 435.038813
103.303776 436.219247
103.060727 437.115033
102.506202 437.699381
101.534417 437.936130
100.176013 438.035167
98.675900 437.892188
97.732859 437.680219
97.191522 431.804234
99.326840 432.146087
3 4
97.191522 431.804234
97.191522 431.804234
99.326840 432.146087
