43 4
489514.65052077511791 4922149.7470587398857
489513.0608433514135 4922148.2809858852997
489512.03781166690169 4922146.8654299480841
489511.47961012501037 4922145.3919957159087
489511.574323799985 4922143.8212803509086
489512.00125935539836 4922142.6877818619832
489512.69929361180402 4922142.076018688269
489513.48450480302563 4922141.8960084514692
489514.42501027340768 4922142.2363976342604
489515.61139957251726 4922142.9053909890354
489516.78194946656004 4922143.8543882155791
489517.45027168642264 4922144.5526733053848
489518.52640104125021 4922144.7659005159512
489519.25305274903076 4922144.6200300594792
489519.96794065198628 4922143.7957769408822
489520.0750577566796 4922142.946806573309
489519.67812003538711 4922141.7207140419632
489518.98148335906444 4922139.6270761787891
489518.28422308899462 4922137.663476318121
489517.54991080134641 4922136.1433807425201
489517.4250847180374 4922134.6569923562929
489517.66562091105152 4922133.619729526341
489518.30904428596841 4922132.4773789411411
489519.30795883160317 4922131.7307840688154
489520.54959808161948 4922131.4264608332887
489521.85435094428249 4922131.5274049295112
489522.96398532151943 4922132.2387176193297
489523.85942023649113 4922133.7203104188666
489523.74091715773102 4922135.4685893142596
489523.16424345620908 4922137.2125085201114
489523.21540993155213 4922138.9603802757338
489523.84753056324553 4922140.5945539604872
489524.83118610043311 4922142.0853443006054
489525.46456628473243 4922143.596383092925
489525.55165862984722 4922145.1648781625554
489524.92637468210887 4922146.9725580345839
489523.54401793744182 4922147.9864802006632
489521.89570305525558 4922148.5749491844326
489519.9125087998691 4922148.9003800265491
489518.41352747677593 4922149.7626413451508
489517.16574812802719 4922150.1053474526852
489515.83336364105344 4922150.1288213822991
489514.65052077511791 4922149.7470587398857
