9
5 4
27.044049 407.403704
26.132486 407.670294
25.914570 406.391646
26.932140 404.843205
27.901817 406.924060
5 4
29.238423 406.555634
27.901817 406.924060
26.932140 404.843205
27.896012 403.614001
29.662633 402.492424
10 4
35.104056 402.825102
34.662853 405.083419
33.902577 406.740018
33.094007 407.589242
32.021292 407.688641
30.415439 407.147051
29.238423 406.555634
29.662633 402.492424
31.008430 400.987642
35.384219 400.343527
4 4
35.384219 400.343527
31.008430 400.987642
30.903609 400.071082
35.557313 397.590193
6 4
34.219487 394.079907
35.239737 395.861986
35.557313 397.590193
30.903609 400.071082
30.368792 398.830776
32.711010 392.838654
6 4
32.711010 392.838654
30.368792 398.830776
29.291947 398.453177
27.523918 393.865899
29.686879 392.894974
31.470104 392.461920
10 4
26.547792 400.983577
25.472827 402.111052
23.700721 402.699776
21.656254 402.161580
20.342939 400.118148
20.221245 398.176294
20.922670 396.449276
22.491204 395.262486
24.655864 394.833508
27.726522 399.368903
4 4
27.726522 399.368903
24.655864 394.833508
27.523918 393.865899
29.291947 398.453177
3 4
32.711010 392.838654
32.711010 392.838654
31.470104 392.461920
