9
10 4
113.091067 464.074538
114.144895 464.146625
115.161962 464.286509
116.378932 464.732809
116.918641 465.584519
117.120923 466.639764
117.188370 467.661573
116.952060 468.275553
116.546336 469.198069
116.172848 470.019176
5 4
113.091067 464.074538
116.172848 470.019176
115.900191 470.772321
112.493240 471.062051
112.358510 470.341625
13 4
116.305076 471.967312
116.844393 472.954689
117.242879 473.869151
117.402262 474.953112
116.952982 476.006872
116.167588 476.792820
115.656486 477.136395
114.502237 477.181952
113.109529 476.822695
112.228813 475.777160
111.962049 474.621403
111.936021 473.188659
112.352864 472.161417
4 4
115.900191 470.772321
116.305076 471.967312
112.352864 472.161417
112.493240 471.062051
3 4
113.091067 464.074538
112.358510 470.341625
111.915103 469.862567
4 4
113.091067 464.074538
111.915103 469.862567
111.231016 469.521248
112.478928 463.559842
4 4
112.478928 463.559842
111.231016 469.521248
110.097690 469.662202
111.900757 462.839785
18 4
109.132870 461.078271
110.674868 461.294903
111.425077 461.949016
111.900757 462.839785
110.097690 469.662202
108.856403 470.182951
107.957733 470.496807
107.300278 470.603077
106.401710 470.329046
105.780546 469.846462
105.092723 468.638287
104.751052 467.464003
104.930122 466.082680
105.352405 464.771770
105.843809 463.566828
106.541538 462.433987
107.201339 461.715734
108.203417 461.276837
3 4
109.132870 461.078271
109.132870 461.078271
108.203417 461.276837
