48 4
109.13287023548036814 461.07827074732631445
110.67486808029934764 461.29490293934941292
111.42507723579183221 461.94901616079732776
111.90075700683519244 462.83978540822863579
112.47892762208357453 463.55984212271869183
113.09106713160872459 464.07453801529482007
114.14489536546170712 464.14662456046789885
115.1619617105461657 464.28650905238464475
116.37893210630863905 464.73280872358009219
116.91864096699282527 465.5845188950188458
117.12092320201918483 466.63976407051086426
117.18836957216262817 467.66157345194369555
116.95205997629091144 468.27555340714752674
116.54633565898984671 469.19806909561157227
116.17284779250621796 470.0191762219183147
115.90019122930243611 470.77232142444700003
116.30507558211684227 471.96731205889955163
116.8443929199129343 472.95468930061906576
117.24287911970168352 473.86915106326341629
117.40226248232647777 474.95311175705865026
116.95298223150894046 476.00687223765999079
116.16758792195469141 476.79282035678625107
115.65648566652089357 477.13639483042061329
114.50223744008690119 477.18195230420678854
113.10952866962179542 476.82269486784934998
112.22881344426423311 475.77716002846136689
111.96204902417957783 474.62140321871265769
111.93602125067263842 473.18865913758054376
112.35286353947594762 472.16141699161380529
112.49323953920975327 471.06205119006335735
112.35850987350568175 470.3416247284039855
111.91510342760011554 469.86256706388667226
111.23101638676598668 469.52124825585633516
110.09769043046981096 469.66220230935141444
108.85640301834791899 470.18295059632509947
107.95773274125531316 470.49680688930675387
107.3002776000648737 470.60307741863653064
106.40171036822721362 470.32904623495414853
105.7805461916141212 469.84646231587976217
105.09272348042577505 468.6382872611284256
104.75105195213109255 467.46400259248912334
104.93012168863788247 466.08267982443794608
105.35240507498383522 464.77176993200555444
105.84380888706073165 463.56682809023186564
106.54153819708153605 462.43398695951327682
107.20133882807567716 461.7157343327999115
108.20341744646430016 461.27683749236166477
109.13287023548036814 461.07827074732631445
