12
7 4
88.373721 458.321091
86.724425 449.029068
88.127038 449.379692
88.826418 450.152201
89.206934 451.553949
89.342091 452.850732
89.007467 457.691454
13 4
92.033759 454.994872
93.289970 455.206513
94.368501 455.696583
95.131380 456.534505
95.749813 457.719172
95.845725 459.006664
95.422348 460.295179
94.724002 461.168458
93.714994 461.488070
92.218353 461.113830
91.067852 460.209660
90.371464 459.092953
89.883831 458.112586
4 4
90.670033 454.502045
92.033759 454.994872
89.883831 458.112586
89.463848 457.726923
4 4
90.670033 454.502045
89.463848 457.726923
89.007467 457.691454
89.795109 453.798380
3 4
89.342091 452.850732
89.795109 453.798380
89.007467 457.691454
8 4
86.724425 449.029068
88.373721 458.321091
87.248197 459.613671
86.651411 460.136805
85.774984 460.798440
84.865061 461.110478
83.781697 460.898712
84.840804 454.812747
5 4
83.781697 460.898712
82.978758 460.233953
82.627734 459.186967
82.803443 458.138527
83.574821 457.019641
3 4
83.781697 460.898712
83.574821 457.019641
84.312087 455.934362
7 4
84.467286 452.465256
84.227855 451.345101
84.582719 450.294417
85.285700 449.627867
86.023075 449.170961
86.724425 449.029068
84.810532 453.866409
3 4
84.840804 454.812747
84.810532 453.866409
86.724425 449.029068
3 4
83.781697 460.898712
84.312087 455.934362
84.840804 454.812747
3 4
86.724425 449.029068
86.724425 449.029068
84.840804 454.812747
