66
-93.13505312328024 44.45544880730993
-93.13510492371987 44.45537627391215
-93.13511858352256 44.45531264653736
-93.13511756857186 44.45524409702398
-93.13508893469815 44.45517731944324
-93.13504565770239 44.45512694559495
-93.13498280227509 44.45506941446816
-93.13489999957143 44.45503766290413
-93.1348208498099 44.45501358668074
-93.13474167797247 44.45498949613756
-93.13468231020931 44.45497968747993
-93.13462355995462 44.45497429516797
-93.13457409275767 44.45496448879936
-93.13452847508958 44.4549337824216
-93.13448668790582 44.45488933123561
-93.13445409061364 44.45481903240731
-93.13441222801715 44.45474601871297
-93.13437193736138 44.45468181105778
-93.13432716251799 44.45464837045751
-93.13425701546642 44.45461990135944
-93.13415223484144 44.45459367937423
-93.13408444157098 44.45457838801703
-93.13405822289144 44.45456468944742
-93.13400106286842 44.45450377999178
-93.13391857398602 44.45446930775007
-93.13385693371279 44.45445349182217
-93.13361818793793 44.45441981608878
-93.13350029322855 44.45436898439713
-93.13341387325629 44.45432665407679
-93.13331972554457 44.45428323963206
-93.13322824582607 44.45426059805444
-93.13315941580855 44.45425482908295
-93.13311346498729 44.45426286039626
-93.13304982324419 44.45429476562582
-93.13298352874277 44.45435243434274
-93.13293746245188 44.45440312861333
-93.13293346932103 44.45445244396234
-93.13292815643823 44.45451456716665
-93.13299024445597 44.45457743645199
-93.13308379851672 44.4546450305555
-93.13315972521895 44.45467588571808
-93.13324576870382 44.45471393682838
-93.13332763898127 44.45475839485304
-93.13339408891984 44.45480781795758
-93.13342733013025 44.45483253787869
-93.13345292693212 44.45488476166798
-93.13347706899603 44.45495679574317
-93.13351830974715 44.45506123778608
-93.13355559804613 44.45513648593909
-93.13362446356747 44.45520609728275
-93.13369161942519 44.45525259027717
-93.13377019074439 44.45528647006117
-93.13387254294466 44.45530663357224
-93.13397942957275 44.45531026409522
-93.13409706841409 44.45531116582374
-93.13420699911886 44.45529673627663
-93.13432149205246 44.45529432853146
-93.13441072922249 44.45529695011967
-93.13448789421932 44.45532215847292
-93.13454419965821 44.45535722999114
-93.13464109610344 44.4554250597041
-93.1347603543979 44.45548061241116
-93.13486306523249 44.45549783699943
-93.13496731647443 44.45548821812999
-93.13502409385954 44.45547465971325
-93.13505312328024 44.45544880730993
