13
13 6
489385.613482 4922344.650001
489393.096001 4922339.815458
489400.370023 4922337.288651
489405.845092 4922336.638937
489409.502388 4922337.525080
489414.571484 4922341.060770
489419.856279 4922347.457843
489423.857048 4922358.560107
489424.290951 4922365.459859
489419.362606 4922372.451198
489411.931705 4922379.971430
489405.896600 4922383.408549
489378.745595 4922349.363128
15 6
489295.873151 4922459.270228
489288.176620 4922466.817211
489278.698791 4922473.003445
489270.530448 4922474.930161
489262.234639 4922473.875406
489257.715043 4922472.376836
489255.400771 4922469.509049
489251.266310 4922461.459083
489250.167885 4922454.393360
489250.236057 4922446.778973
489252.501880 4922439.357778
489255.935705 4922433.756734
489260.925860 4922427.358114
489267.507732 4922423.820389
489273.800391 4922421.135702
3 6
489419.856279 4922347.457843
489423.530455 4922353.082838
489423.857048 4922358.560107
4 6
489378.745595 4922349.363128
489405.896600 4922383.408549
489399.057918 4922387.646286
489369.375139 4922355.024656
3 6
489369.375139 4922355.024656
489399.057918 4922387.646286
489392.552423 4922392.595147
8 6
489338.928994 4922364.400910
489345.485509 4922360.561102
489350.386713 4922358.796295
489369.375139 4922355.024656
489392.552423 4922392.595147
489387.274666 4922398.093520
489384.634500 4922400.843639
489334.392452 4922371.173980
4 6
489334.392452 4922371.173980
489384.634500 4922400.843639
489382.607503 4922406.647806
489332.309000 4922372.698990
19 6
489300.363259 4922407.290061
489302.943836 4922399.477237
489306.261065 4922391.361645
489309.454847 4922384.224406
489313.011006 4922380.504086
489318.586674 4922377.332672
489326.918186 4922374.406346
489332.309000 4922372.698990
489382.607503 4922406.647806
489380.699837 4922414.652246
489377.437698 4922426.258676
489374.484729 4922434.621834
489369.018504 4922442.362978
489363.684114 4922447.535995
489357.439244 4922451.309468
489349.299918 4922453.562484
489340.796837 4922453.979671
489331.437830 4922454.095167
489322.689278 4922452.506722
4 6
489297.046828 4922412.233017
489300.363259 4922407.290061
489322.689278 4922452.506722
489313.579950 4922452.254227
4 6
489293.423142 4922415.649749
489297.046828 4922412.233017
489313.579950 4922452.254227
489306.480850 4922452.557085
4 6
489289.489375 4922416.745483
489293.423142 4922415.649749
489306.480850 4922452.557085
489300.346320 4922455.367235
6 6
489273.800391 4922421.135702
489280.094809 4922418.449427
489284.816251 4922417.352136
489289.489375 4922416.745483
489300.346320 4922455.367235
489295.873151 4922459.270228
3 6
489255.400771 4922469.509049
489255.400771 4922469.509049
489262.234639 4922473.875406
