13
13 6
96.860135 198.057353
93.301485 206.224170
88.639838 212.353215
84.438341 215.923359
80.901451 217.208455
74.722701 217.067414
66.781295 214.662067
57.306533 207.626779
53.128006 202.119079
53.365757 193.568588
55.395635 183.193051
58.521619 176.991075
99.973944 190.331705
15 6
108.207051 52.928544
110.443409 42.383771
114.916445 31.987105
120.655075 25.863202
128.149294 22.152456
132.743318 20.900495
136.257703 22.009168
144.155249 26.427820
148.979165 31.706154
153.134795 38.086928
155.352825 45.522547
155.590926 52.088075
154.973780 60.179004
151.447978 66.767269
147.691184 72.484926
3 6
66.781295 214.662067
60.608724 212.008865
57.306533 207.626779
4 6
99.973944 190.331705
58.521619 176.991075
61.874094 169.677602
104.647812 180.431538
3 6
104.647812 180.431538
61.874094 169.677602
64.555605 161.956061
8 6
124.823436 155.777409
121.485874 162.603293
118.379317 166.784878
104.647812 180.431538
64.555605 161.956061
65.910366 154.455965
66.588303 150.704427
124.855552 147.625497
4 6
124.855552 147.625497
66.588303 150.704427
65.065893 144.747974
125.747479 145.202505
19 6
133.223018 98.713916
135.395502 106.649904
137.121825 115.245638
138.409743 122.958076
137.505484 128.024570
134.615235 133.751036
129.293681 140.797918
125.747479 145.202505
65.065893 144.747974
62.226843 137.024630
58.523431 125.551378
56.356708 116.950927
56.627727 107.478257
58.209658 100.217864
61.324306 93.619647
66.858250 87.239977
73.710828 82.188383
81.443325 76.914596
89.609943 73.397967
4 6
133.251190 92.761544
133.223018 98.713916
89.609943 73.397967
97.338028 68.568856
4 6
134.379653 87.910593
133.251190 92.761544
97.338028 68.568856
103.084288 64.389211
4 6
137.050443 84.821574
134.379653 87.910593
103.084288 64.389211
106.639947 58.654519
6 6
147.691184 72.484926
143.933803 78.204879
140.607712 81.730951
137.050443 84.821574
106.639947 58.654519
108.207051 52.928544
3 6
136.257703 22.009168
136.257703 22.009168
128.149294 22.152456
