66 6
136.25770293083041906 22.009167799260467291
144.15524862846359611 26.427819930948317051
148.97916546743363142 31.706154307816177607
153.13479496585205197 38.086928033735603094
155.3528247163631022 45.522546932566910982
155.5909260124899447 52.088075235486030579
154.97378037311136723 60.179003700613975525
151.44797817058861256 66.767269120085984468
147.69118418823927641 72.484926385339349508
143.93380315508693457 78.204879048746079206
140.60771180409938097 81.730951390694826841
137.05044273007661104 84.821573836728930473
134.37965254578739405 87.910592599771916866
133.25118974642828107 92.76154407300055027
133.22301779221743345 98.713916446082293987
135.39550185855478048 106.64990426553413272
137.1218254747800529 115.24563836259767413
138.40974264731630683 122.95807559182867408
137.50548367435112596 128.02457042038440704
134.61523489095270634 133.75103576295077801
129.29368127416819334 140.79791798582300544
125.74747889395803213 145.20250451005995274
124.85555192455649376 147.62549710646271706
124.82343562180176377 155.77740890718996525
121.48587428079918027 162.60329332714900374
118.37931736698374152 166.78487776033580303
104.64781161723658442 180.43153808079659939
99.973944345489144325 190.33170535089448094
96.860135079361498356 198.05735285812988877
93.301484538707882166 206.22416965151205659
88.639837569091469049 212.35321515472605824
84.438340806867927313 215.92335929442197084
80.901450502686202526 217.20845463499426842
74.722700715996325016 217.06741439271718264
66.781295476481318474 214.66206704825162888
60.608723567333072424 212.00886466028168797
57.306533236056566238 207.62677892111241817
53.12800565967336297 202.11907883686944842
53.365757422056049109 193.56858843052759767
55.395635380875319242 183.19305104855448008
58.521619110368192196 176.99107520980760455
61.874093977268785238 169.67760196514427662
64.555605384521186352 161.95606059161946177
65.910366376396268606 154.45596480974927545
66.588302882853895426 150.70442729210481048
65.065892581362277269 144.74797370098531246
62.226843414362519979 137.02462955377995968
58.523431468289345503 125.55137762660160661
56.356707938015460968 116.95092725614085793
56.627727115526795387 107.4782572016119957
58.209658493753522635 100.21786371013149619
61.324306163005530834 93.619647095911204815
66.858249721117317677 87.239977120887488127
73.710827976930886507 82.188383354339748621
81.443325110711157322 76.914596185553818941
89.609942672308534384 73.397967391181737185
97.338027751073241234 68.568856128957122564
103.08428815100342035 64.389211404137313366
106.63994719134643674 58.654519279487431049
108.20705059170722961 52.928544312715530396
110.44340868340805173 42.383771301712840796
114.9164446284994483 31.9871048997156322
120.65507515845820308 25.863202378619462252
128.14929421246051788 22.152455644216388464
132.74331809347495437 20.900494914501905441
136.25770293083041906 22.009167799260467291
