11
4 6
488738.43795803072862 4922022.5072678131983
488741.28275380790001 4922020.9657487962395
488743.70635547174606 4922026.111444812268
488740.62588164809858 4922028.5013696914539
5 6
488732.96146010007942 4922024.5771921081468
488738.43795803072862 4922022.5072678131983
488740.62588164809858 4922028.5013696914539
488736.70102802308975 4922030.4947996027768
488731.36004221084295 4922030.6841586688533
4 6
488727.53901069064159 4922025.4475219324231
488732.96146010007942 4922024.5771921081468
488731.36004221084295 4922030.6841586688533
488728.68694547167979 4922029.3127334434539
6 6
488721.43104874843266 4922026.2744886362925
488727.53901069064159 4922025.4475219324231
488728.68694547167979 4922029.3127334434539
488723.54918500187341 4922031.2362287016585
488720.75890369224362 4922031.5810441393405
488715.12140531046316 4922030.3619739022106
6 6
488715.12140531046316 4922030.3619739022106
488720.75890369224362 4922031.5810441393405
488718.3557400102145 4922034.0199543116614
488716.87923117610626 4922035.4814839605242
488713.62449826486409 4922034.9289117762819
488709.64480181527324 4922032.2587845819071
5 6
488703.11834058968816 4922034.2689093807712
488709.64480181527324 4922032.2587845819071
488713.62449826486409 4922034.9289117762819
488709.18716188997496 4922036.7201671330258
488704.81565890472848 4922037.4809686373919
4 6
488703.11834058968816 4922034.2689093807712
488704.81565890472848 4922037.4809686373919
488700.93231254955754 4922038.7867600545287
488697.76075614662841 4922037.0352331483737
5 6
488690.7815850560437 4922038.6463601170108
488697.76075614662841 4922037.0352331483737
488700.93231254955754 4922038.7867600545287
488696.87682453781599 4922040.2460751170292
488693.7184165911749 4922041.243357392028
5 6
488684.32929297356168 4922042.7075565131381
488690.7815850560437 4922038.6463601170108
488693.7184165911749 4922041.243357392028
488686.81762506248197 4922046.8281830362976
488679.98523734591436 4922047.9722083900124
9 6
488672.24826835561544 4922052.3364174589515
488675.37778268440161 4922049.5894290963188
488679.98523734591436 4922047.9722083900124
488686.81762506248197 4922046.8281830362976
488682.95687632064801 4922050.3838887372985
488679.66350669000531 4922053.1167639018968
488677.46497848490253 4922054.8866226179525
488671.04711812321329 4922057.9363417178392
488669.79860872449353 4922055.4625035254285
3 6
488671.04711812321329 4922057.9363417178392
488671.04711812321329 4922057.9363417178392
488669.79860872449353 4922055.4625035254285
