16
3 2
488693.02566289331298 4921964.3891210565343
488693.57634812471224 4921959.4907751660794
488695.03794091322925 4921962.0370848989114
3 2
488705.55834574234905 4921967.7105865711346
488707.39418414747342 4921967.6419261395931
488706.00621881720144 4921970.5424074046314
4 2
488693.02566289331298 4921964.3891210565343
488695.03794091322925 4921962.0370848989114
488697.02139801415615 4921964.2864559236914
488692.32775585597847 4921969.4830880146474
4 2
488692.32775585597847 4921969.4830880146474
488697.02139801415615 4921964.2864559236914
488698.73241114261327 4921965.8690259112045
488692.12227577070007 4921976.9433199157938
5 2
488702.91230337740853 4921967.5734757184982
488705.55834574234905 4921967.7105865711346
488706.00621881720144 4921970.5424074046314
488704.74486887565581 4921974.1308998744935
488692.12227577070007 4921976.9433199157938
3 2
488692.12227577070007 4921976.9433199157938
488698.73241114261327 4921965.8690259112045
488700.65601939777844 4921966.800637290813
3 2
488692.12227577070007 4921976.9433199157938
488700.65601939777844 4921966.800637290813
488702.91230337740853 4921967.5734757184982
4 2
488692.12227577070007 4921976.9433199157938
488704.74486887565581 4921974.1308998744935
488704.51487856614403 4921977.283689734526
488691.62993083469337 4921983.4035471463576
6 2
488692.43587182741612 4921987.9589558402076
488691.62993083469337 4921983.4035471463576
488704.51487856614403 4921977.283689734526
488705.75954861321952 4921980.6885353559628
488705.13531549763866 4921986.8542508175597
488694.05549173982581 4921992.4126239279285
4 2
488694.05549173982581 4921992.4126239279285
488705.13531549763866 4921986.8542508175597
488705.0300144860521 4921992.5731115564704
488694.10668588016415 4921999.8381379516795
3 2
488694.10668588016415 4921999.8381379516795
488705.0300144860521 4921992.5731115564704
488705.40495252399705 4921996.3198415460065
4 2
488694.10668588016415 4921999.8381379516795
488705.40495252399705 4921996.3198415460065
488706.46179412509082 4922000.1275274129584
488695.10383103298955 4922006.0227998970076
4 2
488695.10383103298955 4922006.0227998970076
488706.46179412509082 4922000.1275274129584
488708.64475036214571 4922002.8241389188915
488693.11890865018358 4922011.5406614737585
7 2
488690.13579271524213 4922021.2553841946647
488690.68562372337328 4922015.5381001858041
488693.11890865018358 4922011.5406614737585
488708.64475036214571 4922002.8241389188915
488712.34112397808349 4922005.9664065912366
488715.44300120096887 4922010.6199291544035
488691.18625912070274 4922025.3161251321435
12 2
488697.10762712790165 4922031.263612229377
488692.80299600033322 4922029.0609982870519
488691.18625912070274 4922025.3161251321435
488715.44300120096887 4922010.6199291544035
488717.9581153143663 4922013.7227560384199
488718.20297909033252 4922017.553645552136
488717.61786526860669 4922021.1494695926085
488715.65712787490338 4922024.6651948774233
488711.95031078980537 4922028.5787846958265
488708.58917587355245 4922029.9128257874399
488704.70916638785275 4922031.0603901185095
488700.86823971936246 4922031.6840602317825
3 2
488704.70916638785275 4922031.0603901185095
488704.70916638785275 4922031.0603901185095
488700.86823971936246 4922031.6840602317825
