12
13 3
488715.94489451713162 4921936.8574422644451
488717.58557479060255 4921937.2208382161334
488719.57123121607583 4921938.1036794222891
488721.64917021687143 4921939.3893386600539
488723.48110895039281 4921941.305315354839
488724.07247251289664 4921942.8015343258157
488724.24206372495973 4921945.2969776131213
488723.98328955931356 4921946.7633867152035
488722.93181318487041 4921947.9549117283896
488721.80983130895765 4921948.6779142068699
488720.16556272807065 4921949.5084255952388
488718.33401926403167 4921950.3271973691881
488714.01059711264679 4921936.8404988721013
3 3
488714.01059711264679 4921936.8404988721013
488718.33401926403167 4921950.3271973691881
488716.82975122379139 4921951.2122599082068
3 3
488714.01059711264679 4921936.8404988721013
488716.82975122379139 4921951.2122599082068
488715.75704938994022 4921951.9379998566583
3 3
488714.01059711264679 4921936.8404988721013
488715.75704938994022 4921951.9379998566583
488714.73066100437427 4921952.6670587761328
3 3
488714.01059711264679 4921936.8404988721013
488714.73066100437427 4921952.6670587761328
488713.2482334044762 4921953.9758664537221
7 3
488714.01059711264679 4921936.8404988721013
488713.2482334044762 4921953.9758664537221
488712.19476816325914 4921955.1258962480351
488698.24125678732526 4921946.6281650038436
488699.88671688630711 4921943.9924013009295
488701.97590776969446 4921942.1595733352005
488704.11851454986027 4921940.8745941286907
13 3
488710.77770801947918 4921957.6181713826954
488710.44561430183239 4921960.0074501167983
488710.11736290616682 4921961.5617651836947
488708.52990427298937 4921963.5631617475301
488707.03274381707888 4921964.7985564600676
488704.93278256076155 4921965.1623584926128
488702.60555889073294 4921964.8781011253595
488700.16638420219533 4921963.6910641137511
488698.37301809142809 4921962.1367891225964
488696.96527313190745 4921959.9591727294028
488696.24226990761235 4921957.4243026366457
488696.03580338589381 4921954.7146977875382
488696.35703891993035 4921952.3322235047817
5 3
488711.41529707779409 4921956.3896017307416
488710.77770801947918 4921957.6181713826954
488696.35703891993035 4921952.3322235047817
488696.9590294182417 4921949.2468834919855
488698.24125678732526 4921946.6281650038436
3 3
488712.19476816325914 4921955.1258962480351
488711.41529707779409 4921956.3896017307416
488698.24125678732526 4921946.6281650038436
4 3
488714.01059711264679 4921936.8404988721013
488704.11851454986027 4921940.8745941286907
488706.26442548859632 4921939.5421695355326
488708.53152629622491 4921938.487215898931
4 3
488714.01059711264679 4921936.8404988721013
488708.53152629622491 4921938.487215898931
488710.28656182688428 4921937.5835068402812
488712.24622647091746 4921937.1044751703739
3 3
488714.01059711264679 4921936.8404988721013
488714.01059711264679 4921936.8404988721013
488712.24622647091746 4921937.1044751703739
