3
5 5
488725.15263411228079 4921993.6789602050558
488723.8750369612826 4921994.712260434404
488721.93003130337456 4921994.2168553881347
488720.80243205581792 4921992.1685781050473
488720.33722034859238 4921989.3084796313196
11 5
488723.32162054517539 4921983.3637475697324
488725.96915356925456 4921984.1394878486171
488727.734503368265 4921985.5958724506199
488728.82403217756655 4921988.4846700774506
488728.11703420890262 4921990.5309936776757
488726.92209412308875 4921992.5532442154363
488725.15263411228079 4921993.6789602050558
488720.33722034859238 4921989.3084796313196
488720.19533840526128 4921987.3351366138086
488720.69235264847521 4921984.7922761142254
488721.48212913307361 4921983.6172404689714
3 5
488723.32162054517539 4921983.3637475697324
488723.32162054517539 4921983.3637475697324
488721.48212913307361 4921983.6172404689714
