3
20 1
488712.07382258406142 4922305.9793364275247
488712.60774847655557 4922308.6918613445014
488712.95309157704469 4922310.6864311303943
488712.47219650482293 4922313.2728563798591
488711.17360629199538 4922315.0278822230175
488709.52286693488713 4922316.0524144135416
488707.48802217026241 4922316.8198627168313
488706.04603309609229 4922316.982177156955
488703.76667238672962 4922316.5407979590818
488702.24512219574535 4922315.4984007999301
488700.80980886699399 4922313.2610569950193
488700.28816716966685 4922310.5225517395884
488700.0872392465244 4922306.7735773976892
488700.26943147310521 4922304.1772729568183
488700.84869026532397 4922301.2272076858208
488701.49910122691654 4922299.618186224252
488702.53022785042413 4922298.2676372863352
488703.67202513193479 4922297.7094636028633
488704.80865046282997 4922297.2297667758539
488711.24917501333402 4922304.1226045591757
6 1
488708.26043009897694 4922298.932384705171
488709.50986471504439 4922300.4186778245494
488710.57659686094848 4922302.2830324983224
488711.24917501333402 4922304.1226045591757
488704.80865046282997 4922297.2297667758539
488706.98060245503439 4922297.9129136949778
3 1
488704.80865046282997 4922297.2297667758539
488704.80865046282997 4922297.2297667758539
488706.98060245503439 4922297.9129136949778
