6
6 7
488706.38301037577912 4922319.8529800623655
488700.46902667736867 4922317.2956804875284
488697.7512712632888 4922304.4920442225412
488715.29077096364927 4922295.7727255932987
488714.94321304210462 4922303.7409895760939
488714.29355037084315 4922308.9400933505967
9 7
488707.03669314493891 4922240.6104116588831
488709.78565683809575 4922228.2050964850932
488711.89617392793298 4922220.9847132572904
488716.22793799429201 4922218.71729750745
488720.77175733807962 4922219.917596841231
488722.7493657823652 4922224.2174126282334
488722.0455277741421 4922232.5153400413692
488719.0067193719442 4922249.5108811790124
488703.64395136985695 4922260.3680128008127
6 7
488699.85361508326605 4922276.3458564570174
488703.64395136985695 4922260.3680128008127
488719.0067193719442 4922249.5108811790124
488717.15332717797719 4922272.5479825437069
488714.95063717046287 4922285.5815813094378
488699.88932692265371 4922292.0776631236076
5 7
488697.7512712632888 4922304.4920442225412
488699.88932692265371 4922292.0776631236076
488714.95063717046287 4922285.5815813094378
488715.36296304006828 4922295.1672281501815
488715.29077096364927 4922295.7727255932987
4 7
488706.38301037577912 4922319.8529800623655
488714.29355037084315 4922308.9400933505967
488714.36673521692865 4922313.3056992236525
488712.25459298182977 4922317.7336169872433
3 7
488706.38301037577912 4922319.8529800623655
488706.38301037577912 4922319.8529800623655
488712.25459298182977 4922317.7336169872433
