11
10 4
488713.77510686748428 4921997.833249215968
488713.96731358033139 4921999.1976654864848
488713.67328695155447 4922000.3589586215094
488712.8326533032232 4922001.3734579402953
488711.9675203874358 4922001.8804074702784
488710.87140081089456 4922001.6809017043561
488709.80364895687671 4922001.0881611844525
488709.0279547580285 4922000.2958528343588
488708.65245793043869 4921999.3132945494726
488708.88312493520789 4921997.5341964624822
4 4
488713.77510686748428 4921997.833249215968
488708.88312493520789 4921997.5341964624822
488708.86060290143359 4921996.2913648989052
488713.97231246542651 4921996.4375321948901
4 4
488713.97231246542651 4921996.4375321948901
488708.86060290143359 4921996.2913648989052
488708.0837148524588 4921994.202867555432
488714.52569371985737 4921995.5175792519003
4 4
488715.29036467458354 4921994.7259225044399
488714.52569371985737 4921995.5175792519003
488708.0837148524588 4921994.202867555432
488707.31051142676733 4921992.1902722362429
10 4
488717.47720770846354 4921992.1330609433353
488716.92087208310841 4921993.2105924868956
488716.21780279133236 4921993.9466919135302
488715.29036467458354 4921994.7259225044399
488707.31051142676733 4921992.1902722362429
488706.81157269724645 4921990.9339198740199
488707.29491655173479 4921989.4865846997127
488708.1477843534667 4921988.8386000739411
488708.96201663342072 4921988.7357644829899
488711.81270891026361 4921989.8317419905216
13 4
488717.9715295304195 4921987.4318257141858
488718.10641530068824 4921988.8658066894859
488718.11321432632394 4921990.6262501701713
488717.47720770846354 4921992.1330609433353
488712.99911094119307 4921988.3692291816697
488712.40392746543512 4921987.4541135001928
488712.10339677025331 4921986.2308473456651
488712.39035455952398 4921985.1601369418204
488712.86087138723815 4921984.5929193431512
488713.60108993452741 4921984.0436115264893
488714.52714200009359 4921983.9947914751247
488715.79738165717572 4921984.5650750864297
488717.29332557396265 4921985.9674855861813
3 4
488708.96201663342072 4921988.7357644829899
488710.07815206900705 4921988.9846624406055
488711.07263985421741 4921989.5011093029752
3 4
488708.96201663342072 4921988.7357644829899
488711.07263985421741 4921989.5011093029752
488711.81270891026361 4921989.8317419905216
3 4
488717.47720770846354 4921992.1330609433353
488711.81270891026361 4921989.8317419905216
488712.60306082351599 4921989.4410280045122
3 4
488717.47720770846354 4921992.1330609433353
488712.60306082351599 4921989.4410280045122
488712.99911094119307 4921988.3692291816697
3 4
488714.52714200009359 4921983.9947914751247
488714.52714200009359 4921983.9947914751247
488712.99911094119307 4921988.3692291816697
