11
11 302
488720.08851987554226 4921977.9751567179337
488719.85145727300551 4921979.3543703919277
488718.86524734989507 4921980.5313770184293
488717.46497674740385 4921981.2548125153407
488716.42693430761574 4921981.352698280476
488714.76244125684025 4921981.0881618307903
488713.61883554287488 4921980.3725688671693
488712.92615696514258 4921979.419208467938
488713.13360754115274 4921977.883139392361
488713.59003680612659 4921976.6334142964333
488719.52911480091279 4921976.3914408963174
4 302
488719.31124872528017 4921975.4732663976029
488719.52911480091279 4921976.3914408963174
488713.59003680612659 4921976.6334142964333
488713.4810632673325 4921975.8323094798252
6 302
488719.31151677964954 4921974.5174357425421
488719.31124872528017 4921975.4732663976029
488713.4810632673325 4921975.8323094798252
488712.59962811303558 4921975.4131439989433
488715.30175327032339 4921971.5636493274942
488716.36005438643042 4921971.7225448777899
8 302
488712.59962811303558 4921975.4131439989433
488711.33951373549644 4921974.3428174192086
488710.81863877677824 4921973.4226396614686
488710.90142515290063 4921972.2244245000184
488711.74959282350028 4921971.4339600820094
488712.52351206669118 4921970.9526518173516
488713.84228474961128 4921971.0716529320925
488715.30175327032339 4921971.5636493274942
4 302
488719.31151677964954 4921974.5174357425421
488716.36005438643042 4921971.7225448777899
488717.61289813678013 4921971.3229790786281
488719.83649821340805 4921973.7572996616364
5 302
488720.76444825023646 4921972.445953162387
488719.83649821340805 4921973.7572996616364
488717.61289813678013 4921971.3229790786281
488718.52062512101838 4921970.386281051673
488721.28832379513187 4921971.6391101740301
6 302
488723.18701684632106 4921968.7941576959565
488722.20143851463217 4921970.4937225691974
488721.28832379513187 4921971.6391101740301
488718.52062512101838 4921970.386281051673
488718.93096680875169 4921968.7539392858744
488723.32490780542139 4921967.0003243349493
6 302
488722.85757111228304 4921963.8249736446887
488723.35451779927826 4921965.4484531069174
488723.32490780542139 4921967.0003243349493
488718.93096680875169 4921968.7539392858744
488718.3754060191568 4921967.2846085000783
488722.1860452091787 4921962.5123248612508
4 302
488722.1860452091787 4921962.5123248612508
488718.3754060191568 4921967.2846085000783
488717.4161600091029 4921966.465569130145
488721.5062488312833 4921961.4091438828036
12 302
488718.52116847696016 4921959.344785108231
488719.49741016334156 4921959.692323426716
488720.52263201319147 4921960.1444830689579
488721.5062488312833 4921961.4091438828036
488717.4161600091029 4921966.465569130145
488716.23817987600341 4921965.8417479107156
488715.42391602159478 4921964.5280401483178
488714.99313872359926 4921963.0387374106795
488715.24594455905026 4921961.5303439199924
488716.04582911578473 4921960.4514247355983
488716.86566717323149 4921959.8799927746877
488717.56876521569211 4921959.5055695213377
3 302
488718.52116847696016 4921959.344785108231
488718.52116847696016 4921959.344785108231
488717.56876521569211 4921959.5055695213377
