15
4 6
488745.74662417202489 4922024.9450772041455
488743.88762036600383 4922026.19116040878
488741.50401465821778 4922020.9754933053628
488743.25355397659587 4922018.2325300099328
6 6
488781.0074364200118 4921956.2604386433959
488784.28774430137128 4921955.3244216432795
488785.17615135631058 4921958.6952288448811
488780.46388335688971 4921962.221930754371
488778.92870995902922 4921959.6905677169561
488778.65441060386365 4921957.3111205715686
4 6
488749.25307229330065 4922024.6462126439437
488745.74662417202489 4922024.9450772041455
488743.25355397659587 4922018.2325300099328
488744.06443717726506 4922013.2733397008851
7 6
488755.38688873796491 4922023.9331191116944
488752.16067733499222 4922024.9974586749449
488749.25307229330065 4922024.6462126439437
488744.06443717726506 4922013.2733397008851
488745.4128528246074 4922010.6609621793032
488746.90903582703322 4922010.2296708012
488749.29818559595151 4922010.2892564050853
8 6
488765.59936954750447 4922018.4242367334664
488758.41982149949763 4922022.6379222925752
488755.38688873796491 4922023.9331191116944
488749.29818559595151 4922010.2892564050853
488753.09343037509825 4922009.3582982141525
488757.20243450341513 4922008.6165076754987
488761.02778778912034 4922008.3426590161398
488770.3409842516412 4922015.4428425459191
4 6
488770.3409842516412 4922015.4428425459191
488761.02778778912034 4922008.3426590161398
488764.62187050224748 4922005.8804418770596
488774.03035333327716 4922012.5024230601266
5 6
488780.4866604716517 4922006.5705370204523
488774.03035333327716 4922012.5024230601266
488764.62187050224748 4922005.8804418770596
488768.2112901173532 4922002.7161113200709
488772.07543200440705 4921999.9505600715056
5 6
488784.31698263954604 4922002.5751554137096
488780.4866604716517 4922006.5705370204523
488772.07543200440705 4921999.9505600715056
488776.04671329213306 4921996.8564964355901
488787.88173604285112 4921992.7011772077531
3 6
488787.88173604285112 4921992.7011772077531
488776.04671329213306 4921996.8564964355901
488777.75041618553223 4921993.7078173803166
4 6
488787.88173604285112 4921992.7011772077531
488777.75041618553223 4921993.7078173803166
488778.38587032520445 4921990.1444416521117
488789.32563994574593 4921986.0322686666623
4 6
488789.32563994574593 4921986.0322686666623
488778.38587032520445 4921990.1444416521117
488778.61064875591546 4921986.450369159691
488790.2738386473502 4921979.0574503336102
9 6
488790.02872629847843 4921972.4069591313601
488790.2738386473502 4921979.0574503336102
488778.61064875591546 4921986.450369159691
488776.82155321008759 4921982.539065326564
488775.40504845458781 4921979.4082120601088
488774.92554194969125 4921976.2542103463784
488775.45207813568413 4921973.2443698868155
488777.32362779963296 4921970.3979876870289
488788.45577975729248 4921968.2285867454484
5 6
488786.78579337935662 4921963.9762844908983
488788.45577975729248 4921968.2285867454484
488777.32362779963296 4921970.3979876870289
488779.17695397383068 4921965.1950899958611
488780.46388335688971 4921962.221930754371
3 6
488785.17615135631058 4921958.6952288448811
488786.78579337935662 4921963.9762844908983
488780.46388335688971 4921962.221930754371
3 6
488781.0074364200118 4921956.2604386433959
488781.0074364200118 4921956.2604386433959
488785.17615135631058 4921958.6952288448811
