1
17 1
488774.06798394810176 4921838.8372732689604
488776.98136974702356 4921837.6351842349395
488780.45176470722072 4921836.847790941596
488783.24157948791981 4921837.3381410362199
488784.66015624575084 4921838.4116980172694
488785.56669954682002 4921841.0855776742101
488786.11046264471952 4921844.3115313258022
488786.21809794043656 4921849.2497465787455
488785.34217814006843 4921851.3387343129143
488783.03027324925642 4921853.8360934089869
488779.2686955704703 4921854.3481198176742
488776.39364025916439 4921854.0927851488814
488773.84616279916372 4921852.4485056772828
488772.4957438330166 4921850.2195059964433
488772.21361474145669 4921845.0583777464926
488772.873355477117 4921840.8553214799613
488774.06798394810176 4921838.8372732689604
