1
20 1
488777.37282344466075 4921877.2457313556224
488780.39759391074767 4921878.3500825287774
488782.54846897051902 4921880.0677587017417
488783.91289789072471 4921882.3196832174435
488783.9963238768978 4921884.9931573206559
488784.0277425579261 4921888.4997007185593
488783.11008409003261 4921892.4522803984582
488782.0383481803583 4921894.8208274422213
488780.22000336402562 4921895.6470565292984
488778.07366844284115 4921896.2097806129605
488774.97039954643697 4921895.8648857260123
488772.86148745543323 4921894.6360923489556
488770.23216941329883 4921892.2876384481788
488769.62730035692221 4921890.0608421098441
488769.7532516226056 4921885.869151789695
488770.05001742037712 4921882.79183585383
488771.07023513835156 4921880.1008279696107
488773.04354604525724 4921878.1401973180473
488775.04715136915911 4921877.0188851458952
488777.37282344466075 4921877.2457313556224
