1
18 1
488779.30337476782734 4921855.0923745837063
488782.34782381198602 4921856.7664278559387
488783.89935353520559 4921859.8426434509456
488784.51755220041377 4921863.2861095555127
488784.88400060735876 4921868.1428969455883
488783.90212527185213 4921870.4991190619767
488782.73217499261955 4921871.8454928323627
488779.70938714168733 4921873.4103660071269
488777.58704720955575 4921873.9439083058387
488774.2197266680887 4921873.0621671788394
488772.3545755649684 4921870.9403513576835
488771.02394802169874 4921867.182321306318
488770.60523780016229 4921863.5757916737348
488771.43813217437128 4921859.8942544646561
488772.42658582137665 4921857.5563694844022
488774.35138818057021 4921856.1074274713174
488776.59813538490562 4921854.7644913597032
488779.30337476782734 4921855.0923745837063
