14
4 5
488737.0750416724477 4922009.7033050768077
488734.27235484489938 4922009.7416060213
488732.30627411382739 4922005.8779491297901
488738.37502473540371 4922008.2307027280331
5 5
488740.05782147235004 4922002.4764534337446
488740.81042915896978 4922005.7614771313965
488738.37502473540371 4922008.2307027280331
488732.30627411382739 4922005.8779491297901
488730.74684843461728 4922000.6271721394733
4 5
488739.5870092047262 4921999.0871554808691
488740.05782147235004 4922002.4764534337446
488730.74684843461728 4922000.6271721394733
488730.89659847266739 4921996.3949032109231
5 5
488741.34882731217658 4921993.5470769414678
488739.5870092047262 4921999.0871554808691
488730.89659847266739 4921996.3949032109231
488732.8108858250198 4921989.4915400911123
488742.17449047439732 4921987.6555155804381
4 5
488742.17449047439732 4921987.6555155804381
488732.8108858250198 4921989.4915400911123
488735.39654912642436 4921979.4806525148451
488743.44108391075861 4921981.1495545795187
6 5
488747.69327976554632 4921974.8425616007298
488745.05883988039568 4921978.8332403274253
488743.44108391075861 4921981.1495545795187
488735.39654912642436 4921979.4806525148451
488736.28058900719043 4921972.6623872099444
488738.61813469271874 4921961.308022139594
5 5
488750.80350088060368 4921967.9947500517592
488749.69383141683647 4921972.1910547595471
488747.69327976554632 4921974.8425616007298
488738.61813469271874 4921961.308022139594
488750.83866121649044 4921967.5375495320186
5 5
488752.50843521847855 4921959.8994457414374
488752.24414081563009 4921964.1822767378762
488750.83866121649044 4921967.5375495320186
488738.61813469271874 4921961.308022139594
488740.14316575945122 4921952.9834455922246
4 5
488752.51860513817519 4921959.787663564086
488752.50843521847855 4921959.8994457414374
488740.14316575945122 4921952.9834455922246
488751.50360872631427 4921956.0493920315057
6 5
488748.42934277502354 4921949.040869012475
488750.22552248364082 4921952.889625207521
488751.51399248751113 4921955.9388415580615
488751.50360872631427 4921956.0493920315057
488740.14316575945122 4921952.9834455922246
488741.28419874340761 4921947.2408060934395
5 5
488749.39290486747632 4921945.7989622242749
488748.42934277502354 4921949.040869012475
488741.28419874340761 4921947.2408060934395
488742.40133511944441 4921941.5100419698283
488745.00191076222109 4921934.7108993222937
4 5
488751.63915863411967 4921944.0035982979462
488749.39290486747632 4921945.7989622242749
488745.00191076222109 4921934.7108993222937
488754.20804855559254 4921940.764256471768
9 5
488755.31165033724392 4921927.9712487217039
488757.3398952774005 4921930.7863966114819
488758.06866437301505 4921934.5915325544775
488756.42563714948483 4921938.6375788440928
488754.20804855559254 4921940.764256471768
488745.00191076222109 4921934.7108993222937
488746.8777075750404 4921929.2896715272218
488749.8856647220091 4921925.7802599761635
488753.26464474148815 4921925.5097331060097
3 5
488753.26464474148815 4921925.5097331060097
488753.26464474148815 4921925.5097331060097
488755.31165033724392 4921927.9712487217039
