14
11 3
488869.52347837970592 4922554.8134201439098
488871.45884635869879 4922555.2459967527539
488873.30838319670875 4922556.14597445447
488875.09543897089316 4922557.9943138817325
488875.72937023983104 4922560.0014389408752
488875.22456916165538 4922561.9248442407697
488874.12010494759306 4922563.8591391611844
488872.74321987177245 4922565.4717192715034
488870.77725335821742 4922567.0993500947952
488869.11254293262027 4922567.9216388929635
488866.40892072120914 4922568.3716100621969
4 3
488869.52347837970592 4922554.8134201439098
488866.40892072120914 4922568.3716100621969
488864.59005709982011 4922568.9442832563072
488862.23606255272171 4922569.5939509971067
4 3
488869.52347837970592 4922554.8134201439098
488862.23606255272171 4922569.5939509971067
488860.23454557557125 4922570.3275647694245
488857.99840570252854 4922571.0991102093831
14 3
488869.52347837970592 4922554.8134201439098
488857.99840570252854 4922571.0991102093831
488855.52566905017011 4922572.0706275571138
488853.55749806918902 4922572.7721141818911
488850.75130386260571 4922573.0569425215945
488848.15636569156777 4922572.9533224124461
488846.07034538884182 4922572.2013117074966
488843.97450184327317 4922571.0335603719577
488842.41294942231616 4922569.5716828610748
488840.81123771291459 4922567.8794942926615
488839.81339318532264 4922566.5291365841404
488838.59611593233421 4922564.1803092202172
488861.27778983185999 4922557.0249043256044
488863.63943258405197 4922556.3615008117631
10 3
488838.59611593233421 4922564.1803092202172
488838.25258921156637 4922561.6088364776224
488838.24810215574689 4922559.0617145337164
488838.9228382105357 4922557.4304832872003
488840.16274452727521 4922556.4753008754924
488841.60700203781016 4922555.8213650304824
488843.08561329363147 4922555.5747193451971
488844.25553104403662 4922555.9487527813762
488846.0357674935949 4922556.6014931416139
488847.88469828956295 4922557.3205208433792
3 3
488838.59611593233421 4922564.1803092202172
488847.88469828956295 4922557.3205208433792
488849.8190897613531 4922557.812631836161
3 3
488838.59611593233421 4922564.1803092202172
488849.8190897613531 4922557.812631836161
488851.20527942082845 4922558.1469706464559
3 3
488838.59611593233421 4922564.1803092202172
488851.20527942082845 4922558.1469706464559
488852.44011905713705 4922558.1169678559527
4 3
488838.59611593233421 4922564.1803092202172
488852.44011905713705 4922558.1169678559527
488854.52123088331427 4922557.792318597436
488856.42603148275521 4922557.6896749716252
3 3
488838.59611593233421 4922564.1803092202172
488856.42603148275521 4922557.6896749716252
488858.87976444972446 4922557.3889133874327
3 3
488838.59611593233421 4922564.1803092202172
488858.87976444972446 4922557.3889133874327
488861.27778983185999 4922557.0249043256044
3 3
488869.52347837970592 4922554.8134201439098
488863.63943258405197 4922556.3615008117631
488865.52290441136574 4922555.7819941053167
3 3
488869.52347837970592 4922554.8134201439098
488865.52290441136574 4922555.7819941053167
488867.2274678137619 4922555.2478272095323
3 3
488869.52347837970592 4922554.8134201439098
488869.52347837970592 4922554.8134201439098
488867.2274678137619 4922555.2478272095323
