5
11 4
488855.63810047868174 4922548.5894453674555
488856.71513693657471 4922549.5042034871876
488857.30444454198005 4922550.5629326989874
488857.47745853028027 4922551.5904546910897
488857.12106896558544 4922552.5195882739499
488856.53622393129626 4922553.3731700191274
488855.85136818693718 4922553.8595481710508
488854.78204181557521 4922553.8435185495764
488853.72148245183052 4922553.7097833473235
488852.97454701573588 4922553.3614405235276
488854.3591719979886 4922548.0825420767069
4 4
488854.3591719979886 4922548.0825420767069
488852.97454701573588 4922553.3614405235276
488852.51614047639305 4922553.1521724583581
488852.54095143591985 4922547.7224532738328
3 4
488852.54095143591985 4922547.7224532738328
488852.51614047639305 4922553.1521724583581
488851.6301869112649 4922553.2107473565266
12 4
488852.54095143591985 4922547.7224532738328
488851.6301869112649 4922553.2107473565266
488850.75352700828807 4922553.2716377973557
488849.94841272418853 4922553.1596904611215
488849.15300649654819 4922552.8106947420165
488848.19649748865049 4922552.214325722307
488847.6568903431762 4922551.4685504995286
488847.37738297547912 4922550.1452820235863
488847.90490565804066 4922548.9289875328541
488848.87224467901979 4922548.2732907095924
488849.88537490431918 4922547.9174038330093
488851.18818586086854 4922547.6984765008092
3 4
488852.54095143591985 4922547.7224532738328
488852.54095143591985 4922547.7224532738328
488851.18818586086854 4922547.6984765008092
