5
30 1
29.495822820074991455 115.56697852912536462
34.412445345693768672 117.51315128227855666
37.416824978407319691 119.40307951506198947
40.256690344465667408 121.88107791765771992
42.673367093193022015 125.65047313332281931
42.179100941973302952 134.65707130932142377
42.166691931082809219 140.06858365564323776
41.444121671048449684 145.76436929124619724
38.517374410739265045 151.48426097778300914
36.845559244926043618 155.91480800329259182
35.470118959448001306 160.01033472418237125
38.686513217562058742 171.42300336315645382
36.930064755839723034 172.69788594697669737
32.571194100934818039 168.65370800178317268
26.099794379327704519 164.00345955878657378
19.896679248947926055 162.54439980137942712
17.96301160123423557 158.79435918024915964
18.372266821589462893 154.22818466000128979
19.411793057733206069 149.39987671013057025
18.386959259104187936 142.02253893099430115
15.774749885702071595 136.89599818232650819
13.259647064776920899 131.56858114122255188
10.563505954886572624 126.82441438443805737
10.00025371649540773 122.921804697630904
11.92952661921806623 119.41528540523721347
16.09072192301717763 116.57130179421940852
20.270768556020783535 115.36454961032337962
25.089808754911082644 114.72773987449107835
27.680110662986617598 114.82577622930980965
29.495822820074991455 115.56697852912536462
51 2
21.618634304759986264 165.21645304435057255
22.971051570825103738 165.40646235033588596
23.721069107228906603 165.77212915448342301
24.822675415747347927 166.16189845779422285
25.69244727888930413 166.65876897650261412
26.482117836514284193 167.19780017018811691
27.00601834207598273 167.88217360726835636
27.893150303702128667 168.96146778849850989
28.566599653390667868 169.60456549322282171
29.7599306398183856 171.03717156148860568
30.875153802589174745 172.63830291020866525
32.813677147281325119 175.19481786749565799
34.55876527716483082 177.77699993272230472
35.386732706142105087 179.63250365214653925
35.741490404973582429 180.65457255997915809
35.960392790916706929 181.51940120624175279
36.033540723424344776 182.91156102771475389
35.850803788521474758 184.26164442073016403
35.616702854761761898 185.60262400170142882
35.138437992401307497 187.28620760811156742
34.271379246651378025 189.67336366963729688
32.957148143615306424 192.63333203316929598
31.948133260734358885 194.35787777182699188
30.210903282538026815 195.52708350293369222
28.57321446877283222 196.08984880471132328
26.694653681934291001 196.42940791031327308
24.491360272055871405 196.2398022031820517
22.764847784349363735 195.46067841175624835
20.941616954455575694 194.08800822958136223
19.712805374008929959 192.29462316118838316
19.620052870296781578 190.43034511564692934
20.051102366177104841 188.35575050045611079
20.65403260323980561 186.86239885435659858
20.627068078094971781 185.04649271461903481
20.938713676315238388 183.25303329370217398
20.429617917071155375 181.43555335208151291
19.365734739606317305 179.6061885235137936
17.823264267848983877 177.73502547969391685
16.877665487961678537 176.32677923932081399
16.291134434108364815 175.14996501892670722
16.144425452705618795 174.18443637831271076
16.205999394632598865 173.12980102499008694
16.265955613612206321 172.10058844005243373
16.454000160068730452 171.09297202655753267
16.803057164300021498 170.00503236443483956
17.277759849496547417 168.80777802117080455
17.883856246622002573 167.89493787471587893
18.695401282101329343 166.99339114207933221
19.521208510296659711 166.13887676875782518
20.393685471958718836 165.41137552195647231
21.618634304759986264 165.21645304435057255
77 3
10.451068860946229222 139.41692208982229317
11.289533706002679025 139.87457228594104208
11.815684656241380424 140.35590083914502202
12.303412342872910301 141.0047657055855268
12.794456436487784856 141.95009489381203593
13.021892730157595963 142.7322400434207168
13.102538786959016193 143.71014940020057793
12.972901886880272571 144.84428294260922598
12.571332721505058316 146.21426003450125108
11.701376316230891916 147.50913981396740837
10.905986439809034039 148.28848938907478328
9.7253485827886834159 149.03049585332570359
8.6070071402377053005 149.46694469922977078
7.6502985488341721521 149.69428738502068654
6.6193461288620270011 149.88474414520635491
5.8085713893655608331 150.62442527123118907
5.5980732334828076091 151.19071081849708094
5.9617122971413891719 151.97580793192813076
6.9132017213088658991 152.56263370538675872
7.9594460287785793184 153.27439769708919926
8.8275012176194707081 154.40892659675171217
9.4714417834350115299 155.54854520403347351
9.821192892601452229 156.28436012859134507
10.56782521322077173 156.93605795405139247
11.66314187525763657 157.15889654931882546
12.949587120911594695 157.62098848271119778
14.310172173406208174 158.54607942667558973
15.07855329063335148 159.88687708207069704
15.412951036618167677 161.47257532492884025
15.295531148306707792 162.61276063246401691
14.693907515404802666 163.37664481172063802
13.757834669119255011 164.25144844269752298
13.392295619074928936 165.25218679164942159
13.208453903164141252 166.88761023386672377
12.550779278216403156 168.45179588885062572
11.184583645915971317 168.9901219066842657
9.6289756964860160338 168.85469841543357461
8.0681768991039888306 167.73803785546726886
7.0464172181551418817 166.52966607744673411
5.8590999363510860576 165.33442258596363672
4.4611743709534863456 164.32349027267900965
2.8705885889162274793 163.87708807335741312
1.3376720329579896429 163.83692052661632488
-0.26111434846686876199 163.54314507982331861
-1.1154464879818632994 162.25943701320949231
-1.2641681607054238157 160.83476821076254737
-2.0224075260462299752 159.78988993491148562
-2.03659333990334801 158.83295292434186763
-1.554347334011460191 157.74245309576679119
-1.8011244902654652833 156.85857449362794114
-2.6486346298628546947 155.98349664129511893
-3.4262723538009183244 155.08153199416116763
-3.8506710759453639525 153.7694422917435304
-3.9251159261604371409 152.48397469458276987
-3.7382198982858128034 151.00893213763424683
-3.3763219056290196818 149.34504188235612787
-2.6264601118184529582 148.01017139579639093
-1.8552835175866704276 146.99293698486766857
-1.2691187332531228549 146.12343997987446187
-1.0458288844842797971 145.37868214666670497
-1.2513683707627052399 144.65125877700339174
-1.4765029546663726023 143.80580097192421363
-1.5765739362941317836 142.68979006202380333
-1.366771992146766479 141.49314230116047497
-0.46858911838142347506 140.59857894644844123
0.76077302556633696895 139.98900491870739415
1.7427658752905870188 140.13577669064176234
2.8443903651112805164 140.53932821588804813
3.8867122404152780746 141.05363970369089088
4.5883664836867907866 141.32381529488122851
5.275329095834393911 141.22060415922101129
6.0323517970368953911 140.58536563183525914
6.9094286136093430173 139.99178980512641601
7.8778208589002076678 139.40241093964803554
8.7843996105679167385 139.18893547825271639
9.5734403968563626108 139.22281825909337272
10.451068860946229222 139.41692208982229317
46 3
44.805854421364472273 151.10688916655291791
46.121924867467257059 152.02781089222972355
46.930673607299276284 153.84973901108745054
47.538249766452352674 155.42520301542319316
48.354140427641603139 156.85057941085642597
49.116496842743188722 157.91910207286440482
50.096354594201287114 158.31193042307367591
50.542201417294705834 158.97574445452673331
50.855109910982946531 159.56684065745031376
51.475568087380594307 159.48407799898919279
52.059990311831541021 159.14166656138516487
52.668637385044689836 158.85190065377423707
53.752606877896646154 159.84407136843259423
54.6998340876416691 161.81287216207434199
55.452996777880883883 163.78341467015499688
56.162543738061643239 166.59220824963139762
57.335674485283490753 168.94760388284171881
57.623333800903921542 171.07977319219929768
57.562119893507038171 172.80349007939878447
56.682153778289759316 174.01702180044665624
55.323335683472819824 175.15128129140393298
54.229867977174492921 176.27708563096200578
52.852103578454979527 177.36990804035755787
51.763698737728510935 177.61508614874395562
50.473364307394007255 176.99626658031868942
49.060705262607200439 175.8252379990982206
47.751583982132956407 173.62539158088887348
47.685845040996731825 171.07668740875280378
48.302722487431609011 168.85551537307895842
48.55429314037601074 167.05497144116250752
48.114602940087017657 165.93151598291547089
46.326263931244646699 164.93554638954827851
44.691895306553348632 164.05038464017653155
43.64571652181383854 162.81181423343642223
42.486587874612951055 161.33264696061729637
40.62301415254148651 160.82150573286511985
39.010760396239831493 160.16224859042310413
38.129872597242311372 158.45476220094261066
38.524220478821945335 156.79415658326013272
39.501729943309939586 155.61226218634524798
40.570991157734070498 154.57504570743546424
41.142889164280347813 153.38963421722314706
41.833830700270794978 152.53782652350298576
42.887886785067394158 151.92000810559093793
43.879002207100988642 151.48148560081997971
44.805854421364472273 151.10688916655291791
32 0
29.692582926931955001 -0.68426042236724526902
31.326208952434065225 -0.82001795485653694584
33.063470462245192039 -0.0016782781028368276566
34.575724916371918027 0.95096438620300460798
35.409566176507134116 2.705156061960027003
35.952112860893961965 4.2967209293311814378
36.559261300354251034 7.3178285149529198605
37.072297701938254022 10.988692681031277942
36.985213397178156924 15.509892467798081839
37.175399736018228225 28.599842633277987147
36.47285284152370366 34.511546053483250773
35.243500329271114424 37.218647812069185932
33.729087304963428551 38.95217639307152524
32.117876769225837563 40.228257603864804537
31.094698652397958938 40.852144857251893484
30.165318889009583359 41.121759570820223928
28.505785103378791234 41.506355651109402061
26.378179250826526925 41.496298262750308083
24.428537740018313684 40.904254860347847966
22.315806866294916944 39.776979420337873705
20.790623385323765859 37.947152751504752644
19.787231809698532459 36.397920898736238371
19.468032669665198853 34.044095033904007153
19.719009194682250552 9.6584522241120644992
19.977904733483534017 5.9621027559507018267
20.996354266995020055 4.4045055846087137752
22.010432078238139297 3.4725393285731263049
23.463078780008693514 2.4234188620762306954
24.963029243058159068 1.3904029759835498936
26.466649926836513629 0.55645764481901771603
27.948248768974913503 -0.26527435618285899466
29.692582926931955001 -0.68426042236724526902
