51
21.618634304759986264 165.21645304435057255
22.971051570825103738 165.40646235033588596
23.721069107228906603 165.77212915448342301
24.822675415747347927 166.16189845779422285
25.69244727888930413 166.65876897650261412
26.482117836514284193 167.19780017018811691
27.00601834207598273 167.88217360726835636
27.893150303702128667 168.96146778849850989
28.566599653390667868 169.60456549322282171
29.7599306398183856 171.03717156148860568
30.875153802589174745 172.63830291020866525
32.813677147281325119 175.19481786749565799
34.55876527716483082 177.77699993272230472
35.386732706142105087 179.63250365214653925
35.741490404973582429 180.65457255997915809
35.960392790916706929 181.51940120624175279
36.033540723424344776 182.91156102771475389
35.850803788521474758 184.26164442073016403
35.616702854761761898 185.60262400170142882
35.138437992401307497 187.28620760811156742
34.271379246651378025 189.67336366963729688
32.957148143615306424 192.63333203316929598
31.948133260734358885 194.35787777182699188
30.210903282538026815 195.52708350293369222
28.57321446877283222 196.08984880471132328
26.694653681934291001 196.42940791031327308
24.491360272055871405 196.2398022031820517
22.764847784349363735 195.46067841175624835
20.941616954455575694 194.08800822958136223
19.712805374008929959 192.29462316118838316
19.620052870296781578 190.43034511564692934
20.051102366177104841 188.35575050045611079
20.65403260323980561 186.86239885435659858
20.627068078094971781 185.04649271461903481
20.938713676315238388 183.25303329370217398
20.429617917071155375 181.43555335208151291
19.365734739606317305 179.6061885235137936
17.823264267848983877 177.73502547969391685
16.877665487961678537 176.32677923932081399
16.291134434108364815 175.14996501892670722
16.144425452705618795 174.18443637831271076
16.205999394632598865 173.12980102499008694
16.265955613612206321 172.10058844005243373
16.454000160068730452 171.09297202655753267
16.803057164300021498 170.00503236443483956
17.277759849496547417 168.80777802117080455
17.883856246622002573 167.89493787471587893
18.695401282101329343 166.99339114207933221
19.521208510296659711 166.13887676875782518
20.393685471958718836 165.41137552195647231
21.618634304759986264 165.21645304435057255
