13
6 6
488679.66320619324688 4922047.1284120390192
488682.2856465500663 4922044.5565395001322
488684.83676945546176 4922042.5597976054996
488687.3150187295978 4922046.2442685617134
488684.39554143155692 4922049.6957641886547
488681.65391510055633 4922052.5074555389583
8 6
488672.29845407279208 4922052.3690332751721
488675.90380993130384 4922049.4039717027918
488679.66320619324688 4922047.1284120390192
488681.65391510055633 4922052.5074555389583
488679.88637442339677 4922054.1162471044809
488676.58523635211168 4922056.0406802557409
488673.55602164450102 4922056.3384331734851
488669.13752244896023 4922055.7232321789488
3 6
488669.13752244896023 4922055.7232321789488
488673.55602164450102 4922056.3384331734851
488671.55957202700665 4922057.6712046973407
4 6
488669.13752244896023 4922055.7232321789488
488671.55957202700665 4922057.6712046973407
488669.62695584789617 4922059.8406963851303
488666.52773684315616 4922058.6458751447499
5 6
488663.35617605521111 4922060.687369722873
488666.52773684315616 4922058.6458751447499
488669.62695584789617 4922059.8406963851303
488668.39071872248314 4922061.7587427264079
488664.25656148145208 4922064.2455731956288
5 6
488634.62941939994926 4922070.5379188219085
488630.62367134483065 4922071.6510897260159
488629.48896784358658 4922069.2088393745944
488632.64792472257977 4922067.6475477330387
488636.6990560120903 4922066.563815170899
5 6
488660.2762418242055 4922061.2429887596518
488663.35617605521111 4922060.687369722873
488664.25656148145208 4922064.2455731956288
488662.0034235669882 4922065.6364261256531
488658.53496973391157 4922065.9914834871888
4 6
488657.36548972839955 4922061.0660801511258
488660.2762418242055 4922061.2429887596518
488658.53496973391157 4922065.9914834871888
488656.70563666126691 4922065.8718999652192
7 6
488650.28996876248857 4922062.2696822816506
488654.45340375695378 4922060.8852609349415
488657.36548972839955 4922061.0660801511258
488656.70563666126691 4922065.8718999652192
488654.28469056531321 4922067.1707720877603
488652.00732659763889 4922067.983733156696
488647.71152502612676 4922064.1309206699952
7 6
488644.85463260533288 4922064.5026387656108
488647.71152502612676 4922064.1309206699952
488652.00732659763889 4922067.983733156696
488650.34667648794129 4922069.2760489936918
488647.59896649740404 4922069.7882775329053
488645.19565166952088 4922069.5824395241216
488641.26258813153254 4922065.9684835784137
4 6
488641.26258813153254 4922065.9684835784137
488645.19565166952088 4922069.5824395241216
488641.74312618904514 4922069.747657770291
488636.6990560120903 4922066.563815170899
4 6
488636.6990560120903 4922066.563815170899
488641.74312618904514 4922069.747657770291
488638.59467567730462 4922070.1954161701724
488634.62941939994926 4922070.5379188219085
3 6
488630.62367134483065 4922071.6510897260159
488630.62367134483065 4922071.6510897260159
488634.62941939994926 4922070.5379188219085
