3
16 5
488681.58010617422406 4922019.1461157854646
488677.44437205197755 4922020.5400930372998
488674.77456407574937 4922020.2008123416454
488672.43178122740937 4922017.4632835360244
488670.50228751671966 4922013.102390053682
488668.4573050851468 4922008.0034292358905
488668.42844127421267 4922000.8298440035433
488669.49586989247473 4921995.246376353316
488670.46160813939059 4921992.3730487395078
488672.34964516968466 4921990.051370581612
488674.05931273603346 4921988.3353511467576
488676.39919394819299 4921987.7495183404535
488679.25432929600356 4921988.16705319006
488681.26143955386942 4921990.2310370402411
488683.2372025733348 4921994.3778836503625
488684.43088151828852 4921997.7734857667238
7 5
488681.58010617422406 4922019.1461157854646
488684.43088151828852 4921997.7734857667238
488685.80370463727741 4922000.4645854979753
488686.07307803019648 4922005.0893484074622
488685.19525540817995 4922010.3283942630515
488684.39533760701306 4922014.3717384459451
488683.73091770772589 4922016.5366008551791
3 5
488681.58010617422406 4922019.1461157854646
488681.58010617422406 4922019.1461157854646
488683.73091770772589 4922016.5366008551791
