5
8 5
488473.66317006520694 4921975.303190455772
488474.32208457536763 4921978.4462578073144
488473.83555514982436 4921982.0743829384446
488470.95694823306985 4921982.9506181934848
488466.26792201708304 4921981.4443050958216
488458.19537754019257 4921977.216838655062
488467.32449717144482 4921970.1013752091676
488470.83192342473194 4921972.3600402772427
7 5
488449.98040108772693 4921963.4600105006248
488449.07672972878208 4921959.1372798681259
488451.2771864667302 4921955.7822913592681
488454.19731838838197 4921954.7580412663519
488456.85110882826848 4921957.3313475400209
488458.38445981597761 4921960.5338677465916
488451.54066902492195 4921967.2706259600818
6 5
488453.76905752031598 4921972.5458265021443
488451.54066902492195 4921967.2706259600818
488458.38445981597761 4921960.5338677465916
488460.72621585178422 4921963.0777708990499
488463.31651967257494 4921966.1163437301293
488458.19537754019257 4921977.216838655062
5 5
488458.19537754019257 4921977.216838655062
488463.31651967257494 4921966.1163437301293
488466.86784836562583 4921968.9795572971925
488467.10605735430727 4921969.4653755398467
488467.32449717144482 4921970.1013752091676
3 5
488473.66317006520694 4921975.303190455772
488473.66317006520694 4921975.303190455772
488470.83192342473194 4921972.3600402772427
