7
9 4
488622.75793679041089 4922025.4341386286542
488621.47818566329079 4922024.6664340924472
488620.50828107108828 4922022.5608101263642
488621.31180185242556 4922020.3010998899117
488622.83014575293055 4922019.1274910811335
488624.17337237618631 4922018.1597750075161
488628.43341442703968 4922020.9827691586688
488627.68775724252919 4922022.0262097483501
488626.46228415169753 4922023.2356134233996
9 4
488623.38609168550465 4922014.4876311589032
488622.53754359064624 4922012.6369227319956
488622.55783957376843 4922011.0429911846295
488623.07545776676852 4922009.7428321512416
488624.61469846148975 4922008.9513721996918
488626.06162375031272 4922009.0546209579334
488627.9464380479767 4922010.1983193317428
488629.14747534546768 4922012.1020316835493
488624.46884413529187 4922015.6882382081822
4 4
488624.46884413529187 4922015.6882382081822
488629.14747534546768 4922012.1020316835493
488630.32244182698196 4922013.3168950146064
488624.70374169811839 4922016.9347018422559
9 4
488624.70374169811839 4922016.9347018422559
488630.32244182698196 4922013.3168950146064
488631.5737516002846 4922013.6191965239123
488633.12322234653402 4922014.565347016789
488633.78721941582626 4922015.9369663549587
488633.48133993230294 4922017.1924214884639
488632.77908067323733 4922018.6310583781451
488631.5150364645524 4922019.6187556646764
488630.009759994864 4922020.0417965548113
4 4
488624.70374169811839 4922016.9347018422559
488630.009759994864 4922020.0417965548113
488628.43341442703968 4922020.9827691586688
488624.17337237618631 4922018.1597750075161
4 4
488622.75793679041089 4922025.4341386286542
488626.46228415169753 4922023.2356134233996
488625.80290276434971 4922024.2121988320723
488624.79239672399126 4922025.0001312196255
3 4
488622.75793679041089 4922025.4341386286542
488622.75793679041089 4922025.4341386286542
488624.79239672399126 4922025.0001312196255
