1
20 4
488478.82067530351924 4921945.1095177009702
488480.21682311675977 4921945.8479532273486
488481.16819301887881 4921946.5362927904353
488482.73274919722462 4921948.0663088597357
488483.37862586276606 4921949.1701699746773
488483.59909832663834 4921950.5518230684102
488483.17129387659952 4921951.9214268233627
488482.48907425708603 4921953.2588658407331
488481.44405580713646 4921953.8429793054238
488480.56609570170986 4921954.1243688194081
488479.15236385870958 4921954.0184474317357
488477.91437706601573 4921953.5468794889748
488476.30174286302645 4921952.450842239894
488475.20002101064892 4921950.3933033673093
488474.92748328653397 4921948.9501677583903
488475.0196675832849 4921947.1672496758401
488475.59677013370674 4921946.1442642761394
488476.80174998450093 4921945.2611283697188
488477.49193722632481 4921944.8939205138013
488478.82067530351924 4921945.1095177009702
