1
17 1
488684.20284625492059 4922279.8552938820794
488681.54018959560199 4922279.2101941658184
488679.73611866595456 4922276.672387201339
488678.98879029694945 4922273.2065938580781
488678.10242496582214 4922266.5514207119122
488677.60879092587857 4922261.831916699186
488677.51431907532969 4922258.0919699389488
488678.26525432616472 4922254.3254061331972
488680.28501826938009 4922253.3816283242777
488683.38868203264428 4922253.2096563251689
488684.82161986589199 4922254.545614046976
488685.96927946573123 4922256.4932005321607
488686.89023736835225 4922262.0308603337035
488687.27086443227017 4922271.1200908124447
488687.18015147629194 4922275.3572334675118
488686.64187829912407 4922278.0450030593202
488684.20284625492059 4922279.8552938820794
