1
14 1
488679.64782332163304 4922237.878788263537
488677.60751532606082 4922237.9688151590526
488675.89192842022749 4922237.1241188067943
488674.54009773134021 4922235.0346823362634
488674.34858087159228 4922232.0912407683209
488675.24409150949214 4922228.9242176292464
488677.11944620322902 4922227.4987956751138
488679.57327826903202 4922227.5408028466627
488681.13983529119287 4922228.8041291991249
488682.46186088281684 4922231.2454812796786
488682.60671979963081 4922233.6622027028352
488682.16830029711127 4922235.5739261480048
488681.14558680477785 4922236.9693589173257
488679.64782332163304 4922237.878788263537
