11
8 4
488593.18377111764858 4922004.4277240792289
488592.79136864258908 4922002.3723488729447
488592.85316532722209 4922000.746770224534
488593.73249492247123 4921999.6661085253581
488594.84271168970736 4921999.5741954790428
488596.55591374158394 4922000.4419036963955
488596.87991210620385 4922001.8189368052408
488594.20102305128239 4922005.5973189864308
4 4
488594.20102305128239 4922005.5973189864308
488596.87991210620385 4922001.8189368052408
488597.93011947692139 4922003.364512020722
488595.65519951470196 4922006.8262528209016
4 4
488595.65519951470196 4922006.8262528209016
488597.93011947692139 4922003.364512020722
488598.80842483846936 4922004.5956623191014
488597.95325447886717 4922007.8680320400745
4 4
488597.95325447886717 4922007.8680320400745
488598.80842483846936 4922004.5956623191014
488600.69300057727378 4922005.0514968298376
488600.30570490163518 4922008.6925228601322
7 4
488601.54150141985156 4922009.6020581945777
488600.30570490163518 4922008.6925228601322
488600.69300057727378 4922005.0514968298376
488602.71145560313016 4922004.6214474365115
488604.21251512342133 4922005.2553136460483
488604.98672367847757 4922006.8553141755983
488605.64291021449026 4922008.218650771305
6 4
488604.11477158247726 4922012.5006072763354
488602.70568327396177 4922011.1095248740166
488601.54150141985156 4922009.6020581945777
488605.64291021449026 4922008.218650771305
488606.71155338408425 4922009.3326636841521
488605.4097782515455 4922013.6492330227047
8 4
488611.97892979311291 4922013.9021393815055
488611.11392264376627 4922014.7830924550071
488609.62087590841111 4922015.2131077814847
488607.08559966942994 4922014.8371804682538
488605.4097782515455 4922013.6492330227047
488606.71155338408425 4922009.3326636841521
488609.02353988535469 4922009.613935620524
488612.63756206084508 4922012.8468324383721
4 4
488612.63756206084508 4922012.8468324383721
488609.02353988535469 4922009.613935620524
488610.89418143889634 4922008.5556300040334
488613.35774981684517 4922011.2681858120486
5 4
488614.34877256321488 4922009.9559859745204
488613.35774981684517 4922011.2681858120486
488610.89418143889634 4922008.5556300040334
488611.49396644963417 4922006.7450163867325
488615.16375245986274 4922008.8501419015229
14 4
488617.1785133513622 4921998.8510422101244
488618.17090639501112 4921999.9387476472184
488618.76971884741215 4922001.2021777844056
488619.0703670407529 4922003.1018437650055
488618.37164284993196 4922004.5847086068243
488617.27568836853607 4922006.2480053510517
488616.12994224810973 4922007.6862005218863
488615.16375245986274 4922008.8501419015229
488611.49396644963417 4922006.7450163867325
488612.20028602494858 4922004.0539268655702
488612.82258629129501 4922002.0368157839403
488613.80306462320732 4922000.1455441284925
488614.82267965789651 4921999.1543552065268
488616.01693777809851 4921998.5591856436804
3 4
488617.1785133513622 4921998.8510422101244
488617.1785133513622 4921998.8510422101244
488616.01693777809851 4921998.5591856436804
