17
3 2
488852.03476397646591 4922415.5725328437984
488849.30406447465066 4922414.0534724155441
488856.32755011681002 4922410.1845791330561
4 2
488860.18638000101782 4922429.3850378608331
488857.3261682552984 4922430.5785110928118
488856.64626966801006 4922428.3256475739181
488856.31253516778816 4922423.1849965490401
4 2
488854.9764937692089 4922419.8765917727724
488852.03476397646591 4922415.5725328437984
488856.32755011681002 4922410.1845791330561
488879.52749668335309 4922402.9782903743908
5 2
488879.52749668335309 4922402.9782903743908
488864.65259978862014 4922428.1713603194803
488860.18638000101782 4922429.3850378608331
488856.31253516778816 4922423.1849965490401
488854.9764937692089 4922419.8765917727724
9 2
488924.05758279736619 4922412.7785547999665
488899.55686146672815 4922420.1934529999271
488884.05263795267092 4922424.4160022623837
488872.44634147098986 4922426.9802104476839
488864.65259978862014 4922428.1713603194803
488879.52749668335309 4922402.9782903743908
488897.3938439747435 4922397.4784004203975
488908.45137019921094 4922394.480905758217
488918.19288681418402 4922392.7654439108446
5 2
488937.20663309213705 4922410.1787334177643
488924.05758279736619 4922412.7785547999665
488918.19288681418402 4922392.7654439108446
488930.39054302644217 4922389.1733045931906
488944.33031432982534 4922408.4269244289026
8 2
488963.58093753672438 4922394.9540771991014
488958.92732653429266 4922399.6114662401378
488951.46490365365753 4922404.7475942466408
488944.33031432982534 4922408.4269244289026
488930.39054302644217 4922389.1733045931906
488940.12884775490966 4922384.7154371989891
488965.1842847817461 4922375.741897479631
488968.11797771538841 4922389.6941826958209
4 2
488974.60612541250885 4922386.0221331892535
488968.11797771538841 4922389.6941826958209
488965.1842847817461 4922375.741897479631
488992.05291978880996 4922367.2180821113288
3 2
488979.56341178854927 4922383.7153115402907
488974.60612541250885 4922386.0221331892535
488992.05291978880996 4922367.2180821113288
3 2
488987.81987721566111 4922384.727380190976
488979.56341178854927 4922383.7153115402907
488992.05291978880996 4922367.2180821113288
4 2
488996.1131371211377 4922387.1044040387496
488987.81987721566111 4922384.727380190976
488992.05291978880996 4922367.2180821113288
489021.65929869859247 4922360.079140830785
5 2
489005.98188158497214 4922389.2790210414678
489000.41690403723624 4922388.6025730250403
488996.1131371211377 4922387.1044040387496
489021.65929869859247 4922360.079140830785
489010.41678225033684 4922387.8695030417293
5 2
489027.44625109317712 4922382.55994213745
489017.95920142700197 4922386.2554004574195
489010.41678225033684 4922387.8695030417293
489021.65929869859247 4922360.079140830785
489043.04463862470584 4922355.8343574469909
3 2
489045.6076858266606 4922377.8155849920586
489027.44625109317712 4922382.55994213745
489043.04463862470584 4922355.8343574469909
4 2
489062.52240548754344 4922374.8678379673511
489045.6076858266606 4922377.8155849920586
489043.04463862470584 4922355.8343574469909
489062.4625257612206 4922352.583347145468
9 2
489070.11459783790633 4922356.7668898236006
489072.80849733040668 4922360.3551278179511
489073.83316479623318 4922364.7127389535308
489073.57247105950955 4922368.3410003678873
489071.0939120388939 4922371.6887879772112
489067.36253135907464 4922374.3082925556228
489062.52240548754344 4922374.8678379673511
489062.4625257612206 4922352.583347145468
489067.10064884944586 4922354.2943883184344
3 2
489062.4625257612206 4922352.583347145468
489062.4625257612206 4922352.583347145468
489067.10064884944586 4922354.2943883184344
