11
8 6
488852.86234397860244 4922445.8851531837136
488852.26210280007217 4922442.8380910987034
488853.00022181950044 4922438.4723129263148
488855.55929839261808 4922433.9926410922781
488859.88164430455072 4922432.3489580368623
488863.31433259992627 4922432.5822861939669
488867.49250191409374 4922433.5718105845153
488871.1023719497025 4922435.1552541665733
6 6
488852.50918189412914 4922448.6553477495909
488852.86234397860244 4922445.8851531837136
488871.1023719497025 4922435.1552541665733
488874.81105664506322 4922434.7793633108959
488879.57887120608939 4922470.8485892871395
488873.75674034812255 4922473.4537944858894
7 6
488910.95782485313248 4922429.0923459203914
488916.62804002634948 4922424.8660504566506
488921.07512705394765 4922423.7838979428634
488925.00802857946837 4922425.5789406569675
488929.13627926347544 4922428.5433619795367
488933.75120651628822 4922433.0482499459758
488936.38264934899053 4922438.6760948188603
5 6
488907.29942314123036 4922431.7770587019622
488910.95782485313248 4922429.0923459203914
488936.38264934899053 4922438.6760948188603
488938.85411486012163 4922443.985857562162
488938.50482859188924 4922450.8931571394205
11 6
488907.29942314123036 4922431.7770587019622
488938.50482859188924 4922450.8931571394205
488938.3145355147426 4922456.3431791765615
488936.24512321915245 4922462.5331952637061
488933.48882193298778 4922466.1643552482128
488930.4734816197888 4922469.1073581278324
488927.64466942852596 4922470.5824757898226
488920.60898532677675 4922471.2125823758543
488912.5699181749369 4922470.2312714261934
488907.21150543045951 4922469.0806095544249
488902.11860728746979 4922433.2918767798692
5 6
488902.11860728746979 4922433.2918767798692
488907.21150543045951 4922469.0806095544249
488900.34412878047442 4922468.0789655474946
488897.16193456749897 4922466.860408468172
488896.71053800993832 4922433.9617758076638
5 6
488892.65823740733322 4922433.1553971562535
488896.71053800993832 4922433.9617758076638
488897.16193456749897 4922466.860408468172
488890.1760029073921 4922468.3322257464752
488887.43928181636147 4922432.3645218582824
7 6
488877.19249514839612 4922433.0903239296749
488880.6143072215491 4922431.0299730664119
488884.61555778014008 4922431.0347919082269
488887.43928181636147 4922432.3645218582824
488890.1760029073921 4922468.3322257464752
488879.57887120608939 4922470.8485892871395
488874.81105664506322 4922434.7793633108959
3 6
488851.50614187429892 4922451.3489728858694
488852.50918189412914 4922448.6553477495909
488873.75674034812255 4922473.4537944858894
12 6
488852.64565790974302 4922477.5055102249607
488849.82765333727002 4922474.8398115485907
488847.62221034470713 4922471.2564745955169
488846.76966785005061 4922467.3440538840368
488847.38475925242528 4922462.1188005283475
488849.13047072885092 4922457.1929724635556
488851.50614187429892 4922451.3489728858694
488873.75674034812255 4922473.4537944858894
488867.55294839781709 4922476.5101581513882
488862.87027793459129 4922478.0929078012705
488859.57903777784668 4922479.1822308283299
488857.04855675774161 4922479.5343599962071
3 6
488852.64565790974302 4922477.5055102249607
488852.64565790974302 4922477.5055102249607
488857.04855675774161 4922479.5343599962071
