1
16 1
489098.30542708665598 4922362.1833921512589
489100.84328406088753 4922361.5830649137497
489103.61513755237684 4922362.0101548098028
489105.28296606388176 4922363.2096149194986
489106.47207057452761 4922364.6239139148965
489106.86312637093943 4922366.5730079971254
489106.3043638705858 4922368.8584863189608
489104.86391804390587 4922370.2249654922634
489101.36251959350193 4922370.6232716590166
489098.34808451018762 4922370.7178599946201
489095.7107665623189 4922370.6763931922615
489094.02170837437734 4922369.5701740020886
489093.06824289413635 4922366.9141535703093
489093.91723833436845 4922364.468227667734
489095.94690843409626 4922362.8059369763359
489098.30542708665598 4922362.1833921512589
