10
7 4
488991.8107137279585 4922400.9212246406823
488993.50826595339458 4922402.116983121261
488994.13777950499207 4922403.9374285358936
488993.78329237253638 4922406.3181237587705
488992.1929085800075 4922407.4827052485198
488990.4234317119699 4922407.5625222176313
488990.12978693039622 4922400.2579667232931
4 4
488990.12978693039622 4922400.2579667232931
488990.4234317119699 4922407.5625222176313
488989.09864480537362 4922407.7741194730625
488988.88766976579791 4922399.1208757683635
6 4
488988.05955801904202 4922397.6573484539986
488988.88766976579791 4922399.1208757683635
488989.09864480537362 4922407.7741194730625
488987.96428396739066 4922408.9154868675396
488979.89625521970447 4922404.7834109133109
488980.56537376932101 4922402.980404288508
9 4
488980.74379939638311 4922413.0724047068506
488979.53938272886444 4922413.4257998885587
488978.26297557313228 4922413.1701296493411
488976.44404750480317 4922411.7930849557742
488975.49551898636855 4922409.6452527306974
488975.75171340350062 4922407.6646084748209
488976.97946754272562 4922405.8882528748363
488978.11401729600038 4922405.4429480778053
488979.89625521970447 4922404.7834109133109
3 4
488981.46450797864236 4922413.473961988464
488980.74379939638311 4922413.0724047068506
488979.89625521970447 4922404.7834109133109
10 4
488988.14958499989007 4922410.607921984978
488988.00885550642852 4922411.8034956343472
488987.11956963513512 4922413.510791935958
488986.13464095367817 4922414.5864101806656
488984.98565159767168 4922415.0242695705965
488983.7644155282178 4922414.8502931687981
488982.30910812824732 4922414.1183097641915
488981.46450797864236 4922413.473961988464
488979.89625521970447 4922404.7834109133109
488987.96428396739066 4922408.9154868675396
4 4
488988.05955801904202 4922397.6573484539986
488980.56537376932101 4922402.980404288508
488980.51750133681344 4922400.7855435339734
488981.64917551819235 4922398.8906021611765
4 4
488988.05955801904202 4922397.6573484539986
488981.64917551819235 4922398.8906021611765
488981.40501907153521 4922397.1291893301532
488988.42912213713862 4922395.7405666494742
11 4
488984.77967278053984 4922390.1739236395806
488986.65374850173248 4922390.9293251978233
488987.98539238685044 4922392.3711094427854
488988.60562869661953 4922394.1788869807497
488988.42912213713862 4922395.7405666494742
488981.40501907153521 4922397.1291893301532
488980.63433688809164 4922395.3803954944015
488980.9436447705375 4922393.5403667204082
488981.88640495366417 4922392.0772746531293
488982.66098506184062 4922391.3447585888207
488983.75312676059548 4922390.5001791287214
3 4
488984.77967278053984 4922390.1739236395806
488984.77967278053984 4922390.1739236395806
488983.75312676059548 4922390.5001791287214
