3
6 1
489120.83193230838515 4922361.733221876435
489117.63169334473787 4922361.2600255487487
489115.66553818056127 4922360.3030576659366
489114.82869679108262 4922358.2983488561586
489115.58058538928162 4922355.9388314718381
489123.47994437947636 4922361.5004955297336
12 1
489125.82088649371872 4922353.3025513663888
489128.37165868008742 4922354.5100586023182
489129.66561361961067 4922356.4645805116743
489129.83013583312277 4922358.1046937322244
489128.87663966004038 4922360.0619979947805
489126.37752709758934 4922361.3889360232279
489123.47994437947636 4922361.5004955297336
489115.58058538928162 4922355.9388314718381
489115.60309700254584 4922355.7605517720804
489116.97488683863776 4922354.2061651051044
489118.96222571056569 4922353.4540182994679
489122.07524660188938 4922353.0252271462232
3 1
489118.96222571056569 4922353.4540182994679
489118.96222571056569 4922353.4540182994679
489122.07524660188938 4922353.0252271462232
