7
10 1
489230.68208863382461 4922348.5112140215933
489235.17994344909675 4922348.3568843537942
489233.02187274157768 4922357.3039716361091
489227.14270159113221 4922357.2992483507842
489224.00023819849594 4922357.094716951251
489222.03850933950162 4922356.5950977010652
489220.78326439915691 4922354.6926804948598
489220.93276994780172 4922352.076044479385
489221.8832780199009 4922350.0809016572312
489226.86613592202775 4922348.8376735309139
11 1
489248.97157432499807 4922347.8474123356864
489251.19303543597925 4922348.1188233187422
489252.70352171349805 4922349.2650663889945
489253.73625020333566 4922350.7896299548447
489253.96111165487673 4922352.5657195169479
489253.85496854712255 4922354.2148246066645
489253.49526757927379 4922355.6564281238243
489252.52593851916026 4922356.4126076512039
489250.84537675912725 4922356.6476004719734
489248.26848851959221 4922356.4265349637717
489243.18222135870019 4922348.2799572646618
3 1
489243.18222135870019 4922348.2799572646618
489248.26848851959221 4922356.4265349637717
489245.3107934492291 4922356.4221759689972
4 1
489243.18222135870019 4922348.2799572646618
489245.3107934492291 4922356.4221759689972
489243.27816682180855 4922356.7058628816158
489235.17994344909675 4922348.3568843537942
5 1
489235.17994344909675 4922348.3568843537942
489243.27816682180855 4922356.7058628816158
489240.23331160994712 4922357.2133667664602
489237.57011234463425 4922357.414763269946
489233.02187274157768 4922357.3039716361091
3 1
489223.85639897483634 4922348.9991513928398
489226.86613592202775 4922348.8376735309139
489221.8832780199009 4922350.0809016572312
3 1
489221.8832780199009 4922350.0809016572312
489221.8832780199009 4922350.0809016572312
489223.85639897483634 4922348.9991513928398
