5
30 2
-4228719.8256071871147 2566741.7984367609024
-4228714.9089846611023 2566743.7446095142514
-4228711.9046050282195 2566745.6345377471298
-4228709.0647396622226 2566748.1125361500308
-4228706.6480629146099 2566751.8819313654676
-4228707.1423290651292 2566760.8885295419022
-4228707.1547380760312 2566766.3000418874435
-4228707.8773083360866 2566771.9958275235258
-4228710.8040555957705 2566777.7157192099839
-4228712.4758707620203 2566782.1462662350386
-4228713.8513110475615 2566786.2417929563671
-4228710.6349167898297 2566797.6544615952298
-4228712.3913652515039 2566798.9293441791087
-4228716.7502359068021 2566794.8851662338711
-4228723.2216356275603 2566790.2349177910946
-4228729.424750758335 2566788.7758580334485
-4228731.3584184059873 2566785.0258174124174
-4228730.9491631854326 2566780.4596428922378
-4228729.909636949189 2566775.6313349422999
-4228730.9344707475975 2566768.2539971629158
-4228733.5466801216826 2566763.1274564145133
-4228736.0617829421535 2566757.8000393733382
-4228738.7579240519553 2566753.0558726168238
-4228739.3211762905121 2566749.1532629295252
-4228737.3919033873826 2566745.6467436375096
-4228733.2307080840692 2566742.8027600264177
-4228729.0506614511833 2566741.5960078425705
-4228724.2316212523729 2566740.959198106546
-4228721.6413193438202 2566741.0572344614193
-4228719.8256071871147 2566741.7984367609024
51 3
-4228727.7027957020327 2566791.447911276482
-4228726.3503784369677 2566791.6379205822013
-4228725.6003609001637 2566792.0035873865709
-4228724.4987545916811 2566792.3933566901833
-4228723.6289827283472 2566792.8902272088453
-4228722.8393121706322 2566793.4292584019713
-4228722.3154116645455 2566794.1136318393983
-4228721.428279703483 2566795.1929260203615
-4228720.7548303538933 2566795.8360237255692
-4228719.5614993674681 2566797.2686297935434
-4228718.4462762046605 2566798.8697611424141
-4228716.507752859965 2566801.4262760998681
-4228714.7626647297293 2566804.0084581649862
-4228713.934697301127 2566805.8639618842863
-4228713.5799396019429 2566806.886030791793
-4228713.3610372161493 2566807.7508594384417
-4228713.2878892831504 2566809.1430192599073
-4228713.4706262182444 2566810.4931026529521
-4228713.7047271523625 2566811.8340822337195
-4228714.182992015034 2566813.5176658402197
-4228715.050050759688 2566815.9048219015822
-4228716.3642818639055 2566818.8647902654484
-4228717.3732967460528 2566820.5893360036425
-4228719.1105267237872 2566821.7585417348891
-4228720.7482155375183 2566822.3213070370257
-4228722.6267763255164 2566822.6608661422506
-4228724.8300697347149 2566822.4712604349479
-4228726.5565822226927 2566821.6921366439201
-4228728.3798130527139 2566820.3194664614275
-4228729.6086246324703 2566818.5260813934729
-4228729.7013771366328 2566816.6618033479899
-4228729.2703276406974 2566814.5872087324969
-4228728.6673974040896 2566813.0938570862636
-4228728.6943619288504 2566811.2779509467073
-4228728.3827163306996 2566809.4844915261492
-4228728.8918120898306 2566807.6670115841553
-4228729.9556952677667 2566805.8376467558555
-4228731.4981657397002 2566803.9664837117307
-4228732.4437645189464 2566802.5582374716178
-4228733.030295573175 2566801.3814232512377
-4228733.177004554309 2566800.4158946103416
-4228733.1154306130484 2566799.3612592569552
-4228733.0554743940011 2566798.3320466722362
-4228732.8674298468977 2566797.3244302589446
-4228732.518372843042 2566796.2364905965514
-4228732.0436701569706 2566795.0392362535931
-4228731.4375737607479 2566794.1263961070217
-4228730.6260287249461 2566793.2248493740335
-4228729.800221497193 2566792.3703350005671
-4228728.927744534798 2566791.6428337539546
-4228727.7027957020327 2566791.447911276482
32 1
-4228719.6288470802829 2566625.5471978099085
-4228717.9952210541815 2566625.4114402774721
-4228716.25795954559 2566626.2297799540684
-4228714.7457050904632 2566627.1824226183817
-4228713.9118638308719 2566628.9366142940708
-4228713.3693171469495 2566630.5281791612506
-4228712.7621687073261 2566633.5492867473513
-4228712.2491323053837 2566637.2201509131119
-4228712.336216609925 2566641.7413507001474
-4228712.1460302714258 2566654.8313008653931
-4228712.8485771659762 2566660.7430042857304
-4228714.0779296774417 2566663.4501060442999
-4228715.5923427026719 2566665.1836346252821
-4228717.203553237021 2566666.4597158362158
-4228718.2267313543707 2566667.0836030892096
-4228719.1561111183837 2566667.3532178029418
-4228720.8156449031085 2566667.7378138834611
-4228722.9432507557794 2566667.7277564946562
-4228724.8928922666237 2566667.1357130925171
-4228727.0056231403723 2566666.0084376526065
-4228728.5308066215366 2566664.1786109833047
-4228729.5341981975362 2566662.6293791308999
-4228729.8533973377198 2566660.2755532660522
-4228729.6024208124727 2566635.8899104562588
-4228729.3435252727941 2566632.1935609881766
-4228728.3250757399946 2566630.6359638166614
-4228727.3109979284927 2566629.7039975607768
-4228725.858351226896 2566628.6548770940863
-4228724.3584007639438 2566627.6218612082303
-4228722.8547800807282 2566626.7879158770666
-4228721.3731812387705 2566625.9661838756874
-4228719.6288470802829 2566625.5471978099085
77 4
-4228738.8703611465171 2566765.6483803219162
-4228738.0318963015452 2566766.1060305181891
-4228737.5057453503832 2566766.5873590717092
-4228737.0180176645517 2566767.2362239374779
-4228736.526973570697 2566768.1815531263128
-4228736.2995372777805 2566768.9636982758529
-4228736.2188912201673 2566769.9416076322086
-4228736.3485281206667 2566771.0757411746308
-4228736.7500972859561 2566772.4457182670012
-4228737.6200536908582 2566773.7405980462208
-4228738.4154435675591 2566774.51994762104
-4228739.5960814245045 2566775.2619540854357
-4228740.7144228667021 2566775.6984029314481
-4228741.6711314581335 2566775.9257456171326
-4228742.7020838782191 2566776.1162023772486
-4228743.5128586180508 2566776.8558835033327
-4228743.7233567740768 2566777.4221690506674
-4228743.3597177099437 2566778.2072661640123
-4228742.4082282856107 2566778.7940919375978
-4228741.3619839781895 2566779.5058559291065
-4228740.4939287891611 2566780.6403848291375
-4228739.8499882230535 2566781.7800034359097
-4228739.5002371147275 2566782.5158183607273
-4228738.7536047939211 2566783.1675161863677
-4228737.6582881323993 2566783.3903547814116
-4228736.3718428853899 2566783.8524467148818
-4228735.0112578338012 2566784.7775376588106
-4228734.2428767159581 2566786.1183353145607
-4228733.9084789706394 2566787.7040335573256
-4228734.0258988589048 2566788.8442188645713
-4228734.62752249185 2566789.6081030438654
-4228735.5635953377932 2566790.4829066749662
-4228735.9291343884543 2566791.4836450237781
-4228736.1129761040211 2566793.1190684661269
-4228736.770650729537 2566794.6832541208714
-4228738.1368463607505 2566795.2215801388957
-4228739.6924543110654 2566795.0861566476524
-4228741.2532531078905 2566793.9694960876368
-4228742.2750127883628 2566792.761124309618
-4228743.4623300703242 2566791.5658808182925
-4228744.8602556362748 2566790.5549485050142
-4228746.4508414184675 2566790.1085463054478
-4228747.9837579736486 2566790.0683787590824
-4228749.5825443556532 2566789.7746033119038
-4228750.4368764953688 2566788.4908952456899
-4228750.5855981679633 2566787.0662264432758
-4228751.3438375331461 2566786.0213481672108
-4228751.3580233473331 2566785.0644111563452
-4228750.8757773404941 2566783.9739113277756
-4228751.122554496862 2566783.0900327255949
-4228751.9700646363199 2566782.214954873547
-4228752.7477023610845 2566781.3129902267829
-4228753.1721010832116 2566780.0009005242027
-4228753.246545933187 2566778.7154329265468
-4228753.0596499061212 2566777.2403903701343
-4228752.6977519132197 2566775.5765001145191
-4228751.9478901186958 2566774.2416296279989
-4228751.1767135243863 2566773.2243952169083
-4228750.5905487406999 2566772.3548982120119
-4228750.3672588914633 2566771.6101403790526
-4228750.5727983778343 2566770.8827170091681
-4228750.7979329619557 2566770.0372592038475
-4228750.8980039432645 2566768.9212482939474
-4228750.6882019992918 2566767.7246005330235
-4228749.7900191256776 2566766.8300371789373
-4228748.5606569815427 2566766.2204631506465
-4228747.5786641314626 2566766.3672349229455
-4228746.4770396417007 2566766.7707864479162
-4228745.4347177669406 2566767.2850979357027
-4228744.7330635227263 2566767.5552735272795
-4228744.0461009116843 2566767.4520623912103
-4228743.2890782104805 2566766.81682386389
-4228742.4120013937354 2566766.2232480375096
-4228741.4436091482639 2566765.6338691716082
-4228740.5370303960517 2566765.4203937104903
-4228739.7479896098375 2566765.4542764914222
-4228738.8703611465171 2566765.6483803219162
46 4
-4228704.5155755858868 2566777.338347398676
-4228703.1995051391423 2566778.2592691243626
-4228702.3907563993707 2566780.0811972431839
-4228701.7831802405417 2566781.6566612473689
-4228700.9672895800322 2566783.0820376430638
-4228700.2049331646413 2566784.1505603049882
-4228699.2250754125416 2566784.5433886549436
-4228698.7792285904288 2566785.2072026864626
-4228698.4663200955838 2566785.7982988897711
-4228697.8458619201556 2566785.7155362311751
-4228697.261439695023 2566785.3731247936375
-4228696.6527926223353 2566785.0833588857204
-4228695.5688231289387 2566786.0755296009593
-4228694.6215959200636 2566788.0443303943612
-4228693.8684332286939 2566790.014872902073
-4228693.1588862696663 2566792.8236664817668
-4228691.9857555218041 2566795.1790621150285
-4228691.6980962064117 2566797.3112314245664
-4228691.7593101132661 2566799.0349483117461
-4228692.6392762288451 2566800.2484800326638
-4228693.9980943230912 2566801.3827395234257
-4228695.0915620299056 2566802.5085438629612
-4228696.469326429069 2566803.6013662726618
-4228697.5577312689275 2566803.8465443807654
-4228698.8480656994507 2566803.2277248124592
-4228700.2607247447595 2566802.056696231477
-4228701.5698460247368 2566799.8568498129025
-4228701.6355849662796 2566797.3081456413493
-4228701.0187075193971 2566795.0869736052118
-4228700.7671368671581 2566793.2864296734333
-4228701.2068270668387 2566792.1629742151126
-4228702.9951660763472 2566791.1670046220534
-4228704.6295347008854 2566790.2818428725004
-4228705.6757134860381 2566789.0432724654675
-4228706.8348421324044 2566787.564105192665
-4228708.6984158549458 2566787.0529639646411
-4228710.3106696112081 2566786.3937068227679
-4228711.1915574101731 2566784.6862204330973
-4228710.7972095282748 2566783.0256148157641
-4228709.8197000641376 2566781.8437204184011
-4228708.7504388494417 2566780.806503939908
-4228708.1785408426076 2566779.621092449408
-4228707.4875993067399 2566778.7692847559229
-4228706.433543222025 2566778.1514663379639
-4228705.442427800037 2566777.7129438333213
-4228704.5155755858868 2566777.338347398676
