46
44.805854421364472273 151.10688916655291791
46.121924867467257059 152.02781089222972355
46.930673607299276284 153.84973901108745054
47.538249766452352674 155.42520301542319316
48.354140427641603139 156.85057941085642597
49.116496842743188722 157.91910207286440482
50.096354594201287114 158.31193042307367591
50.542201417294705834 158.97574445452673331
50.855109910982946531 159.56684065745031376
51.475568087380594307 159.48407799898919279
52.059990311831541021 159.14166656138516487
52.668637385044689836 158.85190065377423707
53.752606877896646154 159.84407136843259423
54.6998340876416691 161.81287216207434199
55.452996777880883883 163.78341467015499688
56.162543738061643239 166.59220824963139762
57.335674485283490753 168.94760388284171881
57.623333800903921542 171.07977319219929768
57.562119893507038171 172.80349007939878447
56.682153778289759316 174.01702180044665624
55.323335683472819824 175.15128129140393298
54.229867977174492921 176.27708563096200578
52.852103578454979527 177.36990804035755787
51.763698737728510935 177.61508614874395562
50.473364307394007255 176.99626658031868942
49.060705262607200439 175.8252379990982206
47.751583982132956407 173.62539158088887348
47.685845040996731825 171.07668740875280378
48.302722487431609011 168.85551537307895842
48.55429314037601074 167.05497144116250752
48.114602940087017657 165.93151598291547089
46.326263931244646699 164.93554638954827851
44.691895306553348632 164.05038464017653155
43.64571652181383854 162.81181423343642223
42.486587874612951055 161.33264696061729637
40.62301415254148651 160.82150573286511985
39.010760396239831493 160.16224859042310413
38.129872597242311372 158.45476220094261066
38.524220478821945335 156.79415658326013272
39.501729943309939586 155.61226218634524798
40.570991157734070498 154.57504570743546424
41.142889164280347813 153.38963421722314706
41.833830700270794978 152.53782652350298576
42.887886785067394158 151.92000810559093793
43.879002207100988642 151.48148560081997971
44.805854421364472273 151.10688916655291791
