61.548449726775288582 197.24942586477845907
5
30 2
33.420938746072351933 116.38699648343026638
38.337561272084712982 118.33316923677921295
41.341940904967486858 120.22309746965765953
44.181806270964443684 122.70109587255865335
46.598483018577098846 126.47049108799546957
46.104216868057847023 135.47708926443010569
46.091807857155799866 140.88860160997137427
45.369237597100436687 146.58438724605366588
42.442490337416529655 152.30427893251180649
40.770675171166658401 156.73482595756649971
39.39523488562554121 160.83035267889499664
42.611629143357276917 172.24302131775766611
40.855180681683123112 173.51790390163660049
36.496310026384890079 169.47372595639899373
30.024910305626690388 164.82347751362249255
23.821795174852013588 163.36441775597631931
21.888127527199685574 159.6143771349452436
22.297382747754454613 155.04820261476561427
23.336908983998000622 150.21989466482773423
22.312075185589492321 142.84255688544362783
19.699865811504423618 137.71601613704115152
17.184762991033494473 132.3885990958660841
14.488621881231665611 127.64443233935162425
13.925369642674922943 123.74182265205308795
15.854642545804381371 120.23530336003750563
20.015837849117815495 117.39131974894553423
24.195884482003748417 116.18456756509840488
29.014924680814146996 115.54775782907381654
31.605226589366793633 115.64579418394714594
33.420938746072351933 116.38699648343026638
51 3
25.54375023115426302 166.03647099900990725
26.896167496219277382 166.22648030472919345
27.646185033023357391 166.59214710909873247
28.747791341505944729 166.98191641271114349
29.61756320483982563 167.47878693137317896
30.407233762554824352 168.01781812449917197
30.931134268641471863 168.70219156192615628
31.818266229704022408 169.78148574288934469
32.49171557929366827 170.42458344809710979
33.685046565718948841 171.85718951607123017
34.800269728526473045 173.45832086494192481
36.73879307322204113 176.01483582239598036
38.483881203457713127 178.59701788751408458
39.31184863205999136 180.45252160681411624
39.666606331244111061 181.47459051432088017
39.88550871703773737 182.33941916096955538
39.95865665003657341 183.73157898243516684
39.775919714942574501 185.0816623754799366
39.541818780824542046 186.42264195624738932
39.063553918153047562 188.10622556274756789
38.196495173498988152 190.49338162411004305
36.882264069281518459 193.45334998797625303
35.873249187134206295 195.17789572617039084
34.136019209399819374 196.34710145741701126
32.498330395668745041 196.90986675955355167
30.619769607670605183 197.24942586477845907
28.416476198472082615 197.05982015747576952
26.689963710494339466 196.28069636644795537
24.866732880473136902 194.90802618395537138
23.63792130071669817 193.11464111600071192
23.545168796554207802 191.2503630705177784
23.976218292489647865 189.17576845502480865
24.579148529097437859 187.68241680879145861
24.552184004336595535 185.86651066923514009
24.863829602487385273 184.07305124867707491
24.354733843356370926 182.25557130668312311
23.290850665420293808 180.4262064783833921
21.748380193486809731 178.55504343425855041
20.802781414240598679 177.14679719414561987
20.216250360012054443 175.96998297376558185
20.069541378878057003 175.00445433286949992
20.131115320138633251 173.94981897948309779
20.191071539185941219 172.92060639476403594
20.379116086289286613 171.91298998147249222
20.728173090144991875 170.8250503190793097
21.202875776216387749 169.62779597612097859
21.808972172439098358 168.71495582954958081
22.620517208240926266 167.81340909656137228
23.446324435994029045 166.95889472309499979
24.318801398389041424 166.23139347648248076
25.54375023115426302 166.03647099900990725
32 1
33.617698852904140949 0.13575753243640065193
35.251324879005551338 0
36.988586387597024441 0.81833967659622430801
38.500840842723846436 1.7709823409095406532
39.33468210231512785 3.5251740165986120701
39.877228786237537861 5.1167388837784528732
40.484377225860953331 8.1378464698791503906
40.997413627803325653 11.808710635639727116
40.910329323261976242 16.329910422675311565
41.100515661761164665 29.419860587920993567
40.397968767210841179 35.331564008258283138
39.16861625574529171 38.038665766827762127
37.654203230515122414 39.772194347810000181
36.042992696166038513 41.048275558743625879
35.01981457881629467 41.672162811737507582
34.090434814803302288 41.941777525469660759
32.430901030078530312 42.326373605988919735
30.303295177407562733 42.316316217184066772
28.353653666563332081 41.72427281504496932
26.240922792814671993 40.596997375134378672
24.715739311650395393 38.767170705832540989
23.712347735650837421 37.217938853427767754
23.393148595467209816 34.864112988580018282
23.644125120714306831 10.478470178786665201
23.903020660392940044 6.7821207107044756413
24.921470193192362785 5.2245235391892492771
25.935548004694283009 4.2925572833046317101
27.388194706290960312 3.2434368166141211987
28.888145169243216515 2.2104209307581186295
30.391765852458775043 1.3764755995944142342
31.87336469441652298 0.55474359821528196335
33.617698852904140949 0.13575753243640065193
77 4
14.376184786669909954 140.23694004444405437
15.214649631641805172 140.6945902407169342
15.740800582803785801 141.17591879423707724
16.22852826863527298 141.82478366000577807
16.719572362489998341 142.7701128488406539
16.947008655406534672 143.55225799838081002
17.027654713019728661 144.53016735473647714
16.898017812520265579 145.66430089715868235
16.496448647230863571 147.03427798952907324
15.626492242328822613 148.32915776874870062
14.831102365627884865 149.10850734356790781
13.650464508682489395 149.85051380796357989
12.532123066484928131 150.28696265397593379
11.575414475053548813 150.51430533966049552
10.544462054967880249 150.70476209977641702
9.7336873151361942291 151.4444432258605957
9.5231891591101884842 152.01072877319529653
9.886828223243355751 152.79582588654011488
10.838317647576332092 153.38265166012570262
11.884561954997479916 154.09441565163433552
12.752617144025862217 155.22894455166533589
13.396557710133492947 156.36856315843760967
13.746308818459510803 157.10437808325514197
14.49294113926589489 157.75607590889558196
15.588257800787687302 157.97891450393944979
16.874703047797083855 158.44100643740966916
18.235288099385797977 159.36609738133847713
19.003669217228889465 160.70689503708854318
19.338066962547600269 162.29259327985346317
19.220647074282169342 163.43277858709916472
18.619023441337049007 164.19666276639327407
17.682950595393776894 165.07146639749407768
17.317411544732749462 166.07220474630594254
17.133569829165935516 167.70762818865478039
16.475895203649997711 169.27181384339928627
15.109699572436511517 169.81013986142352223
13.554091622121632099 169.67471637018024921
11.993292825296521187 168.55805581016466022
10.971533144824206829 167.34968403214588761
9.784215862862765789 166.15444054082036018
8.3862902969121932983 165.14350822754204273
6.7957045147195458412 164.69710602797567844
5.2627879595384001732 164.65693848161026835
3.6640015775337815285 164.36316303443163633
2.8096694378182291985 163.07945496821776032
2.6609477652236819267 161.65478616580367088
1.9027084000408649445 160.60990788973867893
1.888522585853934288 159.65297087887302041
2.3707685926929116249 158.56247105030342937
2.1239914363250136375 157.6785924481227994
1.2764812968671321869 156.80351459607481956
0.49884357210248708725 155.90154994931071997
0.074444849975407123566 154.58946024673059583
0 153.30399264907464385
0.18689602706581354141 151.82895009266212583
0.54879401996731758118 150.16505983704701066
1.298655814491212368 148.83018935052677989
2.0698324088007211685 147.81295493943616748
2.6559971924871206284 146.94345793453976512
2.8792870417237281799 146.1987001015804708
2.6737475553527474403 145.47127673169597983
2.448612971231341362 144.6258189263753593
2.3485419899225234985 143.50980801647529006
2.5583439338952302933 142.3131602555513382
3.4565268075093626976 141.41859690146520734
4.6858889516443014145 140.80902287317439914
5.6678818017244338989 140.95579464547336102
6.7695062914863228798 141.35934617044404149
7.8118281662464141846 141.87365765823051333
8.5134824104607105255 142.14383324980735779
9.2004450215026736259 142.04062211373820901
9.9574677227064967155 141.40538358641788363
10.834544539451599121 140.81180776003748178
11.80293678492307663 140.22242889413610101
12.70951553713530302 140.00895343301817775
13.498556323349475861 140.04283621395006776
14.376184786669909954 140.23694004444405437
46 4
48.730970347300171852 151.92690712120383978
50.047040794044733047 152.84782884689047933
50.855789533816277981 154.66975696571171284
51.463365692645311356 156.24522096989676356
52.279256353154778481 157.67059736559167504
53.041612768545746803 158.73912002751603723
54.02147052064538002 159.13194837747141719
54.467317342758178711 159.79576240899041295
54.780225837603211403 160.38685861229896545
55.400684013031423092 160.30409595370292664
55.985106238164007664 159.96168451616540551
56.593753310851752758 159.6719186082482338
57.677722804248332977 160.66408932348713279
58.624950013123452663 162.63289011688902974
59.378112704493105412 164.60343262460082769
60.087659663520753384 167.41222620429471135
61.260790411382913589 169.76762183755636215
61.548449726775288582 171.89979114709421992
61.487235819920897484 173.62350803427398205
60.607269704341888428 174.83703975519165397
59.248451610095798969 175.97129924595355988
58.154983903281390667 177.09710358548909426
56.777219504117965698 178.18992599518969655
55.688814664259552956 178.43510410329326987
54.398480233736336231 177.81628453498706222
52.985821188427507877 176.64525595400482416
51.676699908450245857 174.44540953543037176
51.610960966907441616 171.89670536387711763
52.227838413789868355 169.67553332773968577
52.479409066028892994 167.87498939596116543
52.039718866348266602 166.75153393764048815
50.251379856839776039 165.75556434458121657
48.617011232301592827 164.87040259502828121
47.570832447148859501 163.6318321879953146
46.411703800782561302 162.15266491519287229
44.548130078241229057 161.6415236871689558
42.935876321978867054 160.98226654529571533
42.05498852301388979 159.27478015562519431
42.449336404912173748 157.61417453829199076
43.426845869049429893 156.43228014092892408
44.49610708374530077 155.39506366243585944
45.068005090579390526 154.20965217193588614
45.758946626447141171 153.35784447845071554
46.813002711161971092 152.74002606049180031
47.804118133150041103 152.30150355584919453
48.730970347300171852 151.92690712120383978
