30
29.495822820074991455 115.56697852912536462
34.412445345693768672 117.51315128227855666
37.416824978407319691 119.40307951506198947
40.256690344465667408 121.88107791765771992
42.673367093193022015 125.65047313332281931
42.179100941973302952 134.65707130932142377
42.166691931082809219 140.06858365564323776
41.444121671048449684 145.76436929124619724
38.517374410739265045 151.48426097778300914
36.845559244926043618 155.91480800329259182
35.470118959448001306 160.01033472418237125
38.686513217562058742 171.42300336315645382
36.930064755839723034 172.69788594697669737
32.571194100934818039 168.65370800178317268
26.099794379327704519 164.00345955878657378
19.896679248947926055 162.54439980137942712
17.96301160123423557 158.79435918024915964
18.372266821589462893 154.22818466000128979
19.411793057733206069 149.39987671013057025
18.386959259104187936 142.02253893099430115
15.774749885702071595 136.89599818232650819
13.259647064776920899 131.56858114122255188
10.563505954886572624 126.82441438443805737
10.00025371649540773 122.921804697630904
11.92952661921806623 119.41528540523721347
16.09072192301717763 116.57130179421940852
20.270768556020783535 115.36454961032337962
25.089808754911082644 114.72773987449107835
27.680110662986617598 114.82577622930980965
29.495822820074991455 115.56697852912536462
