77
10.451068860946229222 139.41692208982229317
11.289533706002679025 139.87457228594104208
11.815684656241380424 140.35590083914502202
12.303412342872910301 141.0047657055855268
12.794456436487784856 141.95009489381203593
13.021892730157595963 142.7322400434207168
13.102538786959016193 143.71014940020057793
12.972901886880272571 144.84428294260922598
12.571332721505058316 146.21426003450125108
11.701376316230891916 147.50913981396740837
10.905986439809034039 148.28848938907478328
9.7253485827886834159 149.03049585332570359
8.6070071402377053005 149.46694469922977078
7.6502985488341721521 149.69428738502068654
6.6193461288620270011 149.88474414520635491
5.8085713893655608331 150.62442527123118907
5.5980732334828076091 151.19071081849708094
5.9617122971413891719 151.97580793192813076
6.9132017213088658991 152.56263370538675872
7.9594460287785793184 153.27439769708919926
8.8275012176194707081 154.40892659675171217
9.4714417834350115299 155.54854520403347351
9.821192892601452229 156.28436012859134507
10.56782521322077173 156.93605795405139247
11.66314187525763657 157.15889654931882546
12.949587120911594695 157.62098848271119778
14.310172173406208174 158.54607942667558973
15.07855329063335148 159.88687708207069704
15.412951036618167677 161.47257532492884025
15.295531148306707792 162.61276063246401691
14.693907515404802666 163.37664481172063802
13.757834669119255011 164.25144844269752298
13.392295619074928936 165.25218679164942159
13.208453903164141252 166.88761023386672377
12.550779278216403156 168.45179588885062572
11.184583645915971317 168.9901219066842657
9.6289756964860160338 168.85469841543357461
8.0681768991039888306 167.73803785546726886
7.0464172181551418817 166.52966607744673411
5.8590999363510860576 165.33442258596363672
4.4611743709534863456 164.32349027267900965
2.8705885889162274793 163.87708807335741312
1.3376720329579896429 163.83692052661632488
-0.26111434846686876199 163.54314507982331861
-1.1154464879818632994 162.25943701320949231
-1.2641681607054238157 160.83476821076254737
-2.0224075260462299752 159.78988993491148562
-2.03659333990334801 158.83295292434186763
-1.554347334011460191 157.74245309576679119
-1.8011244902654652833 156.85857449362794114
-2.6486346298628546947 155.98349664129511893
-3.4262723538009183244 155.08153199416116763
-3.8506710759453639525 153.7694422917435304
-3.9251159261604371409 152.48397469458276987
-3.7382198982858128034 151.00893213763424683
-3.3763219056290196818 149.34504188235612787
-2.6264601118184529582 148.01017139579639093
-1.8552835175866704276 146.99293698486766857
-1.2691187332531228549 146.12343997987446187
-1.0458288844842797971 145.37868214666670497
-1.2513683707627052399 144.65125877700339174
-1.4765029546663726023 143.80580097192421363
-1.5765739362941317836 142.68979006202380333
-1.366771992146766479 141.49314230116047497
-0.46858911838142347506 140.59857894644844123
0.76077302556633696895 139.98900491870739415
1.7427658752905870188 140.13577669064176234
2.8443903651112805164 140.53932821588804813
3.8867122404152780746 141.05363970369089088
4.5883664836867907866 141.32381529488122851
5.275329095834393911 141.22060415922101129
6.0323517970368953911 140.58536563183525914
6.9094286136093430173 139.99178980512641601
7.8778208589002076678 139.40241093964803554
8.7843996105679167385 139.18893547825271639
9.5734403968563626108 139.22281825909337272
10.451068860946229222 139.41692208982229317
