4
9 1
33.617699 0.135758
35.251325 0.000000
36.988586 0.818340
38.500841 1.770982
39.334682 3.525174
39.877229 5.116739
40.484377 8.137846
40.997414 11.808711
40.910329 16.329910
8 1
23.393149 34.864113
23.644125 10.478470
23.903021 6.782121
24.921470 5.224524
25.935548 4.292557
27.388195 3.243437
28.888145 2.210421
30.391766 1.376476
18 1
41.100516 29.419861
40.397969 35.331564
39.168616 38.038666
37.654203 39.772194
36.042993 41.048276
35.019815 41.672163
34.090435 41.941778
32.430901 42.326374
30.303295 42.316316
28.353654 41.724273
26.240923 40.596997
24.715739 38.767171
23.712348 37.217939
23.393149 34.864113
30.391766 1.376476
31.873365 0.554744
33.617699 0.135758
40.910329 16.329910
3 1
33.617699 0.135758
33.617699 0.135758
40.910329 16.329910
