51 3
-4228727.7027957020327 2566791.447911276482
-4228726.3503784369677 2566791.6379205822013
-4228725.6003609001637 2566792.0035873865709
-4228724.4987545916811 2566792.3933566901833
-4228723.6289827283472 2566792.8902272088453
-4228722.8393121706322 2566793.4292584019713
-4228722.3154116645455 2566794.1136318393983
-4228721.428279703483 2566795.1929260203615
-4228720.7548303538933 2566795.8360237255692
-4228719.5614993674681 2566797.2686297935434
-4228718.4462762046605 2566798.8697611424141
-4228716.507752859965 2566801.4262760998681
-4228714.7626647297293 2566804.0084581649862
-4228713.934697301127 2566805.8639618842863
-4228713.5799396019429 2566806.886030791793
-4228713.3610372161493 2566807.7508594384417
-4228713.2878892831504 2566809.1430192599073
-4228713.4706262182444 2566810.4931026529521
-4228713.7047271523625 2566811.8340822337195
-4228714.182992015034 2566813.5176658402197
-4228715.050050759688 2566815.9048219015822
-4228716.3642818639055 2566818.8647902654484
-4228717.3732967460528 2566820.5893360036425
-4228719.1105267237872 2566821.7585417348891
-4228720.7482155375183 2566822.3213070370257
-4228722.6267763255164 2566822.6608661422506
-4228724.8300697347149 2566822.4712604349479
-4228726.5565822226927 2566821.6921366439201
-4228728.3798130527139 2566820.3194664614275
-4228729.6086246324703 2566818.5260813934729
-4228729.7013771366328 2566816.6618033479899
-4228729.2703276406974 2566814.5872087324969
-4228728.6673974040896 2566813.0938570862636
-4228728.6943619288504 2566811.2779509467073
-4228728.3827163306996 2566809.4844915261492
-4228728.8918120898306 2566807.6670115841553
-4228729.9556952677667 2566805.8376467558555
-4228731.4981657397002 2566803.9664837117307
-4228732.4437645189464 2566802.5582374716178
-4228733.030295573175 2566801.3814232512377
-4228733.177004554309 2566800.4158946103416
-4228733.1154306130484 2566799.3612592569552
-4228733.0554743940011 2566798.3320466722362
-4228732.8674298468977 2566797.3244302589446
-4228732.518372843042 2566796.2364905965514
-4228732.0436701569706 2566795.0392362535931
-4228731.4375737607479 2566794.1263961070217
-4228730.6260287249461 2566793.2248493740335
-4228729.800221497193 2566792.3703350005671
-4228728.927744534798 2566791.6428337539546
-4228727.7027957020327 2566791.447911276482
