11
5 4
55.400684 160.304096
55.985106 159.961685
56.593753 159.671919
57.677723 160.664089
58.624950 162.632890
7 4
54.780226 160.386859
55.400684 160.304096
58.624950 162.632890
59.378113 164.603433
60.087660 167.412226
52.479409 167.874989
52.039719 166.751534
7 4
46.411704 162.152665
44.548130 161.641524
42.935876 160.982267
42.054989 159.274780
42.449336 157.614175
43.426846 156.432280
44.496107 155.395064
10 4
48.617011 164.870403
47.570832 163.631832
46.411704 162.152665
44.496107 155.395064
45.068005 154.209652
45.758947 153.357844
46.813003 152.740026
47.804118 152.301504
48.730970 151.926907
50.251380 165.755564
5 4
52.279256 157.670597
52.039719 166.751534
50.251380 165.755564
48.730970 151.926907
51.463366 156.245221
9 4
59.248452 175.971299
58.154984 177.097104
56.777220 178.189926
55.688815 178.435104
54.398480 177.816285
52.985821 176.645256
51.676700 174.445410
51.610961 171.896705
52.227838 169.675533
8 4
60.087660 167.412226
61.260790 169.767622
61.548450 171.899791
61.487236 173.623508
60.607270 174.837040
59.248452 175.971299
52.227838 169.675533
52.479409 167.874989
5 4
54.021471 159.131948
54.467317 159.795762
54.780226 160.386859
52.039719 166.751534
53.041613 158.739120
3 4
52.279256 157.670597
53.041613 158.739120
52.039719 166.751534
4 4
50.855790 154.669757
51.463366 156.245221
48.730970 151.926907
50.047041 152.847829
3 4
48.730970 151.926907
48.730970 151.926907
50.047041 152.847829
