77 4
14.376184786669909954 140.23694004444405437
15.214649631641805172 140.6945902407169342
15.740800582803785801 141.17591879423707724
16.22852826863527298 141.82478366000577807
16.719572362489998341 142.7701128488406539
16.947008655406534672 143.55225799838081002
17.027654713019728661 144.53016735473647714
16.898017812520265579 145.66430089715868235
16.496448647230863571 147.03427798952907324
15.626492242328822613 148.32915776874870062
14.831102365627884865 149.10850734356790781
13.650464508682489395 149.85051380796357989
12.532123066484928131 150.28696265397593379
11.575414475053548813 150.51430533966049552
10.544462054967880249 150.70476209977641702
9.7336873151361942291 151.4444432258605957
9.5231891591101884842 152.01072877319529653
9.886828223243355751 152.79582588654011488
10.838317647576332092 153.38265166012570262
11.884561954997479916 154.09441565163433552
12.752617144025862217 155.22894455166533589
13.396557710133492947 156.36856315843760967
13.746308818459510803 157.10437808325514197
14.49294113926589489 157.75607590889558196
15.588257800787687302 157.97891450393944979
16.874703047797083855 158.44100643740966916
18.235288099385797977 159.36609738133847713
19.003669217228889465 160.70689503708854318
19.338066962547600269 162.29259327985346317
19.220647074282169342 163.43277858709916472
18.619023441337049007 164.19666276639327407
17.682950595393776894 165.07146639749407768
17.317411544732749462 166.07220474630594254
17.133569829165935516 167.70762818865478039
16.475895203649997711 169.27181384339928627
15.109699572436511517 169.81013986142352223
13.554091622121632099 169.67471637018024921
11.993292825296521187 168.55805581016466022
10.971533144824206829 167.34968403214588761
9.784215862862765789 166.15444054082036018
8.3862902969121932983 165.14350822754204273
6.7957045147195458412 164.69710602797567844
5.2627879595384001732 164.65693848161026835
3.6640015775337815285 164.36316303443163633
2.8096694378182291985 163.07945496821776032
2.6609477652236819267 161.65478616580367088
1.9027084000408649445 160.60990788973867893
1.888522585853934288 159.65297087887302041
2.3707685926929116249 158.56247105030342937
2.1239914363250136375 157.6785924481227994
1.2764812968671321869 156.80351459607481956
0.49884357210248708725 155.90154994931071997
0.074444849975407123566 154.58946024673059583
0 153.30399264907464385
0.18689602706581354141 151.82895009266212583
0.54879401996731758118 150.16505983704701066
1.298655814491212368 148.83018935052677989
2.0698324088007211685 147.81295493943616748
2.6559971924871206284 146.94345793453976512
2.8792870417237281799 146.1987001015804708
2.6737475553527474403 145.47127673169597983
2.448612971231341362 144.6258189263753593
2.3485419899225234985 143.50980801647529006
2.5583439338952302933 142.3131602555513382
3.4565268075093626976 141.41859690146520734
4.6858889516443014145 140.80902287317439914
5.6678818017244338989 140.95579464547336102
6.7695062914863228798 141.35934617044404149
7.8118281662464141846 141.87365765823051333
8.5134824104607105255 142.14383324980735779
9.2004450215026736259 142.04062211373820901
9.9574677227064967155 141.40538358641788363
10.834544539451599121 140.81180776003748178
11.80293678492307663 140.22242889413610101
12.70951553713530302 140.00895343301817775
13.498556323349475861 140.04283621395006776
14.376184786669909954 140.23694004444405437
