9
10 3
488697.711865 4922356.612874
488697.193146 4922359.266249
488695.440955 4922361.999975
488694.055041 4922363.047024
488692.431777 4922363.918281
488689.758653 4922364.630613
488687.743813 4922363.176305
488686.424845 4922361.201171
488685.681633 4922358.048264
488685.172410 4922355.079284
3 3
488698.536524 4922354.228430
488697.711865 4922356.612874
488685.172410 4922355.079284
8 3
488698.366457 4922345.193304
488699.221191 4922346.873589
488699.546977 4922349.173264
488699.347264 4922352.007282
488698.536524 4922354.228430
488685.172410 4922355.079284
488683.944977 4922353.040125
488696.332860 4922344.083347
3 3
488694.083969 4922342.636633
488696.332860 4922344.083347
488683.944977 4922353.040125
5 3
488692.334191 4922341.149641
488694.083969 4922342.636633
488683.944977 4922353.040125
488681.760805 4922351.018784
488690.791153 4922340.160850
4 3
488690.791153 4922340.160850
488681.760805 4922351.018784
488679.361178 4922348.827443
488689.894450 4922339.216851
8 3
488688.970818 4922337.632074
488689.894450 4922339.216851
488679.361178 4922348.827443
488677.256299 4922347.149223
488675.680206 4922344.948444
488674.748590 4922342.716770
488674.912311 4922339.760191
488675.826299 4922337.336560
9 3
488681.069725 4922331.926039
488684.560205 4922332.560362
488686.907405 4922334.304342
488688.406801 4922336.635576
488688.970818 4922337.632074
488675.826299 4922337.336560
488676.937340 4922335.406589
488678.291601 4922333.412111
488679.392519 4922332.685437
3 3
488681.069725 4922331.926039
488681.069725 4922331.926039
488679.392519 4922332.685437
