37
-93.14226908877143 44.45420141635146
-93.14222523047515 44.45420718165555
-93.14219576641293 44.45422291902015
-93.14217697128271 44.45424393003206
-93.14216990385873 44.45425291008923
-93.14215832924783 44.45426719191196
-93.14214707911469 44.45427570453821
-93.14212770609794 44.4542846305242
-93.14210574540573 44.45429804492827
-93.1420775104298 44.45431110451405
-93.14205197413983 44.45432112898644
-93.14204126755443 44.45433626955507
-93.14203722290004 44.45435697807837
-93.14203979496806 44.45438248894646
-93.14205003373577 44.4544024727401
-93.14206045102583 44.4544239264409
-93.14206702878437 44.45444780603655
-93.14208911200268 44.45447238972505
-93.14210655462067 44.45448179438402
-93.14212697669556 44.4544896127197
-93.14216059115006 44.45449598386524
-93.14218588421443 44.45448285955436
-93.14220241936918 44.45446505725388
-93.14221169202739 44.45443666074944
-93.1422180276476 44.45440992375222
-93.14223341086068 44.4543915464766
-93.14226081982657 44.45437331463238
-93.142290933132 44.45435354894094
-93.14231735292924 44.45433840735804
-93.14233711490253 44.45431856958517
-93.14234877567986 44.4542984637631
-93.14234665318885 44.45427184894153
-93.14233511218934 44.45425004388404
-93.14232110520473 44.45423268621777
-93.1423040397512 44.45421475160593
-93.14229018633485 44.45420822677684
-93.14226908877143 44.45420141635146
