37 3
488681.0697253458784 4922331.9260386126116
488684.56020532228285 4922332.5603623595089
488686.90740459226072 4922334.304341647774
488688.40680076484568 4922336.6355760563165
488688.97081810282543 4922337.6320737767965
488689.89445005479502 4922339.2168509121984
488690.79115270753391 4922340.1608498832211
488692.33419069077354 4922341.1496408544481
488694.08396937238285 4922342.6366331335157
488696.33285997546045 4922344.0833469266072
488698.36645716044586 4922345.193303999491
488699.22119140514405 4922346.8735890211537
488699.54697700351244 4922349.1732642296702
488699.34726356499596 4922352.0072819096968
488698.53652374114608 4922354.228429610841
488697.71186480176402 4922356.612874487415
488697.19314630748704 4922359.2662493437529
488695.44095516036032 4922361.9999749660492
488694.05504118878162 4922363.0470235869288
488692.43177708872827 4922363.9182807896286
488689.7586534837028 4922364.6306130709127
488687.74381339299725 4922363.1763052707538
488686.42484543850878 4922361.2011713963002
488685.68163301848108 4922358.0482644112781
488685.17241028504213 4922355.0792838642374
488683.94497708318522 4922353.0401248661801
488681.76080494205235 4922351.0187837863341
488679.3611783903325 4922348.8274430073798
488677.25629862915957 4922347.149222522974
488675.68020569224609 4922344.9484439613298
488674.74859008355998 4922342.7167702792212
488674.91231145418715 4922339.7601906238124
488675.82629858498694 4922337.3365598358214
488676.93733950017486 4922335.4065892994404
488678.29160137928557 4922333.4121105028316
488679.3925186014385 4922332.6854371484369
488681.0697253458784 4922331.9260386126116
