5
9 1
488717.560589 4922472.870343
488718.057260 4922475.486451
488717.005244 4922478.827796
488713.884195 4922480.525475
488710.440645 4922480.964444
488707.170023 4922480.879624
488704.252103 4922479.614205
488701.716161 4922476.846253
488700.909588 4922471.138830
6 1
488713.785373 4922456.883478
488716.772572 4922466.722935
488717.560589 4922472.870343
488700.909588 4922471.138830
488699.340154 4922459.019465
488711.165566 4922449.468871
6 1
488710.512146 4922445.197265
488711.165566 4922449.468871
488699.340154 4922459.019465
488697.363564 4922454.271097
488695.825055 4922446.728080
488696.363935 4922440.528760
7 1
488705.748279 4922435.059765
488709.520005 4922437.915477
488710.740757 4922441.949452
488710.512146 4922445.197265
488696.363935 4922440.528760
488698.250936 4922436.715273
488701.822655 4922434.374203
3 1
488701.822655 4922434.374203
488701.822655 4922434.374203
488705.748279 4922435.059765
