23
-93.14201047854108 44.45512405746098
-93.14196115119815 44.45513029075099
-93.1419138055421 44.45515605896033
-93.14189854949487 44.45519239493225
-93.14190149378746 44.45522163065612
-93.1418933738691 44.45526009710435
-93.14186060629089 44.45532688995262
-93.14182327360494 44.45541551886422
-93.14181350268488 44.45547087480512
-93.14180731684611 44.45549443475672
-93.14182061282804 44.45552449967191
-93.14185987946473 44.45553973475234
-93.14190317231157 44.45554363291547
-93.14194428014714 44.45554281822318
-93.14198092898013 44.45553138037367
-93.14201274379211 44.45550642153705
-93.14202275736523 44.45545502635873
-93.14204221965703 44.45534589408199
-93.14206696044087 44.45530311475513
-93.14208613378918 44.45523518271887
-93.14207922511532 44.45517938014095
-93.14205542360513 44.45514507772682
-93.14201047854108 44.45512405746098
