44
-93.14180444121664 44.45538016911495
-93.14183639809288 44.45532213588397
-93.14184314701862 44.45522886133655
-93.14182965760068 44.45516665728728
-93.14180978652618 44.45509468496167
-93.14186189222606 44.45503837728207
-93.14188756413363 44.45493177310174
-93.14191199759442 44.4548348119466
-93.14188768839034 44.45477410177812
-93.14188119501279 44.45470990838889
-93.14190136518926 44.45465847648494
-93.14186234800782 44.45461431041392
-93.14185976140638 44.45457376668751
-93.141877290008 44.45453611239647
-93.14188281298551 44.45448624138394
-93.14186180904159 44.45445674243939
-93.1418219932026 44.45443578864165
-93.14177414749342 44.45440627131721
-93.14172762729329 44.45438982071611
-93.14169052224517 44.45439477488744
-93.14166667102715 44.45440646499465
-93.14166030376124 44.45443219965687
-93.14165893940518 44.45445403050336
-93.14167305309741 44.45446982761678
-93.14169415416393 44.45450172717514
-93.14169972614665 44.45459307431754
-93.14172713220512 44.45465151063879
-93.14172869963934 44.45468481313144
-93.14169739104777 44.45473023779769
-93.14169530805718 44.45487159641272
-93.14168593966804 44.45495695228821
-93.1416542861574 44.45499815913535
-93.14164391051806 44.45503710057076
-93.14168266725704 44.45508260070044
-93.14169836686443 44.45515026143501
-93.14172587963081 44.45520984236462
-93.14175615081412 44.45524193209925
-93.14177591404979 44.4552590660626
-93.14176351760955 44.45529718646446
-93.1417373905149 44.45532414712009
-93.14174179041763 44.4553494010894
-93.14175476319609 44.45537032431962
-93.14177193558409 44.45537957795987
-93.14180444121664 44.45538016911495
