44 5
488718.26403974974528 4922462.7938047610223
488715.71042544551892 4922456.3520727483556
488715.15552764391759 4922445.9923754520714
488716.21674859238556 4922439.0810948498547
488717.7838079041685 4922431.0839066104963
488713.62749536009505 4922424.8366231191903
488711.56453032256104 4922412.9989259364083
488709.60194569226587 4922402.2321739625186
488711.524269867572 4922395.4853352531791
488712.02851203683531 4922388.3540506074205
488710.41387736803154 4922382.6439486378804
488713.50955381948734 4922377.7327446024865
488713.70753341389354 4922373.2289252690971
488712.30571310891537 4922369.0488300165161
488711.85670039767865 4922363.5100856749341
488713.52208458585665 4922360.2305430667475
488716.68578474537935 4922357.8975727111101
488720.48669303907081 4922354.6122886948287
488724.18466235528467 4922352.7785977972671
488727.13768409303157 4922353.323777246289
488729.03752960386919 4922354.6189892701805
488729.54905728879385 4922357.476632816717
488729.6618038584711 4922359.9013427272439
488728.54196176398546 4922361.6579779954627
488726.86930518923327 4922365.2041823454201
488726.44357466639485 4922375.3514873003587
488724.2744075578521 4922381.846176774241
488724.15611180011183 4922385.5455231517553
488726.65574235835811 4922390.5868295868859
488726.84865881351288 4922406.2881886586547
488727.61041954904795 4922415.7679455047473
488730.13666612404631 4922420.3407045938075
488730.96962995163631 4922424.6647609854117
488727.89493998821126 4922429.7241040337831
488726.65891500457656 4922437.2417977033183
488724.48149935039692 4922443.8636417957023
488722.07934127858607 4922447.432235953398
488720.51030409295345 4922449.3381445799023
488721.50388461886905 4922453.5707236574963
488723.58770617109258 4922456.5618225131184
488723.24251666403143 4922459.367556408979
488722.21444947476266 4922461.6934279194102
488720.85002252878621 4922462.7236591167748
488718.26403974974528 4922462.7938047610223
