8
9 4
488707.418869 4922337.000820
488708.624575 4922338.292174
488709.267345 4922339.541360
488709.018869 4922340.804519
488707.962424 4922342.010179
488706.619109 4922342.634234
488705.469328 4922342.790375
488703.791195 4922342.343170
488705.361122 4922335.175809
6 4
488703.461603 4922334.553637
488705.361122 4922335.175809
488703.791195 4922342.343170
488702.105836 4922341.976201
488701.094056 4922341.342874
488700.406916 4922340.732258
7 4
488700.412981 4922332.045086
488702.397229 4922333.600580
488703.461603 4922334.553637
488700.406916 4922340.732258
488699.402878 4922340.020120
488698.256831 4922339.059053
488698.569100 4922330.710241
3 4
488698.569100 4922330.710241
488698.256831 4922339.059053
488697.685787 4922339.101335
7 4
488698.569100 4922330.710241
488697.685787 4922339.101335
488696.047750 4922339.313202
488694.614675 4922338.976422
488693.803493 4922337.960878
488693.563749 4922336.905916
488693.746549 4922335.643392
4 4
488698.569100 4922330.710241
488693.746549 4922335.643392
488693.379809 4922334.188474
488695.119531 4922329.266611
6 4
488695.119531 4922329.266611
488693.379809 4922334.188474
488692.994618 4922332.973413
488692.618066 4922331.594561
488692.936806 4922330.487603
488693.726308 4922329.574085
3 4
488695.119531 4922329.266611
488695.119531 4922329.266611
488693.726308 4922329.574085
