8
10 4
488708.944658 4922353.657660
488710.137742 4922352.928263
488711.586618 4922352.054197
488713.150147 4922351.839326
488714.787063 4922352.929787
488715.327636 4922354.512620
488715.079799 4922356.852949
488714.373987 4922358.754494
488713.344097 4922359.496046
488712.157340 4922360.145661
5 4
488707.420727 4922354.445667
488708.944658 4922353.657660
488712.157340 4922360.145661
488711.462773 4922360.748387
488710.686969 4922361.345736
7 4
488702.988746 4922358.207605
488703.266698 4922356.596829
488704.345544 4922355.206576
488705.697368 4922354.568885
488707.420727 4922354.445667
488710.686969 4922361.345736
488703.401836 4922359.296908
4 4
488703.676377 4922361.192127
488703.401836 4922359.296908
488710.686969 4922361.345736
488709.937946 4922362.764130
4 4
488703.531358 4922362.081949
488703.676377 4922361.192127
488709.937946 4922362.764130
488709.756397 4922364.222839
8 4
488702.612200 4922363.493061
488703.531358 4922362.081949
488709.756397 4922364.222839
488709.725994 4922365.857072
488709.131855 4922367.374026
488707.907973 4922368.523620
488706.786650 4922369.355513
488705.359898 4922369.838926
7 4
488700.711599 4922368.284415
488700.684128 4922366.391356
488701.383852 4922364.635931
488702.612200 4922363.493061
488705.359898 4922369.838926
488703.370808 4922370.118862
488701.678376 4922369.672401
3 4
488703.370808 4922370.118862
488703.370808 4922370.118862
488701.678376 4922369.672401
