37
-93.14232894570392 44.45459787585706
-93.14234926772468 44.45458850942909
-93.1423573468892 44.45457913876757
-93.1423649329719 44.45456608011017
-93.14238049429281 44.45456141099189
-93.14239059814238 44.45455338963329
-93.14240223456673 44.45454159828705
-93.14241005616687 44.45452343118792
-93.14241719357369 44.45450828462317
-93.14243718858995 44.45449978715246
-93.14244616699592 44.45448979545004
-93.1424468310974 44.45446858743932
-93.14243166845634 44.45445918979414
-93.14241306379888 44.45444488847924
-93.14240301967902 44.45443450695519
-93.14239970206293 44.45442228554318
-93.14240036495063 44.45439453501154
-93.14239312645013 44.4543847189138
-93.14236576142704 44.45437521874034
-93.14233168695668 44.45437551542378
-93.1423066863771 44.45438555681656
-93.14229197710733 44.4543980126819
-93.14228759471803 44.45441287805853
-93.14229428770574 44.45442717637334
-93.14230792740507 44.45444037354692
-93.14231588838291 44.45444801376955
-93.14232205471983 44.45445794582579
-93.142319644157 44.45448086983632
-93.14230787857711 44.45450215439409
-93.14228675691048 44.45452252566617
-93.14226946743135 44.45454195080332
-93.14226408183268 44.45455781180534
-93.14226969401062 44.45457088098894
-93.14228232474342 44.45458280148636
-93.14229668279509 44.4545923570991
-93.14230935592271 44.45459606568554
-93.14232894570392 44.45459787585706
