12
5 5
488712.028512 4922388.354051
488710.413877 4922382.643949
488713.509554 4922377.732745
488724.274408 4922381.846177
488724.156112 4922385.545523
8 5
488720.486693 4922354.612289
488724.184662 4922352.778598
488727.137684 4922353.323777
488729.037530 4922354.618989
488729.549057 4922357.476633
488729.661804 4922359.901343
488728.541962 4922361.657978
488716.685785 4922357.897573
6 5
488711.856700 4922363.510086
488713.522085 4922360.230543
488716.685785 4922357.897573
488728.541962 4922361.657978
488726.869305 4922365.204182
488712.305713 4922369.048830
5 5
488713.707533 4922373.228925
488712.305713 4922369.048830
488726.869305 4922365.204182
488726.443575 4922375.351487
488724.274408 4922381.846177
3 5
488713.509554 4922377.732745
488713.707533 4922373.228925
488724.274408 4922381.846177
5 5
488711.524270 4922395.485335
488712.028512 4922388.354051
488724.156112 4922385.545523
488726.655742 4922390.586830
488726.848659 4922406.288189
5 5
488711.564530 4922412.998926
488709.601946 4922402.232174
488711.524270 4922395.485335
488726.848659 4922406.288189
488727.610420 4922415.767946
7 5
488717.783808 4922431.083907
488713.627495 4922424.836623
488711.564530 4922412.998926
488727.610420 4922415.767946
488730.136666 4922420.340705
488730.969630 4922424.664761
488727.894940 4922429.724104
8 5
488715.155528 4922445.992375
488716.216749 4922439.081095
488717.783808 4922431.083907
488727.894940 4922429.724104
488726.658915 4922437.241798
488724.481499 4922443.863642
488722.079341 4922447.432236
488720.510304 4922449.338145
5 5
488715.710425 4922456.352073
488715.155528 4922445.992375
488720.510304 4922449.338145
488721.503885 4922453.570724
488718.264040 4922462.793805
6 5
488718.264040 4922462.793805
488721.503885 4922453.570724
488723.587706 4922456.561823
488723.242517 4922459.367556
488722.214449 4922461.693428
488720.850023 4922462.723659
3 5
488718.264040 4922462.793805
488718.264040 4922462.793805
488720.850023 4922462.723659
