39 5
488662.68399250833318 4922360.3110290998593
488667.77101349970326 4922366.1662582485005
488669.63420518994099 4922373.2120321756229
488670.16550934675615 4922378.9610381387174
488676.11527389998082 4922386.7385894441977
488680.9947052145726 4922391.2218570997939
488681.99588845926337 4922397.4929081946611
488680.49033552006586 4922404.2146178213879
488677.29895678011235 4922410.3921338478103
488680.36913913791068 4922416.1937983995304
488680.02002614905359 4922424.4549172148108
488682.99183021165663 4922430.6504102926701
488685.84941700007766 4922438.0616947449744
488690.55096628546016 4922442.0996794123203
488693.4359058875707 4922449.0629563340917
488693.56686145736603 4922450.2987086819485
488694.90520883124555 4922458.3712243176997
488694.89125574484933 4922458.5753737566993
488690.71975468948949 4922466.2423126064241
488686.30148966866545 4922470.8663580594584
488681.37725251895608 4922473.6014624666423
488677.48819202079903 4922474.2567814160138
488674.34936705610016 4922473.6683238269761
488666.29265240608947 4922468.3663172572851
488659.76432029157877 4922450.119795711711
488652.50882864615414 4922443.163252864033
488647.66952190041775 4922432.8160821394995
488646.92201077326899 4922426.5156758371741
488650.23614813608583 4922418.847390089184
488646.66703557886649 4922412.9865194261074
488645.79701359797036 4922403.3848067373037
488648.58437824272551 4922395.7360971532762
488653.95765635516727 4922391.5863901497796
488656.29967889073305 4922385.5638847388327
488658.37713440024527 4922377.466732733883
488655.62592960958136 4922373.1716321948916
488656.36446263163816 4922367.5251268148422
488658.1640955118346 4922361.7824577251449
488662.68399250833318 4922360.3110290998593
