9
5 4
488667.753403 4922365.091346
488667.037152 4922363.982745
488666.980215 4922361.627121
488668.184732 4922360.581162
488669.345842 4922366.032447
5 4
488669.345842 4922366.032447
488668.184732 4922360.581162
488669.662147 4922358.990042
488676.905324 4922360.427809
488677.101537 4922362.973798
11 4
488670.720833 4922356.477533
488670.662728 4922353.395188
488671.236724 4922352.303846
488673.412042 4922351.244809
488676.123057 4922351.273047
488678.114038 4922352.384951
488679.286710 4922353.766472
488679.638244 4922355.417062
488679.108514 4922357.006198
488678.025893 4922358.473983
488677.393996 4922359.323736
4 4
488670.459247 4922357.835506
488670.720833 4922356.477533
488677.393996 4922359.323736
488676.905324 4922360.427809
3 4
488669.662147 4922358.990042
488670.459247 4922357.835506
488676.905324 4922360.427809
4 4
488669.345842 4922366.032447
488677.101537 4922362.973798
488678.041715 4922365.336388
488669.916620 4922367.713889
11 4
488673.514846 4922372.444941
488672.275892 4922371.928466
488671.470484 4922371.038879
488670.542416 4922369.730747
488669.916620 4922367.713889
488678.041715 4922365.336388
488679.726082 4922367.596238
488681.105378 4922369.751526
488681.536917 4922371.512568
488681.092939 4922372.965026
488680.090347 4922374.290863
7 4
488674.765500 4922374.934147
488674.120915 4922373.894403
488673.514846 4922372.444941
488680.090347 4922374.290863
488678.949874 4922375.354255
488677.942323 4922375.767947
488676.384120 4922375.971726
3 4
488676.384120 4922375.971726
488676.384120 4922375.971726
488677.942323 4922375.767947
