39
-93.14250080213687 44.45445667161638
-93.14243699076769 44.45450946460831
-93.1424137261824 44.45457292524044
-93.14240717391313 44.45462469050235
-93.14233256032408 44.454694803164
-93.14227132779321 44.45473524136691
-93.14225888077884 44.4547917138236
-93.14227795133201 44.45485220420669
-93.14231819957881 44.45490776894006
-93.1422797365383 44.45496004802228
-93.14228430521956 44.45503441544246
-93.14224708721731 44.45509023851672
-93.14221133133888 44.45515700527103
-93.1421523243701 44.45519343184716
-93.14211621473258 44.45525616569359
-93.14211459569277 44.45526729292541
-93.14209794981788 44.45533998878811
-93.14209812965591 44.45534182647865
-93.14215073009625 44.45541078485726
-93.14220636584291 44.45545234490623
-93.14226832012874 44.45547689132119
-93.14231721747294 44.45548273010364
-93.142356657638 44.45547738319537
-93.14245780936568 44.45542952423735
-93.14253946667949 44.45526515278588
-93.14263051081586 44.45520241084561
-93.14269111069325 44.45510918176181
-93.14270036824009 44.45505244896725
-93.14265854387176 44.45498346525299
-93.14270327646774 44.45493064519042
-93.14271400145685 44.45484418959337
-93.14267879876927 44.45477537385029
-93.14261116997078 44.45473809937053
-93.14258160068104 44.45468391693655
-93.14255531139854 44.45461105279355
-93.14258979768697 44.45457234185918
-93.14258039125008 44.45452151929992
-93.14255764560278 44.45446984764718
-93.14250080213687 44.45445667161638
