37 4
488676.38412007474108 4922375.9717256454751
488674.76550048415083 4922374.9341469500214
488674.12091509974562 4922373.8944034380838
488673.51484599680407 4922372.4449413893744
488672.27589217975037 4922371.9284657798707
488671.47048395028105 4922371.0388789623976
488670.54241564380936 4922369.7307467767969
488669.91661995730828 4922367.7138889515772
488669.34584209450986 4922366.0324473530054
488667.75340331130428 4922365.0913460068405
488667.03715241642203 4922363.9827446090057
488666.98021504696226 4922361.6271212482825
488668.18473214423284 4922360.5811617299914
488669.66214717988623 4922358.9900423949584
488670.45924697548617 4922357.835506205447
488670.7208326284308 4922356.4775329483673
488670.66272817610297 4922353.3951879469678
488671.23672373255249 4922352.3038460686803
488673.41204223543173 4922351.2448093872517
488676.12305688258493 4922351.2730470141396
488678.1140375736868 4922352.3849513828754
488679.28670999815222 4922353.766471972689
488679.63824358506827 4922355.4170621791855
488679.10851368942531 4922357.0061976043507
488678.02589308458846 4922358.473983312957
488677.39399644301739 4922359.3237356152385
488676.90532386559062 4922360.4278088500723
488677.10153706697747 4922362.9737981269136
488678.04171480465448 4922365.3363877534866
488679.72608173586195 4922367.5962381251156
488681.10537762549939 4922369.7515256050974
488681.53691708721453 4922371.5125679178163
488681.09293933282606 4922372.965025880374
488680.09034719393821 4922374.2908627446741
488678.94987397606019 4922375.3542552581057
488677.94232305005426 4922375.7679465236142
488676.38412007474108 4922375.9717256454751
