31
-93.14209243743922 44.45417769398086
-93.14204911102912 44.45419074456551
-93.14202596424711 44.45420279067675
-93.14200105799232 44.45421682543358
-93.14198770056397 44.45422542220801
-93.14196383889697 44.45423105315887
-93.14193801467268 44.45424751544551
-93.14192288818883 44.45425916002951
-93.14191483638908 44.45427041619481
-93.14191798704438 44.45428178423455
-93.14193129190807 44.45429262200299
-93.14194818979024 44.45429821924369
-93.14196264492544 44.45429960698143
-93.14198372781276 44.45429555468558
-93.14200490327205 44.45429222461683
-93.14201760662486 44.4542865071065
-93.14202623003155 44.45428099913984
-93.14203883435729 44.45427457223423
-93.14205321816306 44.45426590206282
-93.14206039660162 44.45426627378762
-93.14208098988102 44.45426815557445
-93.14209899500142 44.45426510121656
-93.14210916866087 44.45425594582597
-93.14211215898986 44.45424644450099
-93.1421098337978 44.45423508115947
-93.14211441162129 44.4542219771442
-93.14211922659176 44.45421103220922
-93.14212392939464 44.45419861284586
-93.14211989895823 44.45418865215045
-93.14210995570025 44.45418044030495
-93.14209243743922 44.45417769398086
