9
8 5
488658.377134 4922377.466733
488655.625930 4922373.171632
488656.364463 4922367.525127
488658.164096 4922361.782458
488662.683993 4922360.311029
488667.771013 4922366.166258
488669.634205 4922373.212032
488670.165509 4922378.961038
10 5
488676.115274 4922386.738589
488680.994705 4922391.221857
488681.995888 4922397.492908
488680.490336 4922404.214618
488677.298957 4922410.392134
488650.236148 4922418.847390
488646.667036 4922412.986519
488645.797014 4922403.384807
488648.584378 4922395.736097
488653.957656 4922391.586390
10 5
488694.905209 4922458.371224
488694.891256 4922458.575374
488690.719755 4922466.242313
488686.301490 4922470.866358
488681.377253 4922473.601462
488677.488192 4922474.256781
488674.349367 4922473.668324
488666.292652 4922468.366317
488659.764320 4922450.119796
488693.566861 4922450.298709
5 5
488690.550966 4922442.099679
488693.435906 4922449.062956
488693.566861 4922450.298709
488659.764320 4922450.119796
488685.849417 4922438.061695
8 5
488680.020026 4922424.454917
488682.991830 4922430.650410
488685.849417 4922438.061695
488659.764320 4922450.119796
488652.508829 4922443.163253
488647.669522 4922432.816082
488646.922011 4922426.515676
488650.236148 4922418.847390
4 5
488680.369139 4922416.193798
488680.020026 4922424.454917
488650.236148 4922418.847390
488677.298957 4922410.392134
4 5
488676.115274 4922386.738589
488653.957656 4922391.586390
488656.299679 4922385.563885
488670.165509 4922378.961038
3 5
488670.165509 4922378.961038
488656.299679 4922385.563885
488658.377134 4922377.466733
3 5
488662.683993 4922360.311029
488662.683993 4922360.311029
488667.771013 4922366.166258
