34
-93.14198961761974 44.4545456060893
-93.14201088033535 44.45454156026123
-93.14202300163126 44.45452904944523
-93.14202330560171 44.45451200624928
-93.14201447235901 44.45449621350861
-93.14199900813921 44.45448594372046
-93.14198742431614 44.45447325417656
-93.14198558214385 44.45446524558057
-93.14198899154889 44.45444817908279
-93.14199415997363 44.45443836589887
-93.14199063121107 44.45442386880356
-93.14197704071782 44.45441136954077
-93.14196003555237 44.45440564967633
-93.14193837173683 44.45440456729838
-93.14191920006198 44.45439749685981
-93.14190418813003 44.45439094890452
-93.14188595796688 44.45438310252047
-93.1418663010917 44.45438119248998
-93.14184575023684 44.45439103520847
-93.14183899019915 44.45440529352022
-93.14184215629739 44.45442635907341
-93.14185106919311 44.45444346721884
-93.14186403019089 44.45445012716024
-93.1418789608647 44.45445595695958
-93.14188770411913 44.45446137231738
-93.14189746833243 44.45446673798838
-93.14190691383047 44.45447949576538
-93.14190922755097 44.4544926253381
-93.14190964532831 44.45450733747156
-93.1419171462298 44.45452098497069
-93.1419325544588 44.45453131538083
-93.14194666669786 44.45453878720618
-93.14196461031258 44.45454311696258
-93.14198961761974 44.4545456060893
