1
19 21
488813.77587248221971 4922592.3240085830912
488839.38099820754724 4922586.164401633665
488851.82581014884636 4922582.6117550870404
488860.83061086648377 4922582.587517878972
488861.72987511847168 4922582.6987015549093
488871.21894822479226 4922584.7815667251125
488877.67748419597046 4922587.6357353562489
488891.91763967723818 4922592.6034066472203
488902.0226273854496 4922597.5158615810797
488914.51843451202149 4922601.130669365637
488926.35939661436714 4922602.3747232127935
488938.72693896887358 4922603.6548255905509
488947.68672117916867 4922602.6490744398907
488954.46233792079147 4922602.3085084594786
488960.12322020065039 4922603.4477447932586
488965.35086418798892 4922604.2997729964554
488969.59588170825737 4922603.659872203134
488975.45775328832678 4922601.118520565331
488980.64923862472642 4922598.279708230868
