1
18 21
489166.07126181945205 4922545.9791185930371
489171.85986460122513 4922544.6472218027338
489175.00901339697884 4922540.9841539766639
489177.10477389261359 4922536.7475850414485
489180.50133292051032 4922532.8940552724525
489185.44443687517196 4922531.0253644436598
489190.57878858689219 4922531.2005679355934
489197.30866305128438 4922532.2354228850454
489205.23349513259018 4922533.6324666216969
489211.01455104636261 4922534.7739103911445
489216.08196905709337 4922534.4975496800616
489222.21567521925317 4922533.2476987009868
489222.65637593099382 4922533.3015037281439
489228.75738839781843 4922529.6068855701014
489234.25315754086478 4922526.7224958976731
489234.71919960482046 4922526.5572375580668
489239.9944819494267 4922523.645324183628
489243.98041030683089 4922522.1307485494763
