23
6 2
489197.4228540326003 4922509.4713970934972
489198.71044389979215 4922511.3013285193592
489199.66615261347033 4922513.1018814705312
489196.17668555438286 4922513.495643356815
489192.21262807055609 4922513.0162398433313
489195.71890241239453 4922507.968647653237
6 2
489184.48993963765679 4922504.4989324146882
489195.42592262348626 4922505.221299925819
489195.71890241239453 4922507.968647653237
489192.21262807055609 4922513.0162398433313
489188.84871664852835 4922513.9284705817699
489176.59338545962237 4922506.7791266832501
8 2
488963.32657627540175 4922589.7112556658685
488957.68464820401277 4922589.3895068252459
488953.550207229855 4922586.304947306402
488951.72118525789119 4922580.894490679726
488952.91675646335352 4922576.2035173112527
488956.77819007466314 4922572.5637743510306
488967.7569525532308 4922570.055555857718
488972.66027474304428 4922589.1810238733888
4 2
488972.66027474304428 4922589.1810238733888
488967.7569525532308 4922570.055555857718
488987.08682712947484 4922564.6107867741957
488981.07143194717355 4922587.9131623301655
6 2
489008.0029397077742 4922586.3434080071747
488993.73373443534365 4922588.0152037162334
488981.07143194717355 4922587.9131623301655
488987.08682712947484 4922564.6107867741957
489003.97880469355732 4922559.2646280294284
489016.05622986151138 4922584.452797963284
6 2
489016.05622986151138 4922584.452797963284
489003.97880469355732 4922559.2646280294284
489009.27607957250439 4922557.5146260373294
489012.1274475447135 4922557.8759875940159
489014.40996043273481 4922558.5512276859954
489023.83687403291697 4922581.6546922056004
6 2
489023.83687403291697 4922581.6546922056004
489014.40996043273481 4922558.5512276859954
489017.31286648043897 4922557.5242460696027
489020.51837455783971 4922557.2188206845894
489026.84430224669632 4922557.9968517431989
489038.83756523800548 4922576.8664804585278
3 2
489038.83756523800548 4922576.8664804585278
489026.84430224669632 4922557.9968517431989
489031.95018449221971 4922558.3422206565738
4 2
489038.83756523800548 4922576.8664804585278
489031.95018449221971 4922558.3422206565738
489035.33641813346185 4922558.0442917291075
489056.90697687095962 4922571.0015179980546
3 2
489056.90697687095962 4922571.0015179980546
489035.33641813346185 4922558.0442917291075
489038.24697315815138 4922557.014703663066
5 2
489056.90697687095962 4922571.0015179980546
489038.24697315815138 4922557.014703663066
489042.49009790434502 4922554.5097194751725
489055.90666560374666 4922548.9897480728105
489073.19008798297727 4922565.6289822719991
7 2
489095.86162177822553 4922557.7874355316162
489073.19008798297727 4922565.6289822719991
489055.90666560374666 4922548.9897480728105
489068.19611326546874 4922542.9186495002359
489075.54334240726894 4922539.8096967423335
489084.71432113734772 4922537.3733102660626
489088.29663647460984 4922537.9757490381598
4 2
489095.86162177822553 4922557.7874355316162
489088.29663647460984 4922537.9757490381598
489091.84548751445254 4922536.5117453634739
489118.15596189536154 4922551.0912950262427
4 2
489118.15596189536154 4922551.0912950262427
489091.84548751445254 4922536.5117453634739
489097.41447533201426 4922533.1347600370646
489105.07579034933588 4922529.5537726394832
6 2
489129.54329766402952 4922549.1485089045018
489118.15596189536154 4922551.0912950262427
489105.07579034933588 4922529.5537726394832
489113.32520080421818 4922524.6548066819087
489119.71963308012346 4922521.1918967235833
489131.86570539820241 4922518.3341471767053
3 2
489137.22949948365567 4922548.3232878642157
489129.54329766402952 4922549.1485089045018
489131.86570539820241 4922518.3341471767053
8 2
489152.62532060587546 4922541.5418601827696
489150.55740221840097 4922544.1313211414963
489149.04331643425394 4922545.9066694062203
489146.5240341675235 4922547.4393555466086
489137.22949948365567 4922548.3232878642157
489131.86570539820241 4922518.3341471767053
489140.5032159939874 4922515.0119412289932
489155.90795320377219 4922536.6405365690589
7 2
489165.35939784790389 4922528.0929555557668
489160.6095853431616 4922533.2095948858187
489155.90795320377219 4922536.6405365690589
489140.5032159939874 4922515.0119412289932
489151.86062473786296 4922509.4912341572344
489159.45926300477004 4922508.6632901486009
489168.39718213415472 4922508.8505998803303
3 2
489172.87080630438868 4922524.0536608053371
489165.35939784790389 4922528.0929555557668
489168.39718213415472 4922508.8505998803303
6 2
489182.04448091011727 4922519.6512027308345
489177.7191164593678 4922522.0342151457444
489172.87080630438868 4922524.0536608053371
489168.39718213415472 4922508.8505998803303
489176.59338545962237 4922506.7791266832501
489188.84871664852835 4922513.9284705817699
4 2
489195.42592262348626 4922505.221299925819
489184.48993963765679 4922504.4989324146882
489191.39062935544644 4922501.6435315189883
489195.84506401873659 4922502.178778545931
3 2
489195.84506401873659 4922502.178778545931
489191.39062935544644 4922501.6435315189883
489197.30906448402675 4922498.8667052518576
3 2
489197.30906448402675 4922498.8667052518576
489197.30906448402675 4922498.8667052518576
489195.84506401873659 4922502.178778545931
