10
5 5
488836.45107052766252 4922614.5465802690014
488833.83333886036417 4922615.6185037344694
488831.93948195298435 4922613.9252648921683
488832.90109079459216 4922610.2957852547988
488836.36657361278776 4922606.8306269133464
6 5
488853.05860694288276 4922615.7713946551085
488842.70825855142903 4922615.2880634572357
488836.45107052766252 4922614.5465802690014
488836.36657361278776 4922606.8306269133464
488847.02097391022835 4922605.0846379715949
488855.38824645255227 4922604.9498232137412
8 5
488924.33772113634041 4922605.6995966024697
488930.07918191875797 4922604.5403670482337
488934.3534038431244 4922604.320648945868
488936.92400552879553 4922605.7179950214922
488937.0760506533552 4922608.6841971138492
488934.90611144085415 4922611.9963052244857
488930.04181105369935 4922613.4016142655164
488916.24248746631201 4922614.3200132604688
4 5
488916.45094148401404 4922604.6024069795385
488924.33772113634041 4922605.6995966024697
488916.24248746631201 4922614.3200132604688
488903.54276457376545 4922614.4788638288155
5 5
488897.66092786489753 4922602.5636175880209
488905.6178784960648 4922602.5984628424048
488916.45094148401404 4922604.6024069795385
488903.54276457376545 4922614.4788638288155
488884.48319915542379 4922615.1296905139461
5 5
488878.1716260566609 4922603.7532723164186
488886.43483848846518 4922602.2724722623825
488897.66092786489753 4922602.5636175880209
488884.48319915542379 4922615.1296905139461
488865.64745339535875 4922614.1293034292758
3 5
488872.58738614746835 4922603.3509777411819
488878.1716260566609 4922603.7532723164186
488865.64745339535875 4922614.1293034292758
5 5
488860.40943831345066 4922603.7218860862777
488865.60082615597639 4922601.8179154535756
488872.58738614746835 4922603.3509777411819
488865.64745339535875 4922614.1293034292758
488853.05860694288276 4922615.7713946551085
3 5
488855.38824645255227 4922604.9498232137412
488860.40943831345066 4922603.7218860862777
488853.05860694288276 4922615.7713946551085
3 5
488836.36657361278776 4922606.8306269133464
488836.36657361278776 4922606.8306269133464
488842.70825855142903 4922615.2880634572357
