7
15 7
488867.46322712715482 4922599.1432860735804
488853.66041506838519 4922602.9640861907974
488844.14604238868924 4922605.2541573541239
488832.01072864513844 4922607.0403219582513
488822.52588980598375 4922608.2165919728577
488815.2822494750726 4922608.4972765957937
488811.55415277642896 4922606.8872295664623
488809.92380629753461 4922605.0746433082968
488809.41946476418525 4922603.179055144079
488813.8678580330452 4922598.430951657705
488823.43560715578496 4922594.7355904122815
488837.94787150761113 4922591.4331869073212
488849.14805251872167 4922589.1037963982671
488865.82268628315069 4922587.9261113023385
488876.77376772806747 4922589.4900030316785
4 7
488877.7754030963406 4922597.4273468228057
488867.46322712715482 4922599.1432860735804
488876.77376772806747 4922589.4900030316785
488886.85427841107594 4922588.4127046521753
4 7
488894.23579214228084 4922596.4656947702169
488877.7754030963406 4922597.4273468228057
488886.85427841107594 4922588.4127046521753
488894.41833529190626 4922586.7997828992084
6 7
488909.43835553189274 4922597.1663927333429
488894.23579214228084 4922596.4656947702169
488894.41833529190626 4922586.7997828992084
488906.29123986273771 4922584.7775728376582
488918.06577788514551 4922585.0578535199165
488916.8607060299255 4922596.9308439427987
5 7
488931.99360235931817 4922598.3302745781839
488916.8607060299255 4922596.9308439427987
488918.06577788514551 4922585.0578535199165
488928.21025280753383 4922585.6003131074831
488941.76656697737053 4922586.7925867261365
5 7
488946.19429561513243 4922599.8143991334364
488931.99360235931817 4922598.3302745781839
488941.76656697737053 4922586.7925867261365
488949.2783805449144 4922587.9404116822407
488953.9052474052296 4922589.8917222153395
6 7
488952.95198794949101 4922599.4777411539108
488950.04588215914555 4922600.5112830372527
488946.19429561513243 4922599.8143991334364
488953.9052474052296 4922589.8917222153395
488956.19311141403159 4922593.8672427618876
488955.59846804989502 4922596.7971726153046
