13
10 302
489215.81063505873317 4922484.7123339809477
489216.70823304256191 4922485.1870242301375
489217.43586353521096 4922485.8128123693168
489217.58067784755258 4922486.7652339041233
489217.6959061861271 4922487.9882404673845
489217.34974871540908 4922488.824285899289
489216.54732120939298 4922489.6931173354387
489215.48938202456338 4922490.2139973323792
489213.65683830343187 4922490.219586763531
489212.20487566117663 4922489.5281169312075
5 302
489212.45867508917581 4922483.0062958132476
489214.57708763389383 4922483.9611295796931
489215.81063505873317 4922484.7123339809477
489212.20487566117663 4922489.5281169312075
489210.52777999761747 4922489.0019012242556
7 302
489209.01370797026902 4922482.0927504133433
489210.23863387748133 4922481.912815656513
489211.38375469984021 4922482.3963184067979
489212.45867508917581 4922483.0062958132476
489210.52777999761747 4922489.0019012242556
489207.52042447810527 4922488.8986084153876
489207.99094136751955 4922482.8078498393297
4 302
489206.72706533933524 4922483.6438715728
489207.99094136751955 4922482.8078498393297
489207.52042447810527 4922488.8986084153876
489205.2097808427061 4922488.8592900065705
3 302
489205.47902887722012 4922483.9861429873854
489206.72706533933524 4922483.6438715728
489205.2097808427061 4922488.8592900065705
4 302
489204.61146555643063 4922483.9563187854365
489205.47902887722012 4922483.9861429873854
489205.2097808427061 4922488.8592900065705
489203.2514216491254 4922488.7648133318871
4 302
489203.55270014243433 4922483.8182903900743
489204.61146555643063 4922483.9563187854365
489203.2514216491254 4922488.7648133318871
489201.74012349621626 4922489.1257784646004
3 302
489202.58872004237492 4922483.4387736329809
489203.55270014243433 4922483.8182903900743
489201.74012349621626 4922489.1257784646004
4 302
489201.67071098717861 4922482.831837290898
489202.58872004237492 4922483.4387736329809
489201.74012349621626 4922489.1257784646004
489200.41074322047643 4922489.7572879819199
9 302
489196.43650641699787 4922484.1619140654802
489196.98856092285132 4922482.8305088020861
489197.8948537936667 4922481.9924439648166
489199.02187110652449 4922481.5765999313444
489199.92466833838262 4922481.5432635741308
489200.86299676611088 4922482.0351408403367
489201.67071098717861 4922482.831837290898
489200.41074322047643 4922489.7572879819199
489196.17737951740855 4922484.9840310998261
5 302
489194.77181086229393 4922487.1426858883351
489195.63911778351758 4922485.7761198105291
489196.17737951740855 4922484.9840310998261
489200.41074322047643 4922489.7572879819199
489199.28090661886381 4922490.9256111290306
11 302
489192.75673427019501 4922491.0321203246713
489193.15302341833012 4922489.5249314857647
489193.84319067827892 4922488.0978293092921
489194.77181086229393 4922487.1426858883351
489199.28090661886381 4922490.9256111290306
489198.70461241051089 4922492.1575596695766
489197.36307578755077 4922493.5492681227624
489196.01462082768558 4922494.1389083908871
489194.91234496323159 4922494.0739045878872
489193.71192688390147 4922493.288561405614
489192.86564010207076 4922492.3981139203534
3 302
489192.86564010207076 4922492.3981139203534
489192.86564010207076 4922492.3981139203534
489193.71192688390147 4922493.288561405614
