1
17 1
488620.20464363775682 4922231.9375945609063
488616.16564107086742 4922230.6232329728082
488612.46139280387433 4922227.927690426819
488608.51348467241041 4922224.3958113631234
488606.1560407965444 4922221.2333482252434
488605.51553030440118 4922217.8503001732752
488607.13914553192444 4922215.3762677218765
488610.49658122705296 4922213.1260458650067
488613.50491051387507 4922213.5163159193471
488616.30482896417379 4922215.6260110400617
488619.65700086171273 4922218.4384477240965
488622.05332485312829 4922221.1209596833214
488623.87087059597252 4922223.2501645749435
488625.15505214175209 4922225.7824257696047
488625.46486692124745 4922228.68072915636
488622.55393709958298 4922231.2983282441273
488620.20464363775682 4922231.9375945609063
