1
14 21
488644.7995307816891 4922285.320964529179
488628.33781705703586 4922266.1957915108651
488617.90113665768877 4922243.0044010775164
488592.58247831685003 4922228.3389323595911
488579.73291269066976 4922219.398300640285
488572.73937030264642 4922216.2703475151211
488568.87353448354406 4922211.5635968651623
488568.12125287990784 4922206.4690606342629
488563.94660002778983 4922193.1524038491771
488559.72438155149575 4922185.7644114485011
488552.11650394106982 4922179.0943416533992
488546.09914741344983 4922173.212878155522
488538.54523341800086 4922169.6810060143471
488534.39551729394589 4922168.4959716759622
