11
7 6
488591.76624069164973 4922158.0862362934276
488591.40431370498845 4922154.9449986638501
488591.43194125726586 4922152.7277929680422
488593.50949801510433 4922152.9782973546535
488595.22507131414022 4922154.1803265912458
488596.87215573253343 4922156.9960235906765
488596.48758154234383 4922161.1557839130983
5 6
488575.52880814840319 4922222.6354992194101
488570.21088320703711 4922220.8117760447785
488572.12399869470391 4922215.4650314673781
488574.01264807244297 4922211.2429451653734
488580.33483708644053 4922213.0328473569825
4 6
488591.41012992727337 4922163.1318139182404
488591.76624069164973 4922158.0862362934276
488596.48758154234383 4922161.1557839130983
488594.28583113814238 4922168.0656560650095
4 6
488590.40623644931475 4922166.3561566798016
488591.41012992727337 4922163.1318139182404
488594.28583113814238 4922168.0656560650095
488593.12672152189771 4922171.50928005483
4 6
488587.6778534691548 4922169.6186761017889
488590.40623644931475 4922166.3561566798016
488593.12672152189771 4922171.50928005483
488591.35641033726279 4922173.8874660190195
6 6
488584.08666968124453 4922174.85572405532
488585.39763702038908 4922172.1809169678017
488587.6778534691548 4922169.6186761017889
488591.35641033726279 4922173.8874660190195
488589.05336846446153 4922177.5525743709877
488582.64469278842444 4922179.482721362263
4 6
488582.64469278842444 4922179.482721362263
488589.05336846446153 4922177.5525743709877
488587.93388604873326 4922182.5945311505347
488582.99313694855664 4922183.5933142732829
5 6
488582.22165300016059 4922187.8158994968981
488582.99313694855664 4922183.5933142732829
488587.93388604873326 4922182.5945311505347
488586.77178539690794 4922189.9799510175362
488581.92290280305315 4922193.2099415091798
7 6
488579.30472318048123 4922201.5137736918405
488580.00823429983575 4922196.7915734183043
488581.92290280305315 4922193.2099415091798
488586.77178539690794 4922189.9799510175362
488586.26315700990381 4922195.1027791406959
488584.84173321764683 4922201.5988894263282
488581.92534458829323 4922207.1717313490808
5 6
488576.16286935016979 4922205.9391974946484
488579.30472318048123 4922201.5137736918405
488581.92534458829323 4922207.1717313490808
488580.33483708644053 4922213.0328473569825
488574.01264807244297 4922211.2429451653734
3 6
488575.52880814840319 4922222.6354992194101
488575.52880814840319 4922222.6354992194101
488572.12399869470391 4922215.4650314673781
