8
9 301
488482.27308004791848 4922030.0128205260262
488465.32151447545039 4922032.7857402907684
488463.98672961146804 4922029.887750774622
488464.26703847636236 4922028.082250145264
488464.82369096763432 4922025.7625557547435
488465.91680314979749 4922024.0522435801104
488467.64865898399148 4922022.6890473766252
488469.4357796201366 4922021.3928178492934
488482.78864080191124 4922028.07908863388
9 301
488471.24476567801321 4922019.9554927069694
488471.86967805639142 4922018.1712001552805
488473.09803016931983 4922016.5243250345811
488474.91599594964646 4922015.1519994745031
488476.27325896942057 4922014.2176064420491
488478.57539560983423 4922014.0194025812671
488480.97628975100815 4922014.6834736512974
488482.99802581401309 4922015.5687308851629
488484.23043259466067 4922016.7432931922376
9 301
488471.24476567801321 4922019.9554927069694
488484.23043259466067 4922016.7432931922376
488485.64971543930005 4922018.0794175574556
488486.65290508134058 4922019.4358150428161
488487.04105862189317 4922020.782343422994
488486.85621562408051 4922022.3322007060051
488485.88788248505443 4922024.6791428681463
488484.99535446806112 4922025.804826837033
488483.6512546678423 4922026.6701820241287
4 301
488471.24476567801321 4922019.9554927069694
488483.6512546678423 4922026.6701820241287
488482.78864080191124 4922028.07908863388
488469.4357796201366 4922021.3928178492934
5 301
488467.21773277962347 4922036.1719461455941
488466.17571246670559 4922034.6715186927468
488465.32151447545039 4922032.7857402907684
488482.27308004791848 4922030.0128205260262
488482.46626330522122 4922032.3766768667847
4 301
488468.1950491964235 4922038.2141111185774
488467.21773277962347 4922036.1719461455941
488482.46626330522122 4922032.3766768667847
488483.36528319207719 4922034.0711834495887
15 301
488473.8465814863448 4922045.2520012771711
488471.93309961346677 4922044.5943936184049
488470.60448558174539 4922043.669208727777
488469.48865167720942 4922042.1521012559533
488468.82075700885616 4922040.3506735125557
488468.1950491964235 4922038.2141111185774
488483.36528319207719 4922034.0711834495887
488484.03680772468215 4922036.4964734213427
488484.24784118367825 4922038.7280356986448
488484.1150298655848 4922040.3636691020802
488483.53950361441821 4922042.2180881844833
488481.90059703454608 4922044.2803811859339
488480.77087553421734 4922045.0304825622588
488478.85127114271745 4922045.4738135775551
488476.70356634201016 4922045.5489077745005
3 301
488473.8465814863448 4922045.2520012771711
488473.8465814863448 4922045.2520012771711
488476.70356634201016 4922045.5489077745005
