12
10 5
488586.58096258156002 4922135.0116775399074
488588.02900404203683 4922143.1008891612291
488586.4993345089606 4922148.0188590725884
488584.78617504471913 4922153.2035110862926
488583.51973783154972 4922156.0269361324608
488581.26831302512437 4922159.3930902173743
488579.22397118230583 4922161.1659275256097
488571.24841810617363 4922157.3346887547523
488567.82424574531615 4922150.3079565819353
488582.95022532436997 4922130.966082890518
7 5
488574.6150846388191 4922115.1250405767933
488578.66247005033074 4922122.5741507383063
488582.95022532436997 4922130.966082890518
488567.82424574531615 4922150.3079565819353
488560.03605885949219 4922140.0528964428231
488554.90802035765955 4922130.4371709832922
488567.56759250012692 4922109.845558189787
4 5
488567.56759250012692 4922109.845558189787
488554.90802035765955 4922130.4371709832922
488550.34934866137337 4922123.9070044253021
488560.38627608737443 4922106.5794181842357
6 5
488555.64054662967101 4922099.031298850663
488560.38627608737443 4922106.5794181842357
488550.34934866137337 4922123.9070044253021
488544.65454219933599 4922119.3586057396606
488538.46342854131944 4922108.4820887194946
488538.35059634479694 4922104.8167130779475
4 5
488555.64054662967101 4922099.031298850663
488538.35059634479694 4922104.8167130779475
488536.46514284407021 4922097.4149744892493
488555.55046317225788 4922098.5791643401608
9 5
488546.89170469966484 4922079.5358667019755
488550.96237343573011 4922082.9191689873114
488554.1626489238115 4922089.0058274427429
488554.2659427995095 4922089.3118878044188
488554.45365510560805 4922090.068682320416
488555.55046317225788 4922098.5791643401608
488536.46514284407021 4922097.4149744892493
488532.35704067628831 4922087.3172233523801
488543.18222450168105 4922080.8284874325618
5 5
488540.28679696674226 4922077.1703967526555
488543.18222450168105 4922080.8284874325618
488532.35704067628831 4922087.3172233523801
488531.13737979030702 4922082.5405097575858
488531.14685943874065 4922075.1931526884437
4 5
488539.82216017134488 4922067.4856802672148
488540.28679696674226 4922077.1703967526555
488531.14685943874065 4922075.1931526884437
488527.72882548312191 4922066.5647404827178
8 5
488534.88877464365214 4922044.4646175904199
488540.10976190085057 4922049.504883479327
488543.02826774213463 4922057.1806057607755
488541.55668911314569 4922062.5021820841357
488539.82216017134488 4922067.4856802672148
488527.72882548312191 4922066.5647404827178
488521.44927357498091 4922055.9441491207108
488518.02740942162927 4922049.6995796244591
5 5
488530.11340453883167 4922035.2629682365805
488534.88877464365214 4922044.4646175904199
488518.02740942162927 4922049.6995796244591
488514.05295806378126 4922041.0437156492844
488510.40794512454886 4922031.4082843661308
7 5
488513.51994346058927 4922022.4639521986246
488517.77946819516364 4922020.4145126165822
488522.6131336982944 4922024.0033583436161
488530.15078072441975 4922034.9823370194063
488530.11340453883167 4922035.2629682365805
488510.40794512454886 4922031.4082843661308
488510.83985106699402 4922025.3988846894354
3 5
488510.40794512454886 4922031.4082843661308
488510.40794512454886 4922031.4082843661308
488510.83985106699402 4922025.3988846894354
