7
8 302
488495.53815984376706 4922040.3908464265987
488496.8685761350207 4922041.3173934528604
488497.3767403443926 4922042.7358343079686
488497.54968513431959 4922044.1137891318649
488497.22940178617137 4922045.3471976714209
488495.79733114992268 4922045.9363816576079
488494.29963685496477 4922045.6691756732762
488493.38647861086065 4922045.472836648114
10 302
488488.42853087669937 4922044.1875346116722
488488.76870627084281 4922042.1129509927705
488489.4664728132193 4922040.5886534843594
488490.37414542742772 4922038.7487868638709
488491.22011659230338 4922037.4094634037465
488494.67584025894757 4922039.0980192394927
488495.53815984376706 4922040.3908464265987
488493.38647861086065 4922045.472836648114
488492.80919802130666 4922045.9960070187226
488488.69525714486372 4922046.1668555140495
14 302
488490.47027140698629 4922035.8821978894994
488489.36580815375783 4922034.4838790111244
488488.60848707630066 4922033.0411461954936
488488.29804862884339 4922030.7286038277671
488489.10853494197363 4922029.6513720387593
488490.31668695196277 4922028.7868631640449
488491.85759359324584 4922028.7019790699705
488493.51717032073066 4922029.0575289083645
488494.9395155783277 4922029.9129937924445
488495.800134039775 4922031.203553840518
488495.77598583436338 4922032.8051129486412
488495.65825039654737 4922034.4805772583932
488495.25659906986402 4922035.6989229088649
488494.70762414229102 4922036.730636046268
4 302
488491.22011659230338 4922037.4094634037465
488490.47027140698629 4922035.8821978894994
488494.70762414229102 4922036.730636046268
488494.54325886454899 4922037.3875138796866
3 302
488491.22011659230338 4922037.4094634037465
488494.54325886454899 4922037.3875138796866
488494.67584025894757 4922039.0980192394927
6 302
488490.52415304945316 4922047.9184799650684
488489.23258384026121 4922047.3341114986688
488488.69525714486372 4922046.1668555140495
488492.80919802130666 4922045.9960070187226
488492.4431325251935 4922046.8840061845258
488491.65707822324475 4922047.7196521051228
3 302
488490.52415304945316 4922047.9184799650684
488490.52415304945316 4922047.9184799650684
488491.65707822324475 4922047.7196521051228
