6
9 7
488641.59010528668296 4922274.4852710822597
488652.77212189580314 4922262.6963930297643
488661.52806464827154 4922270.1848027566448
488666.07245654368307 4922277.3298955988139
488668.71865739941131 4922281.8386724116281
488668.32072392071132 4922285.6245014956221
488666.3918074995745 4922290.5517352093011
488657.61926312663127 4922292.9232931975275
488649.22364058799576 4922287.3149754907936
9 7
488623.24348440160975 4922239.4080777298659
488612.77800638391636 4922232.1902975896373
488604.21618117683101 4922225.2838032403961
488603.03872363280971 4922218.286828472279
488606.91475782397902 4922212.0626192586496
488613.90175396605628 4922210.8749277042225
488620.11141267267521 4922213.9415293587372
488625.54569390264805 4922221.2581251496449
488638.26292119338177 4922239.9772009858862
4 7
488629.00521796412067 4922251.159555462189
488623.24348440160975 4922239.4080777298659
488638.26292119338177 4922239.9772009858862
488648.58982826664578 4922255.5235936874524
5 7
488634.73727180215064 4922263.2372854584828
488629.00521796412067 4922251.159555462189
488648.58982826664578 4922255.5235936874524
488648.58878711727448 4922255.9046697951853
488641.59010528668296 4922274.4852710822597
3 7
488641.59010528668296 4922274.4852710822597
488648.58878711727448 4922255.9046697951853
488652.77212189580314 4922262.6963930297643
3 7
488657.61926312663127 4922292.9232931975275
488657.61926312663127 4922292.9232931975275
488649.22364058799576 4922287.3149754907936
