8
8 301
488834.36556975956773 4922429.8463793275878
488836.26101672172081 4922426.185364481993
488838.51904479472432 4922423.0490500405431
488841.08871785196243 4922420.8562167529017
488843.34471752354875 4922419.4773558601737
488846.32949387072586 4922419.1450152471662
488849.04228949069511 4922419.7381966775283
488833.09981388872257 4922432.7323820786551
6 301
488831.81391391815851 4922435.3990554800257
488833.09981388872257 4922432.7323820786551
488849.04228949069511 4922419.7381966775283
488848.46121499867877 4922441.3115069456398
488847.32345908175921 4922444.9294629115611
488845.19539719971363 4922448.2658400442451
13 301
488843.41658965271199 4922451.3804508093745
488841.5109075497021 4922452.8315609823912
488839.12101096683182 4922453.452489563264
488837.17291602422483 4922453.6064800815657
488834.34591619390994 4922453.1541797174141
488831.37607665837277 4922451.8265702370554
488830.05556038592476 4922450.5231634862721
488828.38842502050102 4922448.8142185434699
488827.81156078568893 4922447.1830146089196
488827.39320100768236 4922444.5957066146657
488827.93952654779423 4922441.637639651075
488829.51535990275443 4922439.1853443654254
488845.19539719971363 4922448.2658400442451
3 301
488845.19539719971363 4922448.2658400442451
488829.51535990275443 4922439.1853443654254
488831.81391391815851 4922435.3990554800257
4 301
488849.58663712500129 4922437.7472196398303
488848.46121499867877 4922441.3115069456398
488849.04228949069511 4922419.7381966775283
488850.06171046651434 4922435.5552837103605
3 301
488851.02146855887258 4922434.2825061418116
488850.06171046651434 4922435.5552837103605
488849.04228949069511 4922419.7381966775283
10 301
488852.4710698868148 4922422.391122139059
488853.56673673412297 4922423.9641305468976
488854.20920389820822 4922426.1770386509597
488854.3741681886022 4922427.9057743651792
488854.01952797762351 4922430.3731613345444
488853.13356537604704 4922431.9214862762019
488851.7524466321338 4922433.5700184218585
488851.02146855887258 4922434.2825061418116
488849.04228949069511 4922419.7381966775283
488850.79450699035078 4922420.7491177823395
3 301
488849.04228949069511 4922419.7381966775283
488849.04228949069511 4922419.7381966775283
488850.79450699035078 4922420.7491177823395
