6
4 5
488892.74955183779821 4922352.213238440454
488899.83230696723331 4922350.5554342586547
488900.41039905051002 4922369.5082597313449
488887.2481603215565 4922356.3284250898287
5 5
488874.00888102379395 4922366.0676626600325
488879.94192612485494 4922360.8595382776111
488887.2481603215565 4922356.3284250898287
488900.41039905051002 4922369.5082597313449
488891.2880928798113 4922376.8218127721921
8 5
488853.26488165481715 4922403.3059102054685
488848.52978833124507 4922405.6696085631847
488844.93617498630192 4922406.8652039533481
488841.19020242767874 4922406.7336737625301
488837.20491987565765 4922402.3232561741024
488837.91944845794933 4922396.3775842450559
488841.26352028688416 4922390.6289920369163
488847.57591414795024 4922383.0274199601263
5 5
488863.17088010645239 4922398.4843186112121
488853.26488165481715 4922403.3059102054685
488847.57591414795024 4922383.0274199601263
488855.61020116362488 4922378.1064138552174
488867.95877726434264 4922395.5003198944032
8 5
488886.59081920434255 4922383.2534126443788
488882.09864079131512 4922389.1204460961744
488878.82441744691459 4922391.7898288639262
488867.95877726434264 4922395.5003198944032
488855.61020116362488 4922378.1064138552174
488864.8738779683481 4922371.0171542726457
488874.00888102379395 4922366.0676626600325
488891.2880928798113 4922376.8218127721921
3 5
488900.41039905051002 4922369.5082597313449
488900.41039905051002 4922369.5082597313449
488891.2880928798113 4922376.8218127721921
