22
8 5
489000.82074693322647 4922353.2469960618764
488998.04910206614295 4922355.0039177797735
488994.47653283644468 4922355.0523740537465
488992.85494065965759 4922350.1875819126144
488991.92557941854466 4922345.9162782337517
488991.75089193944586 4922340.9678993234411
488993.8315264149569 4922337.5852749282494
488997.97930711414665 4922335.8849760908633
9 5
489160.44111441093264 4922338.2975574787706
489165.30607961886562 4922338.873049236834
489168.91270804515807 4922342.123928617686
489167.28917033033213 4922346.332174250856
489162.45189102133736 4922349.523210382089
489158.36806485377019 4922349.8009369112551
489155.2261190218851 4922348.4702890096232
489152.62936252099462 4922346.4224895685911
489149.96231799939414 4922343.5826215567067
5 5
489052.40182279469445 4922352.3627989022061
489048.85028210573364 4922350.9625200834125
489048.60167167300824 4922348.5375149985775
489048.92909765342483 4922346.3492722483352
489055.84450431104051 4922352.6273000435904
5 5
489113.54953079594998 4922350.4243612932041
489109.50342519721016 4922349.7630237704143
489106.90729674155591 4922347.5349021814764
489107.36156803416088 4922345.0580093180761
489116.7610271187732 4922348.7609068099409
4 5
489116.7610271187732 4922348.7609068099409
489107.36156803416088 4922345.0580093180761
489107.70976487227017 4922342.106999669224
489120.20577221456915 4922345.0758978594095
5 5
489081.91225745267002 4922346.3705674586818
489078.05279011290986 4922347.6542832730338
489075.16414658352733 4922346.5063570197672
489074.55199897638522 4922344.0493775978684
489085.06807785731507 4922344.3731136154383
7 5
489062.30363774468424 4922347.8111477931961
489060.93616091029253 4922350.5239892480895
489057.97345804050565 4922352.2465383205563
489055.84450431104051 4922352.6273000435904
489048.92909765342483 4922346.3492722483352
489049.15647708001779 4922343.6768559217453
489063.17131814802997 4922345.2073059612885
3 5
489064.95552706980379 4922342.8831033082679
489063.17131814802997 4922345.2073059612885
489049.15647708001779 4922343.6768559217453
4 5
489000.82074693322647 4922353.2469960618764
488997.97930711414665 4922335.8849760908633
489032.31962151598418 4922336.7649636417627
489003.65107939601876 4922354.5565948970616
8 5
489023.99478670547251 4922354.0122133353725
489020.00707622402115 4922356.7425221391022
489016.19464709772728 4922358.3726691175252
489011.52337499894202 4922358.600941923447
489007.1240866985172 4922356.5954259913415
489003.65107939601876 4922354.5565948970616
489032.31962151598418 4922336.7649636417627
489025.83596446318552 4922350.7079998841509
4 5
489030.24349120917032 4922345.0272244419903
489025.83596446318552 4922350.7079998841509
489032.31962151598418 4922336.7649636417627
489031.30016417521983 4922342.6219196906313
4 5
489040.67377202626085 4922342.0284983022138
489031.30016417521983 4922342.6219196906313
489032.31962151598418 4922336.7649636417627
489071.14682661747793 4922336.8696733592078
3 5
489047.49143334472319 4922342.3708545472473
489040.67377202626085 4922342.0284983022138
489071.14682661747793 4922336.8696733592078
4 5
489049.15647708001779 4922343.6768559217453
489047.49143334472319 4922342.3708545472473
489071.14682661747793 4922336.8696733592078
489064.95552706980379 4922342.8831033082679
5 5
489072.48677865136415 4922342.8490380952135
489064.95552706980379 4922342.8831033082679
489071.14682661747793 4922336.8696733592078
489160.44111441093264 4922338.2975574787706
489095.94448480452411 4922341.8999913511798
3 5
489125.43575447902549 4922342.4030558383092
489120.20577221456915 4922345.0758978594095
489107.70976487227017 4922342.106999669224
4 5
489160.44111441093264 4922338.2975574787706
489149.96231799939414 4922343.5826215567067
489141.86438599473331 4922343.3480643248186
489129.78987777646398 4922341.8281916091219
4 5
489085.06807785731507 4922344.3731136154383
489074.55199897638522 4922344.0493775978684
489072.48677865136415 4922342.8490380952135
489088.97795827261871 4922342.6313543133438
3 5
489129.78987777646398 4922341.8281916091219
489125.43575447902549 4922342.4030558383092
489107.70976487227017 4922342.106999669224
4 5
489160.44111441093264 4922338.2975574787706
489129.78987777646398 4922341.8281916091219
489107.70976487227017 4922342.106999669224
489095.94448480452411 4922341.8999913511798
3 5
489095.94448480452411 4922341.8999913511798
489088.97795827261871 4922342.6313543133438
489072.48677865136415 4922342.8490380952135
3 5
489160.44111441093264 4922338.2975574787706
489160.44111441093264 4922338.2975574787706
489107.70976487227017 4922342.106999669224
