8
5 5
488985.12526831775904 4922345.1258576335385
488989.09249994799029 4922343.7233471795917
488991.82329122599913 4922343.4299294333905
488995.3877682252205 4922354.71625336539
488986.62890975491609 4922359.3698540413752
10 5
488926.39630288956687 4922369.224983163178
488915.47252667474095 4922371.2773028947413
488908.13510401151143 4922370.8517840132117
488899.58689611393493 4922370.2656709179282
488896.1042836716515 4922365.3297909386456
488893.90951864415547 4922357.0490859644488
488898.89266019500792 4922349.0540167624131
488906.61755440436536 4922343.6340649174526
488918.04307498427806 4922339.4891865318641
488931.33617246767972 4922339.2317310413346
4 5
488932.66279710631352 4922370.6450042966753
488926.39630288956687 4922369.224983163178
488931.33617246767972 4922339.2317310413346
488948.29521577630658 4922338.6501950668171
7 5
488960.05674954579445 4922374.1583204464987
488955.02228419930907 4922376.933134556748
488944.34105989523232 4922376.9148918027058
488940.2925728095579 4922375.6161012360826
488932.66279710631352 4922370.6450042966753
488948.29521577630658 4922338.6501950668171
488963.14889629714889 4922339.3536432208493
5 5
488969.23556936701061 4922369.3097781771794
488960.05674954579445 4922374.1583204464987
488963.14889629714889 4922339.3536432208493
488970.45984134683385 4922342.2571225157008
488976.8747952861595 4922363.3101873062551
4 5
488976.8747952861595 4922363.3101873062551
488970.45984134683385 4922342.2571225157008
488978.50161626370391 4922344.4806967433542
488986.62890975491609 4922359.3698540413752
3 5
488986.62890975491609 4922359.3698540413752
488978.50161626370391 4922344.4806967433542
488985.12526831775904 4922345.1258576335385
3 5
488995.3877682252205 4922354.71625336539
488995.3877682252205 4922354.71625336539
488986.62890975491609 4922359.3698540413752
