16
7 5
489118.32955713785486 4922369.8563452735543
489123.42296309000812 4922366.0367383919656
489130.17891400097869 4922366.7887761956081
489132.55047509708675 4922369.5161141697317
489131.72280579258222 4922373.5921340286732
489128.19372672744794 4922381.6405229168013
489123.12260870891623 4922390.4701234987006
5 5
489111.0700670882361 4922371.4857376608998
489118.32955713785486 4922369.8563452735543
489123.12260870891623 4922390.4701234987006
489115.89021401561331 4922396.1342832380906
489107.93746787298005 4922398.6420994913206
6 5
489095.80688883725088 4922376.3136077607051
489103.29180859314511 4922371.7925732452422
489111.0700670882361 4922371.4857376608998
489107.93746787298005 4922398.6420994913206
489095.42525270365877 4922399.3442344637588
489090.95550530881155 4922397.5015738746151
4 5
489088.98228889686288 4922378.1377652995288
489095.80688883725088 4922376.3136077607051
489090.95550530881155 4922397.5015738746151
489082.00557812355692 4922395.2528316872194
7 5
489069.47080280416412 4922386.3497345177457
489072.50222160475096 4922380.2273273766041
489078.03083328244975 4922377.5424308637157
489083.1243487225147 4922377.052640109323
489088.98228889686288 4922378.1377652995288
489082.00557812355692 4922395.2528316872194
489075.34125840861816 4922396.6921531734988
4 5
489069.47080280416412 4922386.3497345177457
489075.34125840861816 4922396.6921531734988
489069.03931032022228 4922400.4331657746807
489062.9433435871033 4922389.0831287736073
5 5
489051.68508128478425 4922391.554891616106
489062.9433435871033 4922389.0831287736073
489069.03931032022228 4922400.4331657746807
489061.70193012052914 4922405.8283635405824
489053.77856535976753 4922409.0658468054608
8 5
489025.62236914527602 4922397.2490391023457
489038.72115950839361 4922394.1581415012479
489051.68508128478425 4922391.554891616106
489053.77856535976753 4922409.0658468054608
489036.23365591204492 4922413.1117158988491
489030.38931707653683 4922412.3971052337438
489023.13937060284661 4922410.8560143606737
489015.09131005813833 4922404.1205083569512
4 5
489015.09131005813833 4922404.1205083569512
489023.13937060284661 4922410.8560143606737
489013.71177494659787 4922412.9810182703659
489004.27298342122231 4922405.2511766087264
5 5
488995.1059816039633 4922410.877272689715
489004.27298342122231 4922405.2511766087264
489013.71177494659787 4922412.9810182703659
488999.66632739704801 4922419.9653372662142
488991.94766742381034 4922415.0921545820311
4 5
488991.94766742381034 4922415.0921545820311
488999.66632739704801 4922419.9653372662142
488993.63105966133298 4922425.1292691119015
488986.03655186534161 4922418.3031992167234
6 5
488978.36176179093309 4922418.966512744315
488986.03655186534161 4922418.3031992167234
488993.63105966133298 4922425.1292691119015
488993.56313549418701 4922425.7743251658976
488987.37698427197756 4922430.2326730228961
488976.56346258876147 4922434.7772774584591
4 5
488974.45071047457168 4922417.6682041594759
488978.36176179093309 4922418.966512744315
488976.56346258876147 4922434.7772774584591
488966.84077504253946 4922438.2622517365962
7 5
488955.90687723451992 4922415.4184642862529
488961.10176017257618 4922413.0957466010004
488967.45101710461313 4922412.2354165203869
488970.57862978300545 4922414.5796719118953
488974.45071047457168 4922417.6682041594759
488966.84077504253946 4922438.2622517365962
488961.04038009239594 4922441.2239150861278
9 5
488939.12164716026746 4922435.0140937194228
488940.71223252295749 4922426.203795267269
488944.97798176261131 4922421.3870468325913
488950.19085859798361 4922417.041827888228
488955.90687723451992 4922415.4184642862529
488961.04038009239594 4922441.2239150861278
488954.87147257826291 4922442.8438873756677
488946.64853351115016 4922443.9315410591662
488941.36714059388032 4922440.3945338577032
3 5
488946.64853351115016 4922443.9315410591662
488946.64853351115016 4922443.9315410591662
488941.36714059388032 4922440.3945338577032
