7
6 5
489155.07055960583966 4922376.7280179532245
489148.51172223279718 4922379.122468939051
489144.97488350083586 4922376.6155052706599
489143.90181423560716 4922374.8843746418133
489144.0131339400541 4922372.6579456953332
489153.2868358787382 4922367.9026701375842
10 5
489198.34674902301049 4922360.4197969660163
489206.28193074546289 4922361.3278704928234
489213.41193879453931 4922362.2651944458485
489215.93624902702868 4922363.540059465915
489216.29407047416316 4922365.8007153924555
489214.74637400364736 4922367.9921254981309
489212.88317219819874 4922369.0240934668109
489200.94011120637879 4922370.1638416452333
489190.78620981116546 4922370.2761227721348
489192.45952936186222 4922361.5996000561863
5 5
489183.76958361093421 4922362.0023890994489
489192.45952936186222 4922361.5996000561863
489190.78620981116546 4922370.2761227721348
489182.67293949861778 4922369.7872646469623
489175.70705627871212 4922362.721585823223
4 5
489175.70705627871212 4922362.721585823223
489182.67293949861778 4922369.7872646469623
489175.67699329758761 4922370.8231299445033
489165.16021169850137 4922364.000318297185
3 5
489165.16021169850137 4922364.000318297185
489175.67699329758761 4922370.8231299445033
489170.41766410379205 4922371.9437011731789
5 5
489153.2868358787382 4922367.9026701375842
489165.16021169850137 4922364.000318297185
489170.41766410379205 4922371.9437011731789
489164.86712959845318 4922374.1237523155287
489155.07055960583966 4922376.7280179532245
3 5
489144.0131339400541 4922372.6579456953332
489144.0131339400541 4922372.6579456953332
489153.2868358787382 4922367.9026701375842
