7
11 1
489163.11621673486661 4922358.7187349852175
489157.60310899163596 4922360.3207713831216
489154.80505157785956 4922360.358137730509
489151.14606888272101 4922360.0290692625567
489148.43924658989999 4922359.1899315388873
489147.42178162606433 4922357.1995359081775
489148.023261998198 4922355.3898764457554
489149.77381441078614 4922353.8042492400855
489153.98807459621457 4922352.228228203021
489158.92865988996346 4922351.0205429643393
489167.47460686723934 4922349.5735517209396
3 1
489167.89388501999201 4922357.5991369187832
489163.11621673486661 4922358.7187349852175
489167.47460686723934 4922349.5735517209396
4 1
489173.68887270969572 4922356.4851148519665
489167.89388501999201 4922357.5991369187832
489167.47460686723934 4922349.5735517209396
489175.14930789364735 4922349.736596820876
4 1
489179.37346311873989 4922355.9168085763231
489173.68887270969572 4922356.4851148519665
489175.14930789364735 4922349.736596820876
489180.14843108761124 4922348.8427619216964
4 1
489182.94095654034754 4922355.8207712853327
489179.37346311873989 4922355.9168085763231
489180.14843108761124 4922348.8427619216964
489185.33634545007953 4922347.1697815610096
11 1
489194.04206205095397 4922349.3767243549228
489194.26578803703887 4922351.8818857055157
489193.34126331197331 4922354.335169182159
489191.87917015538551 4922356.1017612190917
489189.54070802149363 4922356.353433880955
489187.38599847099977 4922356.5316111920401
489182.94095654034754 4922355.8207712853327
489185.33634545007953 4922347.1697815610096
489189.32073127431795 4922346.5898117544129
489191.57562223641435 4922347.0403383299708
489192.99950738751795 4922347.7449025437236
3 1
489194.04206205095397 4922349.3767243549228
489194.04206205095397 4922349.3767243549228
489192.99950738751795 4922347.7449025437236
