7
14 4
488830.59879277035361 4922425.4515176760033
488830.57093089551199 4922427.3614388210699
488829.89010172896087 4922429.0349586931989
488829.03865778702311 4922430.4194855391979
488828.16901000885991 4922431.5849375035614
488826.89886326377746 4922432.2698069708422
488825.77250735112466 4922432.6524577764794
488824.31690809532302 4922431.8869343576953
488822.993323120696 4922430.3548255776986
488822.82680473517394 4922428.5992841124535
488822.75014968850883 4922426.9574084375054
488823.45429870625958 4922425.2460770234466
488824.21413561824011 4922423.6445020390674
488825.33220731868641 4922423.03517027013
4 4
488830.59879277035361 4922425.4515176760033
488825.33220731868641 4922423.03517027013
488826.74127793725347 4922422.248691608198
488830.73092621628894 4922423.9809466926381
4 4
488830.73092621628894 4922423.9809466926381
488826.74127793725347 4922422.248691608198
488827.84346718067536 4922421.0028976043686
488831.68278592720162 4922422.7117851870134
4 4
488831.68278592720162 4922422.7117851870134
488827.84346718067536 4922421.0028976043686
488828.74037775956094 4922419.3104681326076
488832.74977366469102 4922421.8295626733452
4 4
488832.74977366469102 4922421.8295626733452
488828.74037775956094 4922419.3104681326076
488829.22896876832237 4922417.5189761407673
488833.76002216164488 4922420.9955922588706
14 4
488837.43910759210121 4922412.8653319114819
488837.88674174353946 4922413.9742802483961
488838.10538240073947 4922415.2154650120065
488837.35962968866806 4922416.922303404659
488836.54076986346627 4922418.3590265391394
488835.12437865143875 4922419.8858091356233
488833.76002216164488 4922420.9955922588706
488829.22896876832237 4922417.5189761407673
488829.4818996587419 4922415.9107412584126
488830.10964702820638 4922414.2990869600326
488831.47645350609673 4922413.0842453790829
488833.00056015700102 4922412.3071290608495
488834.9390853754594 4922412.052557837218
488836.14853332925122 4922412.1371589414775
3 4
488834.9390853754594 4922412.052557837218
488834.9390853754594 4922412.052557837218
488836.14853332925122 4922412.1371589414775
