10
9 7
489108.99000852863537 4922369.574483291246
489103.10096739151049 4922371.3449166687205
489097.78532916039694 4922371.0651981960982
489093.34104196616681 4922369.9051068238914
489092.13849230593769 4922365.8028122652322
489093.00607587245759 4922361.6940818484873
489096.82962489617057 4922359.3404133375734
489108.99157254915917 4922355.2242588819936
489113.10553989268374 4922367.2232060385868
4 7
489119.00729105755454 4922364.281289040111
489113.10553989268374 4922367.2232060385868
489108.99157254915917 4922355.2242588819936
489118.47993189288536 4922351.7185902725905
4 7
489126.08348259225022 4922362.8036613576114
489119.00729105755454 4922364.281289040111
489118.47993189288536 4922351.7185902725905
489131.08417408837704 4922349.9486116850749
4 7
489131.67067654046696 4922362.2084232028574
489126.08348259225022 4922362.8036613576114
489131.08417408837704 4922349.9486116850749
489140.76700444880407 4922350.2365490077063
4 7
489148.10027818480739 4922360.7195110302418
489131.67067654046696 4922362.2084232028574
489140.76700444880407 4922350.2365490077063
489146.33242772973608 4922351.980552488938
8 7
489167.37299410026753 4922359.2322394782677
489160.95905333303381 4922360.4064452890307
489156.28855139744701 4922360.9966624993831
489148.10027818480739 4922360.7195110302418
489146.33242772973608 4922351.980552488938
489155.10006930289092 4922349.9439582675695
489165.59683185006725 4922347.6078680483624
489173.48461492935894 4922347.0033939527348
5 7
489177.88683096627938 4922357.4677500650287
489172.63622180052334 4922358.3490226455033
489167.37299410026753 4922359.2322394782677
489173.48461492935894 4922347.0033939527348
489180.50217625754885 4922346.9848594684154
5 7
489186.05231248418568 4922357.4541632477194
489177.88683096627938 4922357.4677500650287
489180.50217625754885 4922346.9848594684154
489185.75492217793362 4922345.2299532396719
489191.29368893773062 4922345.2244516704232
7 7
489195.09320782480063 4922356.8574767801911
489189.85044899652712 4922358.0292850006372
489186.05231248418568 4922357.4541632477194
489191.29368893773062 4922345.2244516704232
489195.96237205562647 4922348.1282786726952
489198.59088291693479 4922352.4883099943399
489198.00934189086547 4922355.1073501650244
3 7
489198.00934189086547 4922355.1073501650244
489198.00934189086547 4922355.1073501650244
489198.59088291693479 4922352.4883099943399
