12
7 4
488907.49526222876739 4922376.0687616383657
488907.68680128565757 4922374.5418624337763
488908.91777738329256 4922372.8466578964144
488910.96128264314029 4922372.7913032919168
488912.24234670586884 4922373.5336441351101
488912.72362190205604 4922374.6232056897134
488908.20797404419864 4922378.1574285011739
4 4
488908.20797404419864 4922378.1574285011739
488912.72362190205604 4922374.6232056897134
488914.25454862689367 4922376.2141534276307
488908.64255256723845 4922379.1763102933764
9 4
488914.30486651178217 4922383.2245746236295
488911.86719380324939 4922384.1984047126025
488910.57737200870179 4922384.4141913000494
488909.25137884222204 4922383.8766926638782
488907.94136241625529 4922382.8180801765993
488907.96610245731426 4922380.7318964870647
488908.64255256723845 4922379.1763102933764
488914.25454862689367 4922376.2141534276307
488916.41174861404579 4922376.6217744043097
6 4
488918.14415035175625 4922382.8705703662708
488917.26357544661732 4922383.2873177472502
488915.85542580636684 4922383.2647589053959
488914.30486651178217 4922383.2245746236295
488916.41174861404579 4922376.6217744043097
488919.00495100597618 4922382.0772631522268
4 4
488920.09546457143733 4922381.2376909060404
488919.00495100597618 4922382.0772631522268
488916.41174861404579 4922376.6217744043097
488917.96652173274197 4922375.6973504666239
4 4
488921.78073155431775 4922380.9192336834967
488920.09546457143733 4922381.2376909060404
488917.96652173274197 4922375.6973504666239
488918.5335835199221 4922374.5100741898641
10 4
488918.489600971865 4922369.8838017908856
488919.47058415104402 4922369.3455401193351
488921.13292072323384 4922369.5413243724033
488922.86006848077523 4922370.2554875202477
488924.08871736086439 4922371.3517087455839
488923.04697741870768 4922381.4470157567412
488921.78073155431775 4922380.9192336834967
488918.5335835199221 4922374.5100741898641
488917.98531842586817 4922372.8986740661785
488917.74267889483599 4922371.256652421318
11 4
488926.87663131958107 4922382.4373788041994
488925.48199757293332 4922382.7169060287997
488923.97920735541265 4922382.2341176513582
488923.04697741870768 4922381.4470157567412
488925.19429301249329 4922371.8492598682642
488926.65168430632912 4922371.0702132824808
488928.00078775506699 4922370.4987863851711
488929.51728931692196 4922370.7513366052881
488930.65284749231068 4922372.0582742607221
488931.17830502334982 4922373.0021085236222
488927.99429743684595 4922381.9744919696823
3 4
488923.04697741870768 4922381.4470157567412
488924.08871736086439 4922371.3517087455839
488925.19429301249329 4922371.8492598682642
4 4
488930.07342636812245 4922381.6290963785723
488927.99429743684595 4922381.9744919696823
488931.17830502334982 4922373.0021085236222
488932.43481396522839 4922374.1126121506095
9 4
488934.83016935113119 4922375.7376004457474
488935.12811801402131 4922376.8109076675028
488935.00610941520426 4922378.7260225210339
488934.32304062246112 4922380.3551688743755
488932.74761864147149 4922381.3570417063311
488931.27664612123044 4922381.6260637519881
488930.07342636812245 4922381.6290963785723
488932.43481396522839 4922374.1126121506095
488933.59442354663042 4922374.4029496489093
3 4
488932.43481396522839 4922374.1126121506095
488932.43481396522839 4922374.1126121506095
488933.59442354663042 4922374.4029496489093
