11
488448.16819870838663 488627.09553401061567 4922121.2931465320289 4922535.9713992606848
488544.1468871399411 488748.49727148923557 4922459.1883417712525 4922613.5600840784609
488810.37764201837126 489244.5328498990857 4922459.2514137420803 4922615.7713946551085
489250.16788494406501 489561.17526895139599 4922097.6512112272903 4922501.9280001353472
489250.16788494406501 489499.05504963482963 4922068.0616857977584 4922474.930160516873
488823.65303603891516 489233.47432713792659 4922420.8034237306565 4922587.7647828711197
488645.79701359797036 488730.96962995163631 4922329.2666113777086 4922480.9644436575472
488658.58331225684378 488750.23990458692424 4921930.2855782955885 4922318.148987560533
488410.20682723470964 488731.04043939575786 4921879.0427339645103 4921980.294981922023
488400.34936748334439 488763.33384841517545 4921828.1492841877043 4921907.0399139421061
488730.74684843461728 488791.37529063026886 4921836.847790941596 4922026.19116040878
