1
21 21
488535.70979171799263 4922005.0843745972961
488541.41855743189808 4922010.3741670018062
488544.13559351448203 4922017.6225830744952
488550.24801867309725 4922027.4857950545847
488559.28386720904382 4922038.3775319773704
488569.78382307256106 4922050.3716340884566
488578.56172682711622 4922059.1017965404317
488581.17893489240669 4922066.6898822328076
488579.11806788452668 4922080.4145071767271
488578.23793952626875 4922093.0695345103741
488578.16424017149257 4922102.6955665079877
488579.58932147652376 4922114.2954815495759
488581.85560572292889 4922123.2154193054885
488587.99926413001958 4922131.0039231935516
488594.61202815570869 4922136.8207980534062
488598.90847849060083 4922140.6827142909169
488599.7045096301008 4922149.9864390734583
488602.85007887874963 4922161.5897762365639
488605.21321495232405 4922170.8557416955009
488607.57472213654546 4922178.5540202483535
488610.69473050261149 4922185.1308552511036
