4
9 5
488628.11009886738611 4922100.0302837220952
488627.83855390164535 4922095.8465980663896
488629.51913808716927 4922092.0421421825886
488631.27680404379498 4922090.2491686223075
488634.50886837602593 4922089.1041371105239
488636.81673386128386 4922090.4688269123435
488639.13578424660955 4922096.7587237218395
488641.47358893603086 4922110.3747544540092
488630.2563771585701 4922105.2023310773075
6 5
488631.70106477296213 4922116.224328039214
488630.34855212009279 4922110.8729692008346
488630.2563771585701 4922105.2023310773075
488641.47358893603086 4922110.3747544540092
488644.99367900454672 4922118.9839126579463
488632.94944303028751 4922121.1008940767497
8 5
488643.78801557171391 4922131.3613351965323
488640.35926287819166 4922131.9225895572454
488637.0109132474754 4922130.4729841537774
488634.15009583008941 4922127.5294142076746
488632.94944303028751 4922121.1008940767497
488644.99367900454672 4922118.9839126579463
488646.39917085744673 4922124.933637727052
488645.96236712991958 4922129.7603511121124
3 5
488646.39917085744673 4922124.933637727052
488646.39917085744673 4922124.933637727052
488645.96236712991958 4922129.7603511121124
