6
8 5
488648.28465676656924 4922172.5399655736983
488652.04517735633999 4922170.6906316615641
488655.92676480137743 4922170.2283319346607
488656.98935141740367 4922172.7691552815959
488656.36236561730038 4922177.9559731567279
488654.15922046592459 4922181.1380405547097
488642.39838796888944 4922178.2113114474341
488644.39144000248052 4922175.5740685528144
9 5
488627.93853884545388 4922192.0672656185925
488621.70473398512695 4922188.8868202269077
488618.24585754860891 4922186.515062360093
488616.62838938063942 4922183.2560824668035
488619.8940067384392 4922179.6320094550028
488624.75245715095662 4922179.4175992384553
488630.51510535320267 4922180.8102614860982
488633.32175363326678 4922182.0272981366143
488636.4565618816996 4922192.4284121049568
5 5
488641.02189727377845 4922191.5410008588806
488636.4565618816996 4922192.4284121049568
488633.32175363326678 4922182.0272981366143
488638.44533282407792 4922180.4784975768998
488647.47776321490528 4922188.6352889062837
5 5
488651.62224762234837 4922185.7962847342715
488647.47776321490528 4922188.6352889062837
488638.44533282407792 4922180.4784975768998
488642.39838796888944 4922178.2113114474341
488654.15922046592459 4922181.1380405547097
3 5
488648.28465676656924 4922172.5399655736983
488644.39144000248052 4922175.5740685528144
488646.53966771729756 4922172.9503649882972
3 5
488648.28465676656924 4922172.5399655736983
488648.28465676656924 4922172.5399655736983
488646.53966771729756 4922172.9503649882972
