11
6 4
488615.36373956716852 4922157.1941234953701
488616.2827729723067 4922157.986056400463
488616.99160506250337 4922158.934414117597
488616.75760516984155 4922160.3784623192623
488616.36787872365676 4922161.0057019749656
488615.91572428523796 4922161.6256625410169
6 4
488615.36373956716852 4922157.1941234953701
488615.91572428523796 4922161.6256625410169
488615.39187405077973 4922162.3597543481737
488611.82256178522948 4922159.0972690554336
488611.92317099601496 4922158.1851187283173
488615.09637934633065 4922156.2365769874305
14 4
488611.2796636930434 4922149.1031795917079
488610.26996250386583 4922148.3039851682261
488609.61646660923725 4922147.1166321709752
488609.56456182454713 4922145.5720352847129
488609.92344760085689 4922144.6931927045807
488610.79816926451167 4922143.6303828265518
488611.77723742742091 4922143.1942728115246
488614.72337456367677 4922143.5688151819631
488615.34107423352543 4922144.1419718991965
488615.66368293762207 4922145.043523022905
488615.87070664763451 4922145.8685568207875
488615.94789887685329 4922146.7388993287459
488615.49267087614862 4922147.3557684207335
488612.25904919853201 4922149.6524335062131
4 4
488611.77723742742091 4922143.1942728115246
488613.01446073612897 4922142.6659865789115
488614.05127641005674 4922142.9267392177135
488614.72337456367677 4922143.5688151819631
5 4
488612.25904919853201 4922149.6524335062131
488615.49267087614862 4922147.3557684207335
488615.47121525474358 4922148.0301224272698
488615.39003009698354 4922149.18969994504
488612.4885713342228 4922150.7897043153644
5 4
488612.4885713342228 4922150.7897043153644
488615.39003009698354 4922149.18969994504
488616.07996376202209 4922150.2668696157634
488616.51281303487485 4922151.370407955721
488612.30293162853923 4922151.8161002527922
7 4
488612.30293162853923 4922151.8161002527922
488616.51281303487485 4922151.370407955721
488616.94523764390033 4922152.4727977784351
488616.74860957480269 4922153.5543451169506
488616.1713315185043 4922154.648872518912
488615.38404807948973 4922155.4105024477467
488611.48909308144357 4922152.9516563080251
9 4
488611.22592162096407 4922157.7917749583721
488610.5009459129069 4922157.0864918315783
488609.99835842178436 4922156.0375391095877
488610.11169991880888 4922155.0010534701869
488610.71013556834077 4922153.7188469013199
488611.48909308144357 4922152.9516563080251
488615.38404807948973 4922155.4105024477467
488615.09637934633065 4922156.2365769874305
488611.92317099601496 4922158.1851187283173
3 4
488611.57335695700021 4922159.6827513687313
488611.82256178522948 4922159.0972690554336
488615.39187405077973 4922162.3597543481737
11 4
488613.28614169982029 4922165.4782975045964
488612.18222408433212 4922165.3457730626687
488611.39776298427023 4922164.6374947810546
488610.70993847795762 4922163.6335078366101
488610.51635380776133 4922162.0749081009999
488610.88290386175504 4922160.9521526219323
488611.57335695700021 4922159.6827513687313
488615.39187405077973 4922162.3597543481737
488615.64573072362691 4922163.4323362596333
488615.33036527974764 4922164.5580792138353
488614.50137011520565 4922165.25501970388
3 4
488613.28614169982029 4922165.4782975045964
488613.28614169982029 4922165.4782975045964
488614.50137011520565 4922165.25501970388
