1
19 1
488540.45256876660278 4922027.6746503030881
488543.40342347050318 4922029.170145903714
488545.40626709500793 4922031.4178904611617
488547.35966171516338 4922034.0945503935218
488548.76010068051983 4922036.5619361437857
488548.80977972835535 4922039.2963740658015
488547.29305443796329 4922042.434750164859
488545.84630394476699 4922043.8481746623293
488543.74656710564159 4922044.7482865760103
488541.2300077737309 4922044.2997691305354
488538.71940478880424 4922042.7016771798953
488536.81519116531126 4922040.7456070119515
488535.19260884367395 4922038.6780033819377
488533.64499769650865 4922036.0452331630513
488533.19555428391322 4922031.8308591749519
488534.15371166233672 4922029.9370778938755
488535.63972816133173 4922028.3935342747718
488538.19607940939022 4922027.4062196370214
488540.45256876660278 4922027.6746503030881
