1
16 1
488552.25515739631373 4922044.6104936674237
488553.91572585422546 4922044.952576527372
488556.98346254508942 4922046.6226464388892
488558.18990211270284 4922048.3633052296937
488558.91959706670605 4922050.485133827664
488557.90034150570864 4922054.1386209353805
488556.53029887092998 4922056.0018706778064
488554.79570026294095 4922057.3805445609614
488552.46984131261706 4922057.8113573919982
488548.87709678342799 4922057.0673648379743
488547.14920603163773 4922054.9722306104377
488546.02053018810693 4922052.6659087697044
488546.23511638771743 4922049.8062515985221
488547.87801913218573 4922046.8313914313912
488549.62218060239684 4922045.308483492583
488552.25515739631373 4922044.6104936674237
