5
6 7
488522.77199765044497 4922019.819386607036
488523.84797902457649 4922012.9608655553311
488528.31025261670584 4922012.1139322901145
488537.71344554959796 4922017.3037120355293
488546.09124740585685 4922028.2814127486199
488527.20220328390133 4922027.2874910486862
9 7
488559.58241487754276 4922047.8205868089572
488566.7367603079183 4922052.2965151127428
488573.2375675701187 4922057.2341231442988
488575.51171590236481 4922063.3177736429498
488572.79967989324359 4922067.888806860894
488567.11186717549572 4922068.6940055936575
488561.84071222593775 4922066.0763352010399
488552.44177003193181 4922061.2188815008849
488547.19119243416935 4922056.3329168418422
4 7
488552.09418227768037 4922039.9587521273643
488559.58241487754276 4922047.8205868089572
488547.19119243416935 4922056.3329168418422
488541.16948318539653 4922047.6550424862653
5 7
488546.09124740585685 4922028.2814127486199
488552.09418227768037 4922039.9587521273643
488541.16948318539653 4922047.6550424862653
488534.35861239262158 4922040.867113086395
488527.20220328390133 4922027.2874910486862
3 7
488522.77199765044497 4922019.819386607036
488522.77199765044497 4922019.819386607036
488527.20220328390133 4922027.2874910486862
