1
30 21
488770.8741101718042 4921837.3974735122174
488771.62612429150613 4921843.898210358806
488771.65188197087264 4921850.3059784695506
488769.5279918150045 4921857.7724136970937
488766.4368331512087 4921869.1852792846039
488762.8643009213265 4921879.0027157394215
488760.4778750941623 4921884.1550094690174
488759.50803532329155 4921888.8410205533728
488759.24298231524881 4921895.1824754644185
488760.42865297675598 4921903.2137662004679
488762.20658978557913 4921915.797589068301
488764.1799148148275 4921923.3554845359176
488764.94939945003716 4921928.7649518903345
488764.99411987466738 4921932.2807537708431
488763.19098534231307 4921937.6513107074425
488760.23156662617112 4921943.2268800660968
488758.34540598210879 4921949.5461664991453
488756.35849553445587 4921957.1317924596369
488754.13799006032059 4921963.8144637541845
488749.85067078866996 4921972.5836602142081
488747.97923376958352 4921977.9908952340484
488744.48354427854065 4921985.2497442569584
488742.79138726566453 4921991.908600255847
488741.76151010667672 4921997.9354639966041
488742.11075434996746 4922002.6243420960382
488743.95588533219416 4922005.5593815688044
488745.82633557118243 4922007.5131809003651
488748.17740142776165 4922009.4659455697984
488751.02595544105861 4922019.7223621224985
488752.51626103976741 4922023.1404626267031
