9
5 2
488773.5143248513923 4921982.161787676625
488773.54239237459842 4921983.0857499483973
488772.60423957800958 4921983.271540495567
488771.48616099695209 4921982.2730044256896
488773.19304343505064 4921979.1166844274849
3 2
488773.19304343505064 4921979.1166844274849
488771.48616099695209 4921982.2730044256896
488769.73101715836674 4921980.7270955163985
5 2
488773.33982112456579 4921976.7640827484429
488773.19304343505064 4921979.1166844274849
488769.73101715836674 4921980.7270955163985
488768.13457596191438 4921979.4421867346391
488773.10870341421105 4921973.7115395208821
13 2
488771.72292378422571 4921963.696601013653
488772.89377743337536 4921965.1048920424655
488773.22228574397741 4921967.9012950574979
488773.18895231629722 4921971.1017308896407
488773.10870341421105 4921973.7115395208821
488768.13457596191438 4921979.4421867346391
488766.01391769741895 4921978.6268931524828
488757.84749278979143 4921966.2530071213841
488759.50082666025264 4921964.1152368448675
488761.1950158214313 4921962.649829396978
488763.66597573703621 4921961.4592882730067
488767.03415455884533 4921961.538381815888
488769.806323352037 4921962.254312383011
6 2
488756.581853705924 4921981.1938927033916
488755.32048015278997 4921981.44404462073
488754.01007676293375 4921981.1892345547676
488753.52353815955576 4921979.6554422220215
488754.43088261311641 4921975.9556569410488
488757.65150537661975 4921980.0117693096399
4 2
488760.06915420258883 4921978.6638791467994
488757.65150537661975 4921980.0117693096399
488754.43088261311641 4921975.9556569410488
488755.38056630891515 4921971.6765259839594
5 2
488763.25554610247491 4921978.5334861213341
488760.06915420258883 4921978.6638791467994
488755.38056630891515 4921971.6765259839594
488756.66979846410686 4921968.7574965115637
488757.84749278979143 4921966.2530071213841
3 2
488766.01391769741895 4921978.6268931524828
488763.25554610247491 4921978.5334861213341
488757.84749278979143 4921966.2530071213841
3 2
488767.03415455884533 4921961.538381815888
488767.03415455884533 4921961.538381815888
488769.806323352037 4921962.254312383011
