5
8 3
488753.58029777056072 4922004.6161604160443
488751.47041663416894 4922003.3731458736584
488749.5675854786532 4922001.8682078868151
488748.25174251646968 4921999.8523182431236
488747.50812773051439 4921997.1947597768158
488748.11895240779268 4921993.9930893136188
488750.38187709095655 4921992.5519074304029
488757.01350932428613 4922005.39453724958
8 3
488765.22914554382442 4922002.1677563311532
488763.60892809933284 4922003.6209547445178
488761.93125226342818 4922004.6445915112272
488759.4887789808563 4922005.4108696943149
488757.01350932428613 4922005.39453724958
488750.38187709095655 4921992.5519074304029
488752.33154471288435 4921990.6786851780489
488766.83419079583837 4922000.6771545428783
5 3
488768.08273884013761 4921999.5020547891036
488766.83419079583837 4922000.6771545428783
488752.33154471288435 4921990.6786851780489
488753.84325463470304 4921988.0949103506282
488769.08797517209314 4921998.2208604672924
19 3
488768.06236642529257 4921982.0341228079051
488769.65608959906967 4921983.3997316807508
488771.08601849514525 4921984.7529040854424
488772.26593138405588 4921986.0889989836141
488773.48949857760454 4921988.095921468921
488774.22028170275735 4921989.8993394784629
488774.19656992814271 4921991.6469062445685
488773.47187333920738 4921993.8463860768825
488772.28934835758992 4921995.3373370729387
488770.77628267416731 4921996.736345840618
488769.08797517209314 4921998.2208604672924
488753.84325463470304 4921988.0949103506282
488754.44112701376434 4921986.3882722165436
488755.32531031413237 4921984.1139344470575
488757.10620902420487 4921982.1471736002713
488759.25804238498677 4921981.035169753246
488761.79511168884346 4921980.5310626793653
488764.47273881646106 4921980.536987231113
488766.44102957093855 4921981.2497590659186
3 3
488764.47273881646106 4921980.536987231113
488764.47273881646106 4921980.536987231113
488766.44102957093855 4921981.2497590659186
