15
6 6
488751.40855728136376 4921902.8313096137717
488752.06610640848521 4921899.10405105073
488754.78089149977313 4921899.0178664047271
488757.22408448718488 4921899.2547652022913
488756.93873049854301 4921905.0313056940213
488754.03629230894148 4921904.0908211274073
6 6
488767.48652306682197 4921958.9899489562958
488765.1067788231303 4921957.3289751447737
488763.74220667604823 4921955.5992228696123
488763.65754750260385 4921953.0115332230926
488765.31940125097753 4921951.1674444088712
488770.06677062029485 4921959.7693270100281
8 6
488782.35325261572143 4921958.0099907685071
488780.1564688301296 4921959.2289267005399
488777.72541640611598 4921960.231550197117
488773.43254849308869 4921960.2928254790604
488770.06677062029485 4921959.7693270100281
488765.31940125097753 4921951.1674444088712
488766.33924655884039 4921949.1870620036498
488783.6586269804975 4921956.133387089707
7 6
488789.2941203629598 4921946.8741158703342
488787.53773398464546 4921950.849070222117
488785.35539361735573 4921954.7446008753031
488783.6586269804975 4921956.133387089707
488766.33924655884039 4921949.1870620036498
488765.72556905634701 4921946.6999451452866
488790.42180870258017 4921941.0045575937256
5 6
488790.42180870258017 4921941.0045575937256
488765.72556905634701 4921946.6999451452866
488764.83399639482377 4921943.783746637404
488765.02781034255167 4921942.1510236291215
488765.88957141683204 4921940.9992640782148
3 6
488790.42180870258017 4921941.0045575937256
488765.88957141683204 4921940.9992640782148
488767.66523450496607 4921938.4733829880133
4 6
488790.42180870258017 4921941.0045575937256
488767.66523450496607 4921938.4733829880133
488769.26991513872053 4921934.9924948019907
488791.10915110644419 4921932.3924346007407
3 6
488791.10915110644419 4921932.3924346007407
488769.26991513872053 4921934.9924948019907
488770.46285214729141 4921932.3466007634997
4 6
488791.10915110644419 4921932.3924346007407
488770.46285214729141 4921932.3466007634997
488771.146966968372 4921930.0660831481218
488791.37529063026886 4921923.9077823162079
7 6
488789.50117793894606 4921916.5986155113205
488790.90800961019704 4921920.7148297103122
488791.37529063026886 4921923.9077823162079
488771.146966968372 4921930.0660831481218
488770.67895958002191 4921926.1938408100978
488770.39616340998327 4921921.4636440547183
488786.56409045954933 4921912.5963498298079
7 6
488781.02336500346428 4921909.0294813578948
488783.31071645801421 4921910.4633160568774
488786.48550963646267 4921912.5058831861243
488786.56409045954933 4921912.5963498298079
488770.39616340998327 4921921.4636440547183
488769.2653200852219 4921915.461879872717
488769.04797491210047 4921911.3537946892902
8 6
488771.10204759822227 4921903.2067229868844
488775.59920475143008 4921904.682849031873
488778.52589396602707 4921906.8249928625301
488781.02336500346428 4921909.0294813578948
488769.04797491210047 4921911.3537946892902
488767.29832724540029 4921909.64676536154
488765.25257778918603 4921907.1553341550753
488767.93860910047079 4921902.2506333850324
5 6
488765.35559194756206 4921900.4188166027889
488767.93860910047079 4921902.2506333850324
488765.25257778918603 4921907.1553341550753
488763.30711306986632 4921906.1261907611042
488762.22060540725943 4921899.1321544162929
6 6
488759.84738539869431 4921899.155271130614
488762.22060540725943 4921899.1321544162929
488763.30711306986632 4921906.1261907611042
488759.89710826647934 4921905.8655913332477
488756.93873049854301 4921905.0313056940213
488757.22408448718488 4921899.2547652022913
3 6
488751.40855728136376 4921902.8313096137717
488751.40855728136376 4921902.8313096137717
488754.03629230894148 4921904.0908211274073
