6
4 7
488787.27227734506596 4921894.3114900812507
488785.38364216958871 4921897.6039588265121
488782.0632658485556 4921898.2871854733676
488788.20963967056014 4921888.8973775580525
11 7
488788.43327742372639 4921881.1351565849036
488788.20963967056014 4921888.8973775580525
488782.0632658485556 4921898.2871854733676
488778.2603580118157 4921899.2049397770315
488774.45531455375021 4921898.9576759524643
488770.65877803758485 4921897.0783895365894
488767.81534533493686 4921894.0229434333742
488767.11517226294382 4921888.6224534362555
488767.84342928399565 4921880.1871203128248
488769.03403968905332 4921873.1609600204974
488787.70760590489954 4921871.2576491497457
4 7
488787.70760590489954 4921871.2576491497457
488769.03403968905332 4921873.1609600204974
488769.51907102961559 4921865.4621908413246
488787.93079354765359 4921862.5983162838966
6 7
488788.15365618874785 4921853.516575537622
488787.93079354765359 4921862.5983162838966
488769.51907102961559 4921865.4621908413246
488770.00162027147599 4921856.1429971931502
488771.17151319881668 4921848.4040814368054
488788.14154876302928 4921845.5954660959542
9 7
488786.71658159472281 4921837.0112055633217
488787.89837430499028 4921840.2643461199477
488788.14154876302928 4921845.5954660959542
488771.17151319881668 4921848.4040814368054
488771.14314469695091 4921841.9829549659044
488773.23935965303099 4921836.7066917242482
488775.84405228123069 4921834.4150492111221
488778.92674011638155 4921834.2936308914796
488783.18218808504753 4921834.4448347743601
3 7
488778.92674011638155 4921834.2936308914796
488778.92674011638155 4921834.2936308914796
488783.18218808504753 4921834.4448347743601
