1
39 21
488400.35159993241541 4921881.9760772436857
488407.02171136200195 4921877.5137934405357
488413.46264114486985 4921877.1013375129551
488421.0394377274788 4921877.0949773602188
488430.21847271930892 4921876.6828672736883
488436.93880960863316 4921876.2774208160117
488441.34890707378509 4921874.655345140025
488444.14224399410887 4921873.0350945368409
488445.71153912047157 4921868.5845190621912
488446.86999778565951 4921863.3219340806827
488447.62064933450893 4921859.2725975448266
488449.96413775900146 4921856.0232501020655
488454.32635192887392 4921853.9816391337663
488463.49087210110156 4921851.9185799993575
488471.36900914012222 4921848.2163882507011
488481.77633442514343 4921846.538631927222
488494.62380441301502 4921844.4328257041052
488515.31312634964706 4921842.7104301098734
488532.97865263622953 4921840.6407567448914
488544.82625252805883 4921838.9597897576168
488559.53346553980373 4921837.6541904946789
488577.63846943411045 4921836.3930794848129
488597.37763588456437 4921835.8840412199497
488610.57623758242698 4921834.194255579263
488628.37399939517491 4921833.2692365329713
488648.6440623816452 4921832.8173482781276
488661.51224708056543 4921833.1813781717792
488675.17670346202794 4921833.5685632247478
488681.81982962635811 4921834.3746668305248
488689.32302215090021 4921835.9956164518371
488697.67335276177619 4921836.3739067427814
488706.0500402332982 4921835.9207810163498
488710.26040538545931 4921836.3098016725853
488715.66180834861007 4921833.8157796002924
488723.95477776654297 4921830.493212451227
488729.34748482616851 4921828.8295052004978
488734.71386607887689 4921828.4150997074321
488739.22066173143685 4921827.5956214405596
488742.48349181871163 4921827.1920793633908
