11
6 2
488694.07982090074802 4921853.9565434949473
488692.79354801267618 4921859.0843009157106
488690.71142894285731 4921862.4303418593481
488687.90526658442104 4921862.8887726003304
488684.42181327869184 4921862.0452585769817
488693.92327446182026 4921848.8975619683042
8 2
488676.86098895012401 4921842.687975906767
488684.9661060050712 4921842.2411560658365
488690.40815822093282 4921842.8654831675813
488693.36671211395878 4921845.0772452736273
488693.92327446182026 4921848.8975619683042
488684.42181327869184 4921862.0452585769817
488679.38193286664318 4921862.2086064564064
488668.52363657060778 4921844.6876448439434
4 2
488668.52363657060778 4921844.6876448439434
488679.38193286664318 4921862.2086064564064
488669.99045681755524 4921863.5107897911221
488659.76433356845519 4921845.1030139317736
4 2
488659.76433356845519 4921845.1030139317736
488669.99045681755524 4921863.5107897911221
488661.81032042246079 4921866.1274302946404
488649.93726832745597 4921845.961505074054
8 2
488636.96545340173179 4921846.1258954629302
488649.93726832745597 4921845.961505074054
488661.81032042246079 4921866.1274302946404
488656.23833850497613 4921868.5833799336106
488652.21318530535791 4921870.0445723356679
488641.69443403667537 4921870.793315843679
488620.18580690276576 4921871.7789884563535
488629.20504572062055 4921847.0569057054818
6 2
488596.07783970679156 4921848.2286511929706
488617.53325500321807 4921847.0155751947314
488629.20504572062055 4921847.0569057054818
488620.18580690276576 4921871.7789884563535
488600.74673658824759 4921873.0157617637888
488580.1220360895968 4921873.225582045503
4 2
488572.1728922125767 4921848.6254949551076
488596.07783970679156 4921848.2286511929706
488580.1220360895968 4921873.225582045503
488555.35288335580844 4921873.3181929932907
5 2
488551.41382947377861 4921848.1353925336152
488572.1728922125767 4921848.6254949551076
488555.35288335580844 4921873.3181929932907
488537.02386600035243 4921873.809044550173
488531.8409499808331 4921848.9498151671141
10 2
488511.00220433151117 4921851.3486492419615
488518.46376045659417 4921849.5038465512916
488531.8409499808331 4921848.9498151671141
488537.02386600035243 4921873.809044550173
488523.11873707454652 4921874.5582996504381
488516.58822740573669 4921874.595931132324
488511.76911833533086 4921874.5837113345042
488508.66987258079462 4921873.0157769806683
488505.47633110906463 4921870.3771542171016
488502.38070573285222 4921866.9766749739647
6 2
488504.87210796866566 4921852.6556891333312
488511.00220433151117 4921851.3486492419615
488502.38070573285222 4921866.9766749739647
488500.79352450487204 4921863.8263243641704
488500.17993651592406 4921858.9159247139469
488501.36355327098863 4921855.336593221873
3 2
488501.36355327098863 4921855.336593221873
488501.36355327098863 4921855.336593221873
488500.17993651592406 4921858.9159247139469
