11
13 3
488756.7626751550124 4921862.9246186316013
488756.85754748579348 4921866.1202841438353
488755.88229447574122 4921868.112468264997
488754.88635035639163 4921869.4765639947727
488753.29634701093892 4921871.2037146324292
488751.54534748668084 4921871.8410246502608
488750.18729352415539 4921871.6462949123234
488747.03850873804186 4921870.8309669820592
488745.44348330766661 4921868.9087239718065
488744.33976233750582 4921867.358368950896
488743.87356416363036 4921865.6755740595981
488743.95168462721631 4921863.5152525780722
488755.7917799775023 4921860.1936246370897
9 3
488736.84821149334311 4921853.4408860215917
488734.53866212343564 4921852.6674411343411
488732.94045321183512 4921851.5381742315367
488732.05607766454341 4921849.1391271268949
488731.88940083241323 4921846.3288354901597
488732.08977510553086 4921844.0556760299951
488732.96065344312228 4921842.1129315970466
488734.66268089227378 4921840.6844223262742
488736.61341417825315 4921839.845493901521
3 3
488738.98176975030219 4921854.2021742174402
488736.84821149334311 4921853.4408860215917
488736.61341417825315 4921839.845493901521
5 3
488749.92775180155877 4921850.2166037829593
488741.43836351274513 4921855.2105715814978
488738.98176975030219 4921854.2021742174402
488736.61341417825315 4921839.845493901521
488747.86164420848945 4921847.637283930555
5 3
488754.53235047968337 4921856.707861780189
488755.7917799775023 4921860.1936246370897
488743.95168462721631 4921863.5152525780722
488743.79108354332857 4921861.5115340985358
488752.48711970838485 4921853.9644366623834
3 3
488752.48711970838485 4921853.9644366623834
488743.79108354332857 4921861.5115340985358
488743.34196028410224 4921859.5466003976762
4 3
488752.48711970838485 4921853.9644366623834
488743.34196028410224 4921859.5466003976762
488743.02466701343656 4921858.2162683205679
488749.92775180155877 4921850.2166037829593
3 3
488749.92775180155877 4921850.2166037829593
488743.02466701343656 4921858.2162683205679
488742.39367392141139 4921856.4101798953488
3 3
488749.92775180155877 4921850.2166037829593
488742.39367392141139 4921856.4101798953488
488741.43836351274513 4921855.2105715814978
6 3
488741.53231436107308 4921840.9698580391705
488743.6050079035922 4921842.5833804793656
488745.66609015932772 4921844.3661802690476
488747.86164420848945 4921847.637283930555
488736.61341417825315 4921839.845493901521
488739.23685324884718 4921840.137394182384
3 3
488736.61341417825315 4921839.845493901521
488736.61341417825315 4921839.845493901521
488739.23685324884718 4921840.137394182384
