1
18 22
488460.15985639637802 4921847.8578886818141
488470.47019875625847 4921844.5449627107009
488480.89036929479335 4921842.0474041029811
488481.28611249022651 4921842.0440306961536
488494.94809671590338 4921839.1063642939553
488509.23974857630674 4921836.6148842992261
488521.50129396934062 4921835.3523654351011
488535.48413179401541 4921832.8936509052292
488551.41842323908349 4921830.7845231313258
488574.75519218289992 4921829.4386147931218
488611.38958016672404 4921827.2002128437161
488627.94095277652377 4921827.9272643513978
488647.37519238016102 4921827.8899647807702
488665.99014039110625 4921827.8512319596484
488683.27709096652688 4921827.4479918358847
488696.57565250765765 4921828.2165769105777
488702.96755827311426 4921830.1981153823435
488710.14692304219352 4921830.1381850391626
