1
21 1
488404.43437789886957 4921873.8544130316004
488402.30462497106055 4921872.9915810320526
488400.6933217982878 4921872.0298248622566
488400.34936748334439 4921869.2627421803772
488401.18232310499297 4921866.0634537823498
488402.32134628453059 4921863.8843480898067
488404.46029664308298 4921862.1398963127285
488407.74535262666177 4921860.8391669960693
488410.16667207411956 4921860.4891387214884
488412.68165683193365 4921860.8916866118088
488414.76380207511829 4921861.890973970294
488416.63195389282191 4921863.8760530985892
488417.37607393029612 4921865.9156530108303
488417.19444677064894 4921868.5254182415083
488416.81607194617391 4921870.3754664324224
488414.95628368138568 4921872.1291521238163
488412.63970794802299 4921873.2300644293427
488410.36729539581574 4921873.7084987163544
488407.98213894531364 4921874.0539597105235
488406.34503178909654 4921874.0805531805381
488404.43437789886957 4921873.8544130316004
