9
6 5
488689.87414503423497 4921828.9845261806622
488693.86483609623974 4921831.0755342757329
488692.92730850540102 4921833.9714012788609
488690.54433487675851 4921835.6986913783476
488668.7612157620606 4921834.9794963216409
488678.12390033865813 4921829.4938537301496
5 5
488664.07627277850406 4921829.0738611035049
488678.12390033865813 4921829.4938537301496
488668.7612157620606 4921834.9794963216409
488647.40245198644698 4921837.2765797991306
488645.61226195929339 4921829.8140098294243
4 5
488645.61226195929339 4921829.8140098294243
488647.40245198644698 4921837.2765797991306
488630.41192381549627 4921839.3580663427711
488630.56559822766576 4921829.193749322556
6 5
488598.32858347165165 4921828.9813443431631
488618.20585549570387 4921828.1492841877043
488630.56559822766576 4921829.193749322556
488630.41192381549627 4921839.3580663427711
488606.11593188485131 4921841.5870889294893
488589.74623506749049 4921842.7293330095708
5 5
488580.43334552110173 4921828.5359702911228
488598.32858347165165 4921828.9813443431631
488589.74623506749049 4921842.7293330095708
488572.46385294519132 4921841.8015205478296
488564.24684116750723 4921829.7191090267152
5 5
488547.56448728474788 4921831.1635716678575
488564.24684116750723 4921829.7191090267152
488572.46385294519132 4921841.8015205478296
488549.97168520983541 4921842.3915038406849
488536.68559771968285 4921834.3239518981427
6 5
488520.925902321178 4921836.5646456284449
488536.68559771968285 4921834.3239518981427
488549.97168520983541 4921842.3915038406849
488537.77972950815456 4921845.4556805836037
488522.48557766148588 4921846.6492409817874
488507.44566311244853 4921840.6231051152572
6 5
488507.44566311244853 4921840.6231051152572
488522.48557766148588 4921846.6492409817874
488516.13583843188826 4921847.9362615542486
488512.39337794738822 4921848.6017296975479
488508.40943552722456 4921848.0281716538593
488507.09437551954761 4921844.1215617898852
3 5
488507.44566311244853 4921840.6231051152572
488507.44566311244853 4921840.6231051152572
488507.09437551954761 4921844.1215617898852
