10
6 4
488750.32032561383676 4921838.4206881336868
488749.19098253524862 4921837.3244721889496
488749.02011539420346 4921836.4058209750801
488749.43545206234558 4921835.2061452530324
488750.36082067742245 4921833.9999027792364
488751.64901964238379 4921833.3203577920794
6 4
488756.33670341444667 4921839.6170851169154
488752.19841027265647 4921840.3035649908707
488751.06254541501403 4921839.3207857077941
488750.32032561383676 4921838.4206881336868
488751.64901964238379 4921833.3203577920794
488756.19935684400843 4921838.1369705144316
7 4
488757.46323381591355 4921840.7111312439665
488758.39949261816218 4921842.1318652816117
488754.88311451883055 4921844.7920238524675
488753.6099345429102 4921844.1982501279563
488752.60873190889833 4921842.8837493211031
488752.52230439573759 4921841.5161266634241
488756.33670341444667 4921839.6170851169154
12 4
488763.17188319016714 4921846.8365352507681
488763.33384841517545 4921848.6602839855477
488763.22125441418029 4921850.4070765376091
488762.75972958718194 4921851.5073624346405
488762.31296035216656 4921852.3827303620055
488761.44367919885553 4921852.8906405577436
488760.3712206177297 4921853.0459957709536
488759.26783592544962 4921852.7459914805368
488757.95586133142933 4921851.9807613538578
488757.19450177409453 4921850.5680328542367
488756.95961203059414 4921848.903942306526
488756.93583231564844 4921847.4809438036755
8 4
488759.913472555927 4921842.4041360309348
488761.35270275658695 4921842.900468558073
488762.48329035070492 4921843.7726158527657
488763.09273726324318 4921844.6729451585561
488763.17188319016714 4921846.8365352507681
488756.93583231564844 4921847.4809438036755
488756.82228112802841 4921846.5645398739725
488758.39949261816218 4921842.1318652816117
3 4
488758.39949261816218 4921842.1318652816117
488756.82228112802841 4921846.5645398739725
488755.92200437688734 4921845.4838872225955
3 4
488758.39949261816218 4921842.1318652816117
488755.92200437688734 4921845.4838872225955
488754.88311451883055 4921844.7920238524675
3 4
488756.33670341444667 4921839.6170851169154
488752.52230439573759 4921841.5161266634241
488752.19841027265647 4921840.3035649908707
6 4
488755.28204905043822 4921834.278391033411
488756.06991285714321 4921835.4875864619389
488756.38431311026216 4921836.962117950432
488756.19935684400843 4921838.1369705144316
488751.64901964238379 4921833.3203577920794
488753.62608842074405 4921833.4530307715759
3 4
488751.64901964238379 4921833.3203577920794
488751.64901964238379 4921833.3203577920794
488753.62608842074405 4921833.4530307715759
