1
16 5
488738.9120790232555 4921875.0064971316606
488743.2800319455564 4921874.4812397900969
488746.31236463325331 4921875.0532120531425
488748.95376646699151 4921876.7836646055803
488750.60284273012076 4921879.3259600894526
488751.57970621122513 4921882.6291255904362
488751.39294348529074 4921887.0021600853652
488749.04626021260628 4921889.183272398077
488745.73179339087801 4921890.3638272834942
488741.08678329241229 4921890.3951462991536
488737.05599068716401 4921887.6677621705458
488734.88759178097825 4921884.6480065686628
488733.45951033261372 4921881.8652181299403
488734.14151209918782 4921878.3161223409697
488736.08519433991751 4921876.0902772229165
488738.9120790232555 4921875.0064971316606
