6
9 7
488404.55611668492202 4921876.7143977275118
488399.53410788089968 4921874.3097360404208
488397.81608370988397 4921867.4525521788746
488401.48378840385703 4921862.6019314266741
488405.94985133351292 4921858.962381801568
488414.61337043379899 4921858.5500939935446
488419.82699288777076 4921858.5389512078837
488417.91246181027964 4921872.2551206136122
488413.87945271003991 4921875.4869906762615
7 7
488455.18393504677806 4921857.2249958124012
488460.02879112283699 4921859.6458882698789
488462.06516554573318 4921864.9110306436196
488460.45486038294621 4921868.9676294149831
488454.93696407438256 4921871.4040867350996
488448.11962121003307 4921870.1993522876874
488445.92594185349299 4921854.817649343051
5 7
488440.68021101644263 4921853.6147597590461
488445.92594185349299 4921854.817649343051
488448.11962121003307 4921870.1993522876874
488440.52692125522299 4921871.4226227821782
488429.89739917626139 4921871.8365172436461
6 7
488426.12141163623892 4921856.9047660753131
488428.71749958995497 4921853.247992888093
488434.25290754594607 4921852.0129018984735
488440.68021101644263 4921853.6147597590461
488429.89739917626139 4921871.8365172436461
488424.73656821454642 4921870.631704329513
4 7
488419.82699288777076 4921858.5389512078837
488426.12141163623892 4921856.9047660753131
488424.73656821454642 4921870.631704329513
488417.91246181027964 4921872.2551206136122
3 7
488404.55611668492202 4921876.7143977275118
488404.55611668492202 4921876.7143977275118
488413.87945271003991 4921875.4869906762615
