14
9 4
488730.97666492953431 4921872.9116969313473
488730.69794888753677 4921871.8610556153581
488735.64362264116062 4921867.82721774932
488736.54669633071171 4921868.1081079253927
488737.14647194958525 4921869.5173656726256
488737.30231738334987 4921870.6724507482722
488737.26392360869795 4921872.1615088516846
488737.22095556842396 4921873.7103709569201
488736.50458450650331 4921874.9921825444326
7 4
488736.50458450650331 4921874.9921825444326
488735.35172161582159 4921876.0547097036615
488734.3437997099245 4921876.5135316606611
488733.20518451509997 4921876.2281987965107
488731.6871162657626 4921875.4683656943962
488731.18259997357382 4921874.188846917823
488730.97666492953431 4921872.9116969313473
8 4
488723.46329416212393 4921866.1625138968229
488721.22578295867424 4921865.6865996336564
488719.6263216608786 4921864.4379396140575
488719.13849193195347 4921862.3880275348201
488719.54275637550745 4921860.7991888225079
488720.43513936846284 4921859.6452771127224
488721.46578904712806 4921858.9612230388448
488722.70020548789762 4921858.635335248895
5 4
488723.46329416212393 4921866.1625138968229
488722.70020548789762 4921858.635335248895
488723.5904689814779 4921858.3449049750343
488724.73770894808695 4921858.5863027647138
488725.17124524601968 4921866.7212848206982
7 4
488728.59567832300672 4921860.7681629303843
488734.22036027134163 4921864.8813888020813
488733.73233756184345 4921866.1713408166543
488725.78202651423635 4921867.1588893318549
488725.17124524601968 4921866.7212848206982
488724.73770894808695 4921858.5863027647138
488727.87583848286886 4921860.2664401568472
4 4
488734.69666234357283 4921867.3151678619906
488735.64362264116062 4921867.82721774932
488730.69794888753677 4921871.8610556153581
488729.85277283174219 4921870.6070696776733
3 4
488734.04019698197953 4921866.7620818121359
488734.69666234357283 4921867.3151678619906
488729.85277283174219 4921870.6070696776733
7 4
488733.73233756184345 4921866.1713408166543
488734.04019698197953 4921866.7620818121359
488729.85277283174219 4921870.6070696776733
488728.16310616431292 4921869.8240300565958
488727.04682933923323 4921869.1292951432988
488726.40111327654449 4921868.3449991745874
488725.78202651423635 4921867.1588893318549
8 4
488730.41926050820621 4921860.3043281007558
488731.38683460262837 4921859.618667033501
488732.44656208041124 4921859.2824228759855
488733.68786844337592 4921859.700819353573
488734.50498866906855 4921860.4362862529233
488735.0169443479972 4921861.4388896562159
488735.18478857702576 4921862.4207308329642
488734.71818958676886 4921863.4221275402233
4 4
488730.41926050820621 4921860.3043281007558
488734.71818958676886 4921863.4221275402233
488734.22036027134163 4921864.8813888020813
488729.64543783926638 4921860.6586267706007
3 4
488728.59567832300672 4921860.7681629303843
488729.64543783926638 4921860.6586267706007
488734.22036027134163 4921864.8813888020813
3 4
488727.10561817872804 4921859.6467532301322
488727.87583848286886 4921860.2664401568472
488724.73770894808695 4921858.5863027647138
3 4
488726.28110516216839 4921858.9661673717201
488727.10561817872804 4921859.6467532301322
488724.73770894808695 4921858.5863027647138
3 4
488724.73770894808695 4921858.5863027647138
488724.73770894808695 4921858.5863027647138
488726.28110516216839 4921858.9661673717201
