1
13 1
488454.19347140297759 4921858.8466377742589
488456.91637360292953 4921860.0289246374741
488457.81850953417597 4921861.8585773501545
488458.04723959998228 4921864.2788488296792
488457.64385573554318 4921866.6600255509838
488456.67642864369554 4921867.8604155201465
488454.8411355955177 4921868.7492215335369
488453.24594740796601 4921867.8889066297561
488451.69116497325012 4921866.4000496640801
488450.97259627556195 4921863.7024823641405
488451.38170728558907 4921861.2017057379708
488452.22554345114622 4921859.8637748891488
488454.19347140297759 4921858.8466377742589
