4
6 5
488708.50508389167953 4921887.6566217634827
488714.19204001198523 4921891.834652684629
488714.57290788122918 4921895.9024745319039
488710.14272165036527 4921899.2976061850786
488705.1318024363718 4921899.2568790242076
488691.31909502652707 4921898.148058488965
10 5
488674.70358436985407 4921881.3661267254502
488681.69521270570112 4921874.8045084401965
488687.84554936626228 4921873.3623037273064
488694.4249532034155 4921877.0837072264403
488702.09125592559576 4921881.6755657987669
488708.50508389167953 4921887.6566217634827
488691.31909502652707 4921898.148058488965
488683.00443205051124 4921894.3328812187538
488677.9976925602532 4921890.9831779776141
488673.39750325598288 4921886.30110211391
3 5
488674.70358436985407 4921881.3661267254502
488673.39750325598288 4921886.30110211391
488674.38217943091877 4921881.4980527656153
3 5
488674.38217943091877 4921881.4980527656153
488674.38217943091877 4921881.4980527656153
488674.70358436985407 4921881.3661267254502
