1
17 1
488433.21628046093974 4921855.1589901335537
488435.66362139908597 4921856.4437514422461
488437.165756944858 4921858.9267255654559
488438.24188250664156 4921862.0073600513861
488438.57288058969425 4921864.6674311151728
488438.01748049410526 4921867.5214364100248
488437.02990032185335 4921869.3386677838862
488435.2162642578478 4921870.4677008697763
488433.11987006780691 4921870.1969603039324
488431.3479299522005 4921868.8216464268044
488430.33240845036926 4921867.2514266762882
488429.46040686272318 4921863.3199837468565
488429.1091170324944 4921860.7999985087663
488429.09381474310067 4921858.0486367717385
488430.04552223184146 4921856.0981545010582
488431.22049667383544 4921854.9103667708114
488433.21628046093974 4921855.1589901335537
