15
5 6
488729.0837038589525 4921881.2015186157078
488726.45502310170559 4921883.6242098715156
488723.92676690360531 4921881.380288134329
488724.7380592392874 4921878.4459694093093
488726.86733813455794 4921879.4478661902249
5 6
488706.90397651563399 4921839.1747837653384
488706.65888608217938 4921836.9066794114187
488710.19296640681569 4921835.6465235399082
488711.75849809631472 4921836.7733807163313
488711.92045736993896 4921839.0630613621324
5 6
488706.7984461869346 4921842.1295135421678
488706.90397651563399 4921839.1747837653384
488711.92045736993896 4921839.0630613621324
488712.56791235099081 4921841.7663660738617
488712.37535857374314 4921844.5437501445413
4 6
488706.39280325046275 4921846.7873740885407
488706.7984461869346 4921842.1295135421678
488712.37535857374314 4921844.5437501445413
488711.35841720225289 4921848.0969648929313
4 6
488706.10260741593083 4921850.0697432877496
488706.39280325046275 4921846.7873740885407
488711.35841720225289 4921848.0969648929313
488710.95769640809158 4921851.1227115737274
6 6
488705.16195246687857 4921858.9129918627441
488705.15746597514953 4921854.0812227437273
488706.10260741593083 4921850.0697432877496
488710.95769640809158 4921851.1227115737274
488710.44903202285059 4921854.7814762955531
488709.99379477434559 4921857.9389250613749
5 6
488704.88005086459452 4921863.9931578058749
488705.16195246687857 4921858.9129918627441
488709.99379477434559 4921857.9389250613749
488709.85039047233295 4921860.160268984735
488709.61200278007891 4921863.5329604968429
5 6
488705.26630688953446 4921867.0122412201017
488704.88005086459452 4921863.9931578058749
488709.61200278007891 4921863.5329604968429
488709.62007433309918 4921866.6100852657109
488706.4811869058758 4921869.8318860931322
4 6
488706.4811869058758 4921869.8318860931322
488709.62007433309918 4921866.6100852657109
488709.68673324864358 4921868.5976219940931
488707.92243956500897 4921873.5511387223378
3 6
488707.92243956500897 4921873.5511387223378
488709.68673324864358 4921868.5976219940931
488710.61486157414038 4921869.8761187391356
4 6
488707.92243956500897 4921873.5511387223378
488710.61486157414038 4921869.8761187391356
488713.39843418321107 4921873.046437067911
488712.21449541213224 4921876.6184261292219
4 6
488712.21449541213224 4921876.6184261292219
488713.39843418321107 4921873.046437067911
488717.57580056181177 4921874.6908287936822
488715.56471021921607 4921878.0092797232792
6 6
488721.87530387024162 4921879.772402911447
488717.83229464839678 4921879.0806932784617
488715.56471021921607 4921878.0092797232792
488717.57580056181177 4921874.6908287936822
488721.54552525660256 4921876.688413143158
488724.7380592392874 4921878.4459694093093
3 6
488723.92676690360531 4921881.380288134329
488721.87530387024162 4921879.772402911447
488724.7380592392874 4921878.4459694093093
3 6
488729.0837038589525 4921881.2015186157078
488729.0837038589525 4921881.2015186157078
488726.86733813455794 4921879.4478661902249
