7
6 2
488726.38211960624903 4921839.532934287563
488730.94638501666486 4921838.326572814025
488732.93898222834105 4921839.2281899517402
488732.13398051686818 4921841.9001292418689
488730.50302823091624 4921844.4522404847667
488723.93960487924051 4921840.5723050246015
5 2
488721.64902364194859 4921841.3774377088994
488723.93960487924051 4921840.5723050246015
488730.50302823091624 4921844.4522404847667
488729.71438383316854 4921846.8084227154031
488719.81456845777575 4921843.2361814901233
8 2
488716.63802879856667 4921852.6274172393605
488716.54247370758094 4921850.2707222122699
488716.94200057262788 4921847.2497584261
488718.11276132171042 4921844.974121414125
488719.81456845777575 4921843.2361814901233
488729.71438383316854 4921846.8084227154031
488729.23821132205194 4921849.2486212356016
488717.84724008641206 4921854.6745870867744
3 2
488717.84724008641206 4921854.6745870867744
488729.23821132205194 4921849.2486212356016
488729.73831401747884 4921851.4363691089675
7 2
488717.84724008641206 4921854.6745870867744
488729.73831401747884 4921851.4363691089675
488730.92825777310645 4921852.8444908382371
488731.39267427258892 4921854.5854649599642
488731.00949017872335 4921855.575077499263
488729.44289495929843 4921856.0459765912965
488724.68606829247437 4921856.1879884423688
4 2
488717.84724008641206 4921854.6745870867744
488724.68606829247437 4921856.1879884423688
488722.48965140979271 4921856.3024104302749
488720.063115163357 4921856.0858661504462
3 2
488717.84724008641206 4921854.6745870867744
488717.84724008641206 4921854.6745870867744
488720.063115163357 4921856.0858661504462
