1
20 21
489228.58891750412295 4922452.3761851759627
489211.15786211268278 4922449.5645318767056
489206.49863225006266 4922450.2089705737308
489161.59719799511367 4922468.833662324585
489151.78454459999921 4922470.423356756568
489140.56685904937331 4922470.2995069045573
489129.57330459862715 4922468.6398736964911
489119.85644688457251 4922466.8180865440518
489109.5381078144419 4922464.908341538161
489077.94739544694312 4922470.0772295268252
489031.71383259550203 4922482.0068441843614
488985.92051275772974 4922496.9007542449981
488945.87875081016682 4922509.5649825762957
488907.35876601282507 4922518.6947463834658
488887.37198499037186 4922525.1781219579279
488882.57919851795305 4922529.2860484952107
488875.630752089608 4922533.109393783845
488865.77283533231821 4922538.2474566614255
488860.51803578162799 4922539.2121176663786
488854.54845066950656 4922538.4897554526106
