16
3 2
488876.15323047654238 4922553.9774441309273
488874.76498475455446 4922553.3615067079663
488882.20188532734755 4922552.1535692187026
4 2
488879.17277599492809 4922563.1790802404284
488877.87528334045783 4922564.6462877159938
488877.31076182238758 4922562.5023888209835
488877.97405794967199 4922560.1068932274356
3 2
488877.39721100410679 4922556.0111806811765
488876.15323047654238 4922553.9774441309273
488882.20188532734755 4922552.1535692187026
5 2
488881.15277961461106 4922561.940620938316
488879.17277599492809 4922563.1790802404284
488877.97405794967199 4922560.1068932274356
488878.29420747136464 4922558.0193540863693
488882.20188532734755 4922552.1535692187026
3 2
488878.29420747136464 4922558.0193540863693
488877.39721100410679 4922556.0111806811765
488882.20188532734755 4922552.1535692187026
4 2
488884.33297389338259 4922561.3089715559036
488881.15277961461106 4922561.940620938316
488882.20188532734755 4922552.1535692187026
488888.50140833726618 4922549.6320807253942
4 2
488887.97381282667629 4922561.7646230831742
488884.33297389338259 4922561.3089715559036
488888.50140833726618 4922549.6320807253942
488891.14981752762105 4922561.8134177438915
6 2
488899.1762202468235 4922561.6319130277261
488896.07383274415042 4922562.4968117857352
488891.14981752762105 4922561.8134177438915
488888.50140833726618 4922549.6320807253942
488892.43464823014801 4922546.0473905177787
488903.94109440757893 4922559.8216884331778
6 2
488912.18447700573597 4922555.313639911823
488903.94109440757893 4922559.8216884331778
488892.43464823014801 4922546.0473905177787
488895.41264686611248 4922542.7657114174217
488899.41973096120637 4922538.465232456103
488903.89128461561631 4922535.2517512468621
5 2
488924.55447222490329 4922549.8663370776922
488912.18447700573597 4922555.313639911823
488903.89128461561631 4922535.2517512468621
488913.28246227093041 4922531.2982127033174
488939.37294807413127 4922522.554890695028
5 2
488970.35434616322163 4922534.2656494826078
488943.61331789410906 4922543.568120630458
488924.55447222490329 4922549.8663370776922
488939.37294807413127 4922522.554890695028
488981.42687833629316 4922508.7089789062738
5 2
489002.53759224468376 4922522.7310515930876
488986.60041013843147 4922528.9145493516698
488970.35434616322163 4922534.2656494826078
488981.42687833629316 4922508.7089789062738
489023.82090968789998 4922495.0544846039265
5 2
489042.68782326037763 4922507.8586580678821
489020.86277603724739 4922516.3832405135036
489002.53759224468376 4922522.7310515930876
489023.82090968789998 4922495.0544846039265
489056.77608769357903 4922484.6097039692104
4 2
489064.53337738697883 4922499.3482296159491
489042.68782326037763 4922507.8586580678821
489056.77608769357903 4922484.6097039692104
489066.860611771408 4922481.5138451997191
11 2
489078.48773775825975 4922478.8553508827463
489082.49177101661917 4922479.1855305284262
489086.20751883467892 4922481.2069121999666
489087.55644546775147 4922483.5463976087049
489088.37207383447094 4922486.3556629642844
489087.29757386341225 4922489.8722274294123
489085.27535724733025 4922492.2914387565106
489082.64219905994833 4922493.6381065808237
489064.53337738697883 4922499.3482296159491
489066.860611771408 4922481.5138451997191
489072.52798386418726 4922479.5800923453644
3 2
489066.860611771408 4922481.5138451997191
489066.860611771408 4922481.5138451997191
489072.52798386418726 4922479.5800923453644
