1
15 1
489124.03483238379704 4922476.0612186528742
489126.09472531662323 4922475.6006201831624
489127.76701808761572 4922476.3370320247486
489128.58111435011961 4922477.7180198952556
489129.07060864468804 4922479.3760820785537
489128.13179943186697 4922481.2303403886035
489126.4330728596542 4922482.420613989234
489124.8769281966961 4922483.0148557368666
489123.34520520706428 4922483.2042778097093
489121.95348742645001 4922482.7989315548912
489120.72242830408504 4922481.4953257674351
489120.34046414727345 4922479.64574592188
489120.98484328581253 4922477.6694597881287
489122.50007414200809 4922476.2551572779194
489124.03483238379704 4922476.0612186528742
