11
5 4
488887.52358325972455 4922543.7783942595124
488888.16904362471541 4922544.7271660240367
488888.20458460436203 4922545.7541776383296
488887.65459132142132 4922546.6177698271349
488886.57307720091194 4922542.8684155214578
10 4
488885.1723384775687 4922541.5637598792091
488886.57307720091194 4922542.8684155214578
488887.65459132142132 4922546.6177698271349
488887.28453734313371 4922547.5506353033707
488886.45390345487976 4922548.2117575919256
488885.38976206444204 4922548.7961416477337
488884.53136539389379 4922549.0356569001451
488883.57542518869741 4922548.9692283933982
488882.57057172124041 4922548.7786275688559
488883.83708010363625 4922540.9280579723418
4 4
488883.83708010363625 4922540.9280579723418
488882.57057172124041 4922548.7786275688559
488881.62229329132242 4922548.6510184500366
488882.53871620021528 4922540.5959759373218
3 4
488882.53871620021528 4922540.5959759373218
488881.62229329132242 4922548.6510184500366
488880.95798909000587 4922548.7235949048772
3 4
488882.53871620021528 4922540.5959759373218
488880.95798909000587 4922548.7235949048772
488879.92198209284106 4922548.9499996192753
6 4
488882.53871620021528 4922540.5959759373218
488879.92198209284106 4922548.9499996192753
488878.86910818365868 4922549.3573098583147
488877.63322416343726 4922549.8115953225642
488876.70647522254148 4922543.7449243208393
488877.92050289374311 4922542.8042432982475
11 4
488873.73522110737395 4922551.3412751462311
488871.69928345194785 4922551.3213685294613
488870.28330388275208 4922551.0444041974843
488869.29281564720441 4922550.6776804998517
488868.39205435779877 4922549.8987584058195
488867.85709218453849 4922548.1872351318598
488868.2110945948516 4922546.5936751151457
488869.56713877047878 4922545.2450953992084
488871.64606155606452 4922544.7232124982402
488873.43894168263068 4922544.8447926109657
488875.12165394809563 4922551.2564722523093
5 4
488876.35799816215876 4922550.8015324771404
488875.12165394809563 4922551.2564722523093
488873.43894168263068 4922544.8447926109657
488874.7717483327142 4922544.6953928396106
488876.93578991905088 4922550.3025497198105
4 4
488877.63322416343726 4922549.8115953225642
488876.93578991905088 4922550.3025497198105
488874.7717483327142 4922544.6953928396106
488876.70647522254148 4922543.7449243208393
6 4
488882.53871620021528 4922540.5959759373218
488877.92050289374311 4922542.8042432982475
488878.75813605694566 4922542.0779728842899
488879.65659131860593 4922541.3549752607942
488880.72839765780373 4922540.7065803166479
488881.52786036825273 4922540.4626388698816
3 4
488882.53871620021528 4922540.5959759373218
488882.53871620021528 4922540.5959759373218
488881.52786036825273 4922540.4626388698816
