18
6 5
489014.80005064368015 4922532.9686509119347
489016.85146608733339 4922534.886807913892
489019.20854042132851 4922537.9279872244224
489018.77891149750212 4922542.1220519188792
489017.27000267425319 4922544.7281389804557
489010.42117447714554 4922531.6789043527097
5 5
489010.42117447714554 4922531.6789043527097
489017.27000267425319 4922544.7281389804557
489016.25921952963108 4922547.7871511522681
489013.47875834006118 4922551.1264736428857
489009.79994595120661 4922551.94223352056
5 5
489010.42117447714554 4922531.6789043527097
489009.79994595120661 4922551.94223352056
489006.84164812875679 4922553.7752822050825
489004.19851994910277 4922554.5438414970413
488998.27875051030423 4922555.3514909958467
5 5
489010.42117447714554 4922531.6789043527097
488998.27875051030423 4922555.3514909958467
488992.95245500066085 4922556.8952699974179
488987.68561590305762 4922557.4847096726298
488983.2809616807499 4922557.5854707974941
5 5
489010.42117447714554 4922531.6789043527097
488983.2809616807499 4922557.5854707974941
488977.78773399972124 4922558.0142831476405
488968.75984666094882 4922545.7842600261793
489004.46032147831284 4922533.5428638970479
11 5
488892.41368854918983 4922584.6715872669592
488889.74635526840575 4922586.2440542858094
488886.39423712610733 4922587.7647828711197
488883.08476229180815 4922587.398263595067
488880.67448273900663 4922586.1259253425524
488879.13620567292674 4922583.8218570295721
488879.13325410295511 4922580.8071936136112
488880.59670752781676 4922578.7191744195297
488883.10413344687549 4922576.3116842815652
488887.23610205639852 4922572.4806694975123
488894.34904118301347 4922569.3798243105412
8 5
488908.45019885973306 4922577.3092208905146
488902.88072919315891 4922580.812693182379
488898.34181140968576 4922583.2906825207174
488892.41368854918983 4922584.6715872669592
488894.34904118301347 4922569.3798243105412
488901.52736105641816 4922566.6532092764974
488908.35153870627983 4922565.0219096178189
488913.77185771899531 4922565.1249327473342
9 5
488932.73085754702333 4922573.9668034343049
488926.41856910439674 4922576.576189622283
488921.26676281850087 4922577.2925030915067
488916.43749560858123 4922577.6131530916318
488908.45019885973306 4922577.3092208905146
488913.77185771899531 4922565.1249327473342
488919.89132934255758 4922562.2344758873805
488926.17193839483662 4922559.6198837310076
488938.44964768923819 4922556.1766189811751
3 5
488938.47204850870185 4922571.7240998037159
488932.73085754702333 4922573.9668034343049
488938.44964768923819 4922556.1766189811751
5 5
488947.66202496929327 4922569.8595152571797
488938.47204850870185 4922571.7240998037159
488938.44964768923819 4922556.1766189811751
488948.37361316295573 4922551.8851693440229
488952.58224001154304 4922567.1525396313518
5 5
488959.98456086171791 4922564.4798852093518
488952.58224001154304 4922567.1525396313518
488948.37361316295573 4922551.8851693440229
488955.02321851230226 4922550.301241107285
488966.1223840029561 4922561.7317258268595
4 5
488966.1223840029561 4922561.7317258268595
488955.02321851230226 4922550.301241107285
488963.51875541836489 4922547.6113306293264
488973.36086094437633 4922558.6595040690154
4 5
488973.36086094437633 4922558.6595040690154
488963.51875541836489 4922547.6113306293264
488968.75984666094882 4922545.7842600261793
488977.78773399972124 4922558.0142831476405
4 5
488968.75984666094882 4922545.7842600261793
488970.70918756147148 4922543.4553216723725
488974.55676587467315 4922541.5423252070323
488978.69551668950589 4922541.3014325452968
3 5
488968.75984666094882 4922545.7842600261793
488978.69551668950589 4922541.3014325452968
488982.88435584184481 4922540.1112612849101
5 5
488987.35180300805951 4922538.6730591198429
488992.66481892147567 4922536.7521236920729
488998.51605398516404 4922534.8710273355246
489004.46032147831284 4922533.5428638970479
488968.75984666094882 4922545.7842600261793
3 5
488968.75984666094882 4922545.7842600261793
488982.88435584184481 4922540.1112612849101
488987.35180300805951 4922538.6730591198429
3 5
489010.42117447714554 4922531.6789043527097
489010.42117447714554 4922531.6789043527097
489004.46032147831284 4922533.5428638970479
