9
8 7
489134.22493113583187 4922479.796645659022
489128.39426256046863 4922484.0522550521418
489122.18470878497465 4922484.2268448453397
489118.91036792093655 4922483.2065453110263
489118.5353480897611 4922478.8072216166183
489120.26161416590912 4922474.9734258316457
489127.54186837858288 4922471.5097806490958
489138.0102252131328 4922474.6638700468466
6 7
489149.00252612825716 4922469.4653200684115
489138.0102252131328 4922474.6638700468466
489127.54186837858288 4922471.5097806490958
489141.07771496195346 4922462.900242947042
489153.22656050167279 4922455.6633602268994
489156.66402301331982 4922465.4278110917658
6 7
489174.22966144047678 4922458.2957386700436
489163.4944435726502 4922462.8524014856666
489156.66402301331982 4922465.4278110917658
489153.22656050167279 4922455.6633602268994
489166.69867634901311 4922449.2706293091178
489181.28091613703873 4922443.6568088494241
5 7
489189.81020371819614 4922452.4672672227025
489183.27705067105126 4922455.077874542214
489174.22966144047678 4922458.2957386700436
489181.28091613703873 4922443.6568088494241
489196.48380125622498 4922438.7032504696399
3 7
489198.92758369428338 4922448.9384810272604
489189.81020371819614 4922452.4672672227025
489196.48380125622498 4922438.7032504696399
4 7
489205.59886001824634 4922446.9992458662018
489198.92758369428338 4922448.9384810272604
489196.48380125622498 4922438.7032504696399
489206.22118055348983 4922436.852463725023
4 7
489213.79310842405539 4922447.4310296466574
489205.59886001824634 4922446.9992458662018
489206.22118055348983 4922436.852463725023
489216.73371045826934 4922433.8503437433392
10 7
489235.6668454153114 4922440.8351483521983
489234.1262068937649 4922445.3075047908351
489230.9378506988869 4922448.6251706788316
489228.01027775398688 4922449.8114466676489
489222.19412160414504 4922449.4013536451384
489217.63287676253822 4922448.836246185936
489213.79310842405539 4922447.4310296466574
489216.73371045826934 4922433.8503437433392
489230.89077575271949 4922433.0657015759498
489235.02049478830304 4922436.699737819843
3 7
489230.89077575271949 4922433.0657015759498
489230.89077575271949 4922433.0657015759498
489235.02049478830304 4922436.699737819843
