4
9 5
489469.37089863588335 4922195.6896580075845
489476.08488658501301 4922181.36131935101
489485.01369916135445 4922170.587601961568
489492.75246240838896 4922172.190013339743
489494.14712428423809 4922176.9732105797157
489494.57515343249543 4922184.2754800319672
489485.25448479905026 4922200.9327166518196
489478.56404519604985 4922209.6459459299222
489461.64955195441144 4922212.8514668205753
7 5
489456.53285368037177 4922227.6799084544182
489461.64955195441144 4922212.8514668205753
489478.56404519604985 4922209.6459459299222
489476.02855083136819 4922219.5335555085912
489472.65109134255908 4922230.9253103658557
489468.20602590666385 4922240.2467159247026
489454.98389908345416 4922242.9666738891974
5 5
489456.66512749658432 4922253.6237049158663
489454.98389908345416 4922242.9666738891974
489468.20602590666385 4922240.2467159247026
489468.01364385959459 4922247.1623324593529
489464.74315254017711 4922252.3203363902867
3 5
489456.66512749658432 4922253.6237049158663
489456.66512749658432 4922253.6237049158663
489464.74315254017711 4922252.3203363902867
