14
10 4
489381.86751389334677 4922287.3454802092165
489386.13718054699712 4922283.8469018619508
489386.9592190371477 4922283.8958328710869
489387.82010706386063 4922284.2691720295697
489388.30499533453258 4922285.1406817520037
489388.59726264496567 4922286.3855700269341
489388.67949696624419 4922287.4932884080335
489388.42262761376332 4922288.4271464506164
489387.54953489277977 4922289.6049785017967
489382.68267989746528 4922288.2483571954072
8 4
489375.48759331507608 4922296.7172962557524
489374.61768484296044 4922295.3011984480545
489374.4265061270562 4922293.8596542403102
489375.12922832579352 4922292.5873030219227
489376.13101433863631 4922291.465798064135
489377.24740865029162 4922290.9267864925787
489378.43490040267352 4922290.8905311347917
489379.75484336179215 4922291.2021441794932
7 4
489375.48759331507608 4922296.7172962557524
489379.75484336179215 4922291.2021441794932
489381.04603427543771 4922291.1869768127799
489385.01927912264364 4922295.0190139468759
489384.45890821679495 4922296.3015574086457
489383.51385703223059 4922297.6253528511152
489378.68805704650003 4922297.3241295013577
11 4
489379.10406550962944 4922287.0286579784006
489377.43614241975592 4922286.7400054000318
489376.27907414775109 4922286.3031820710748
489375.44707250333158 4922285.0902676703408
489375.26744108629646 4922283.8745674649253
489375.4750498777139 4922282.675868878141
489375.82940997520927 4922281.7769132144749
489376.76650192175293 4922280.9705965854228
489378.00238038413227 4922280.6091116303578
489378.65563036169624 4922280.4510363107547
489380.42036769870901 4922287.0201094886288
4 4
489380.42036769870901 4922287.0201094886288
489378.65563036169624 4922280.4510363107547
489379.38993833039422 4922280.247283748351
489381.86751389334677 4922287.3454802092165
9 4
489381.86751389334677 4922287.3454802092165
489379.38993833039422 4922280.247283748351
489380.73297886468936 4922278.9112857058644
489381.82440174784278 4922278.3977135401219
489382.96268348983722 4922278.261277968064
489384.20735234051244 4922278.6401285901666
489385.21212245099014 4922279.6038687899709
489385.68691039504483 4922280.7630134318024
489385.43579321738798 4922282.0370280453935
3 4
489381.86751389334677 4922287.3454802092165
489385.43579321738798 4922282.0370280453935
489385.7154456913122 4922283.1180670838803
3 4
489381.86751389334677 4922287.3454802092165
489385.7154456913122 4922283.1180670838803
489386.13718054699712 4922283.8469018619508
5 4
489382.65394182648743 4922289.441020895727
489382.68267989746528 4922288.2483571954072
489387.54953489277977 4922289.6049785017967
489386.94936072197743 4922291.3757937056944
489386.4122187361354 4922292.5869209868833
5 4
489381.94000374211464 4922290.8316170973703
489382.65394182648743 4922289.441020895727
489386.4122187361354 4922292.5869209868833
489385.68524270155467 4922293.95790024288
489385.01927912264364 4922295.0190139468759
3 4
489381.04603427543771 4922291.1869768127799
489381.94000374211464 4922290.8316170973703
489385.01927912264364 4922295.0190139468759
5 4
489383.51385703223059 4922297.6253528511152
489382.54639798717108 4922298.3792585330084
489381.54512287373655 4922298.5058594169095
489380.02238305081846 4922297.9770357916132
489378.68805704650003 4922297.3241295013577
4 4
489375.48759331507608 4922296.7172962557524
489378.68805704650003 4922297.3241295013577
489377.6452127636876 4922297.3621745267883
489376.55857503582956 4922297.3142894143239
3 4
489375.48759331507608 4922296.7172962557524
489375.48759331507608 4922296.7172962557524
489376.55857503582956 4922297.3142894143239
