9
4 2
42.611629 172.243021
40.855181 173.517904
36.496310 169.473726
39.395235 160.830353
4 2
39.395235 160.830353
36.496310 169.473726
30.024910 164.823478
22.297383 155.048203
4 2
30.024910 164.823478
23.821795 163.364418
21.888128 159.614377
22.297383 155.048203
4 2
40.770675 156.734826
39.395235 160.830353
22.297383 155.048203
23.336909 150.219895
4 2
42.442490 152.304279
40.770675 156.734826
23.336909 150.219895
22.312075 142.842557
6 2
46.104217 135.477089
46.091808 140.888602
45.369238 146.584387
42.442490 152.304279
22.312075 142.842557
19.699866 137.716016
8 2
33.420939 116.386996
38.337561 118.333169
41.341941 120.223097
44.181806 122.701096
46.598483 126.470491
46.104217 135.477089
19.699866 137.716016
17.184763 132.388599
9 2
33.420939 116.386996
17.184763 132.388599
14.488622 127.644432
13.925370 123.741823
15.854643 120.235303
20.015838 117.391320
24.195884 116.184568
29.014925 115.547758
31.605227 115.645794
3 2
33.420939 116.386996
33.420939 116.386996
31.605227 115.645794
