46 4
-4228704.5155755858868 2566777.338347398676
-4228703.1995051391423 2566778.2592691243626
-4228702.3907563993707 2566780.0811972431839
-4228701.7831802405417 2566781.6566612473689
-4228700.9672895800322 2566783.0820376430638
-4228700.2049331646413 2566784.1505603049882
-4228699.2250754125416 2566784.5433886549436
-4228698.7792285904288 2566785.2072026864626
-4228698.4663200955838 2566785.7982988897711
-4228697.8458619201556 2566785.7155362311751
-4228697.261439695023 2566785.3731247936375
-4228696.6527926223353 2566785.0833588857204
-4228695.5688231289387 2566786.0755296009593
-4228694.6215959200636 2566788.0443303943612
-4228693.8684332286939 2566790.014872902073
-4228693.1588862696663 2566792.8236664817668
-4228691.9857555218041 2566795.1790621150285
-4228691.6980962064117 2566797.3112314245664
-4228691.7593101132661 2566799.0349483117461
-4228692.6392762288451 2566800.2484800326638
-4228693.9980943230912 2566801.3827395234257
-4228695.0915620299056 2566802.5085438629612
-4228696.469326429069 2566803.6013662726618
-4228697.5577312689275 2566803.8465443807654
-4228698.8480656994507 2566803.2277248124592
-4228700.2607247447595 2566802.056696231477
-4228701.5698460247368 2566799.8568498129025
-4228701.6355849662796 2566797.3081456413493
-4228701.0187075193971 2566795.0869736052118
-4228700.7671368671581 2566793.2864296734333
-4228701.2068270668387 2566792.1629742151126
-4228702.9951660763472 2566791.1670046220534
-4228704.6295347008854 2566790.2818428725004
-4228705.6757134860381 2566789.0432724654675
-4228706.8348421324044 2566787.564105192665
-4228708.6984158549458 2566787.0529639646411
-4228710.3106696112081 2566786.3937068227679
-4228711.1915574101731 2566784.6862204330973
-4228710.7972095282748 2566783.0256148157641
-4228709.8197000641376 2566781.8437204184011
-4228708.7504388494417 2566780.806503939908
-4228708.1785408426076 2566779.621092449408
-4228707.4875993067399 2566778.7692847559229
-4228706.433543222025 2566778.1514663379639
-4228705.442427800037 2566777.7129438333213
-4228704.5155755858868 2566777.338347398676
