30
-93.14262702691573 44.45612272930276
-93.14257819414324 44.45609043528697
-93.14254041724011 44.45607343586214
-93.14249687546857 44.45606006600525
-93.1424410114121 44.45605516898549
-93.14234168405181 44.45609432600683
-93.14228045384574 44.45611554432558
-93.14221987277982 44.45614363352019
-93.14217102781005 44.45618969936319
-93.1421299502463 44.45622055239166
-93.14209105276444 44.45624769353742
-93.14194425338113 44.45626613468495
-93.14193938210596 44.45628535986556
-93.14200894070568 44.4563049419808
-93.14209687441381 44.45633929803775
-93.14214719875507 44.45638393052476
-93.14220021223171 44.45638498453714
-93.1422497051252 44.45636384543226
-93.14229873327662 44.45633656994885
-93.14238788261414 44.45631609545751
-93.14246018509877 44.45631728278415
-93.14253423389684 44.45631689834084
-93.14260266241139 44.45632025868614
-93.14264993737171 44.45630959887922
-93.14267914522704 44.45628026282071
-93.1426886877565 44.45623540457628
-93.14267958216502 44.45619678250929
-93.14266053915759 44.45615520040415
-93.14264531553631 44.45613456777707
-93.14262702691573 44.45612272930276
