51 3
25.54375023115426302 166.03647099900990725
26.896167496219277382 166.22648030472919345
27.646185033023357391 166.59214710909873247
28.747791341505944729 166.98191641271114349
29.61756320483982563 167.47878693137317896
30.407233762554824352 168.01781812449917197
30.931134268641471863 168.70219156192615628
31.818266229704022408 169.78148574288934469
32.49171557929366827 170.42458344809710979
33.685046565718948841 171.85718951607123017
34.800269728526473045 173.45832086494192481
36.73879307322204113 176.01483582239598036
38.483881203457713127 178.59701788751408458
39.31184863205999136 180.45252160681411624
39.666606331244111061 181.47459051432088017
39.88550871703773737 182.33941916096955538
39.95865665003657341 183.73157898243516684
39.775919714942574501 185.0816623754799366
39.541818780824542046 186.42264195624738932
39.063553918153047562 188.10622556274756789
38.196495173498988152 190.49338162411004305
36.882264069281518459 193.45334998797625303
35.873249187134206295 195.17789572617039084
34.136019209399819374 196.34710145741701126
32.498330395668745041 196.90986675955355167
30.619769607670605183 197.24942586477845907
28.416476198472082615 197.05982015747576952
26.689963710494339466 196.28069636644795537
24.866732880473136902 194.90802618395537138
23.63792130071669817 193.11464111600071192
23.545168796554207802 191.2503630705177784
23.976218292489647865 189.17576845502480865
24.579148529097437859 187.68241680879145861
24.552184004336595535 185.86651066923514009
24.863829602487385273 184.07305124867707491
24.354733843356370926 182.25557130668312311
23.290850665420293808 180.4262064783833921
21.748380193486809731 178.55504343425855041
20.802781414240598679 177.14679719414561987
20.216250360012054443 175.96998297376558185
20.069541378878057003 175.00445433286949992
20.131115320138633251 173.94981897948309779
20.191071539185941219 172.92060639476403594
20.379116086289286613 171.91298998147249222
20.728173090144991875 170.8250503190793097
21.202875776216387749 169.62779597612097859
21.808972172439098358 168.71495582954958081
22.620517208240926266 167.81340909656137228
23.446324435994029045 166.95889472309499979
24.318801398389041424 166.23139347648248076
25.54375023115426302 166.03647099900990725
