9
14 3
38.196495 190.493382
36.882264 193.453350
35.873249 195.177896
34.136019 196.347101
32.498330 196.909867
30.619770 197.249426
28.416476 197.059820
26.689964 196.280696
24.866733 194.908026
23.637921 193.114641
23.545169 191.250363
23.976218 189.175768
24.579149 187.682417
39.063554 188.106226
12 3
38.483881 178.597018
39.311849 180.452522
39.666606 181.474591
39.885509 182.339419
39.958657 183.731579
39.775920 185.081662
39.541819 186.422642
39.063554 188.106226
24.579149 187.682417
24.552184 185.866511
24.863830 184.073051
36.738793 176.014836
4 3
36.738793 176.014836
24.863830 184.073051
24.354734 182.255571
34.800270 173.458321
5 3
33.685047 171.857190
34.800270 173.458321
24.354734 182.255571
23.290851 180.426206
32.491716 170.424583
8 3
31.818266 169.781486
32.491716 170.424583
23.290851 180.426206
21.748380 178.555043
20.802781 177.146797
20.216250 175.969983
20.069541 175.004454
20.131115 173.949819
9 3
30.931134 168.702192
31.818266 169.781486
20.131115 173.949819
20.191072 172.920606
20.379116 171.912990
20.728173 170.825050
21.202876 169.627796
21.808972 168.714956
22.620517 167.813409
7 3
27.646185 166.592147
28.747791 166.981916
29.617563 167.478787
30.407234 168.017818
30.931134 168.702192
22.620517 167.813409
23.446324 166.958895
5 3
25.543750 166.036471
26.896167 166.226480
27.646185 166.592147
23.446324 166.958895
24.318801 166.231393
3 3
25.543750 166.036471
25.543750 166.036471
24.318801 166.231393
