46 4
48.730970347300171852 151.92690712120383978
50.047040794044733047 152.84782884689047933
50.855789533816277981 154.66975696571171284
51.463365692645311356 156.24522096989676356
52.279256353154778481 157.67059736559167504
53.041612768545746803 158.73912002751603723
54.02147052064538002 159.13194837747141719
54.467317342758178711 159.79576240899041295
54.780225837603211403 160.38685861229896545
55.400684013031423092 160.30409595370292664
55.985106238164007664 159.96168451616540551
56.593753310851752758 159.6719186082482338
57.677722804248332977 160.66408932348713279
58.624950013123452663 162.63289011688902974
59.378112704493105412 164.60343262460082769
60.087659663520753384 167.41222620429471135
61.260790411382913589 169.76762183755636215
61.548449726775288582 171.89979114709421992
61.487235819920897484 173.62350803427398205
60.607269704341888428 174.83703975519165397
59.248451610095798969 175.97129924595355988
58.154983903281390667 177.09710358548909426
56.777219504117965698 178.18992599518969655
55.688814664259552956 178.43510410329326987
54.398480233736336231 177.81628453498706222
52.985821188427507877 176.64525595400482416
51.676699908450245857 174.44540953543037176
51.610960966907441616 171.89670536387711763
52.227838413789868355 169.67553332773968577
52.479409066028892994 167.87498939596116543
52.039718866348266602 166.75153393764048815
50.251379856839776039 165.75556434458121657
48.617011232301592827 164.87040259502828121
47.570832447148859501 163.6318321879953146
46.411703800782561302 162.15266491519287229
44.548130078241229057 161.6415236871689558
42.935876321978867054 160.98226654529571533
42.05498852301388979 159.27478015562519431
42.449336404912173748 157.61417453829199076
43.426845869049429893 156.43228014092892408
44.49610708374530077 155.39506366243585944
45.068005090579390526 154.20965217193588614
45.758946626447141171 153.35784447845071554
46.813002711161971092 152.74002606049180031
47.804118133150041103 152.30150355584919453
48.730970347300171852 151.92690712120383978
