15
11 4
10.838318 153.382652
11.884562 154.094416
12.752617 155.228945
13.396558 156.368563
13.746309 157.104378
6.795705 164.697106
5.262788 164.656938
3.664002 164.363163
2.809669 163.079455
2.660948 161.654786
9.886828 152.795826
7 4
17.317412 166.072205
17.133570 167.707628
16.475895 169.271814
15.109700 169.810140
13.554092 169.674716
11.993293 168.558056
10.971533 167.349684
4 4
17.682951 165.071466
17.317412 166.072205
10.971533 167.349684
9.784216 166.154441
11 4
15.588258 157.978915
16.874703 158.441006
18.235288 159.366097
19.003669 160.706895
19.338067 162.292593
19.220647 163.432779
18.619023 164.196663
17.682951 165.071466
9.784216 166.154441
8.386290 165.143508
14.492941 157.756076
4 4
13.746309 157.104378
14.492941 157.756076
8.386290 165.143508
6.795705 164.697106
5 4
9.886828 152.795826
2.660948 161.654786
1.902708 160.609908
1.888523 159.652971
2.370769 158.562471
4 4
9.886828 152.795826
2.370769 158.562471
2.123991 157.678592
9.523189 152.010729
11 4
9.523189 152.010729
2.123991 157.678592
1.276481 156.803515
0.498844 155.901550
0.074445 154.589460
0.000000 153.303993
0.186896 151.828950
0.548794 150.165060
1.298656 148.830189
2.069832 147.812955
9.733687 151.444443
4 4
9.733687 151.444443
2.069832 147.812955
2.655997 146.943458
10.544462 150.704762
3 4
10.544462 150.704762
2.655997 146.943458
2.879287 146.198700
12 4
11.575414 150.514305
10.544462 150.704762
2.879287 146.198700
2.673748 145.471277
2.448613 144.625819
2.348542 143.509808
2.558344 142.313160
3.456527 141.418597
4.685889 140.809023
5.667882 140.955795
6.769506 141.359346
7.811828 141.873658
3 4
11.575414 150.514305
7.811828 141.873658
8.513482 142.143833
9 4
16.496449 147.034278
15.626492 148.329158
14.831102 149.108507
13.650465 149.850514
12.532123 150.286963
11.575414 150.514305
8.513482 142.143833
9.200445 142.040622
16.898018 145.664301
14 4
15.740801 141.175919
16.228528 141.824784
16.719572 142.770113
16.947009 143.552258
17.027655 144.530167
16.898018 145.664301
9.200445 142.040622
9.957468 141.405384
10.834545 140.811808
11.802937 140.222429
12.709516 140.008953
13.498556 140.042836
14.376185 140.236940
15.214650 140.694590
3 4
14.376185 140.236940
14.376185 140.236940
15.214650 140.694590
