77
-93.14246063552798 44.45637031160555
-93.14245088323875 44.45636529502571
-93.14244256436288 44.45636290466248
-93.14243255709387 44.45636147981646
-93.14241917360378 44.45636118497568
-93.14240907480601 44.45636239199133
-93.14239755829695 44.45636555386491
-93.1423854178947 44.45637103141578
-93.14237208761372 44.45637963551091
-93.14236215995956 44.45639174659492
-93.14235766562302 44.45640124093214
-93.14235569328255 44.45641371507759
-93.1423568426835 44.45642449141361
-93.14235948005876 44.45643314040739
-93.14236293976798 44.45644224780247
-93.14235897859011 44.4564517121572
-93.14235371095482 44.45645562978828
-93.14234283660906 44.45645574329832
-93.14233100528969 44.45645031382402
-93.14231724248619 44.45644460315096
-93.14229966172454 44.45644198791164
-93.14228324438395 44.4564412107845
-93.1422730039456 44.45644124464509
-93.14226155395474 44.45643773033305
-93.14225306203063 44.45642971356747
-93.14224081865017 44.45642107981507
-93.14222292677049 44.45641365134389
-93.14220355260655 44.45641264968284
-93.14218376888485 44.45641612463518
-93.14217149333821 44.45642152666209
-93.14216611843256 44.45642938860434
-93.14216130931638 44.45644039679677
-93.14215196518569 44.45644726765654
-93.14213444177362 44.45645514115061
-93.14212030692939 44.45646658088178
-93.1421216526975 44.45647976563434
-93.14213166228298 44.45649185790221
-93.14215281500562 44.45650016316321
-93.14217206967137 44.45650373727796
-93.14219207765802 44.45650870579825
-93.14221114536807 44.45651610223704
-93.1422248681283 44.45652726472727
-93.14223367510971 44.45653954461128
-93.14224571369756 44.45655136923348
-93.14226490953084 44.45655329099582
-93.14228185760663 44.45654893802391
-93.14229782456739 44.45655101217321
-93.14230874145169 44.45654739295613
-93.14231846647131 44.45653922495332
-93.14232982305261 44.45653777785879
-93.14234435300506 44.45654123888145
-93.1423588068199 44.45654402810221
-93.14237598167276 44.45654235102103
-93.14239094825886 44.45653793863516
-93.14240663832553 44.45653066618681
-93.14242351404593 44.456521236985
-93.14243454902892 44.45650994417015
-93.14244186989491 44.4564997179593
-93.14244852531174 44.45649156928231
-93.14245574486922 44.45648685140257
-93.14246510453025 44.45648568027777
-93.14247590797261 44.45648420751382
-93.14248909466257 44.45648066430383
-93.14250150642248 44.45647429240602
-93.14250674574492 44.45646351449239
-93.14250695247368 44.45645116184343
-93.14249993958983 44.45644376765552
-93.14248936626566 44.4564364049413
-93.1424778614349 44.45642995557714
-93.14247097813077 44.45642531735337
-93.14246840435612 44.45641934122965
-93.142471475322 44.45641072053736
-93.1424734202502 44.45640128842439
-93.14247482010977 44.45639113184372
-93.1424722987705 44.45638294367308
-93.14246761592048 44.45637667437622
-93.14246063552798 44.45637031160555
