22
3 2
488621.97823750542011 4922352.8557864706963
488622.11763388261897 4922350.17662889231
488624.19459580973489 4922352.7704932913184
3 2
488636.41760904964758 4922353.4164285529405
488638.3678161202115 4922352.4092381130904
488636.41705119016115 4922358.1023580729961
3 2
488633.92592588608386 4922354.3495721621439
488636.41760904964758 4922353.4164285529405
488636.41705119016115 4922358.1023580729961
5 2
488621.00848419702379 4922357.811030802317
488621.97823750542011 4922352.8557864706963
488624.19459580973489 4922352.7704932913184
488626.41906362952432 4922354.1353686125949
488634.27997338323621 4922365.2649147538468
4 2
488629.67791103996569 4922354.5425259405747
488633.92592588608386 4922354.3495721621439
488636.41705119016115 4922358.1023580729961
488634.27997338323621 4922365.2649147538468
3 2
488626.41906362952432 4922354.1353686125949
488629.67791103996569 4922354.5425259405747
488634.27997338323621 4922365.2649147538468
4 2
488619.01525383145781 4922362.0963545497507
488621.00848419702379 4922357.811030802317
488634.27997338323621 4922365.2649147538468
488632.67673653014936 4922371.0461610360071
6 2
488614.5598780028522 4922368.4184953309596
488619.01525383145781 4922362.0963545497507
488632.67673653014936 4922371.0461610360071
488631.73156846081838 4922374.3748165182769
488629.14849990338553 4922377.5062377965078
488625.85573172365548 4922380.3700749054551
4 2
488610.74227694317233 4922372.4544120552018
488614.5598780028522 4922368.4184953309596
488625.85573172365548 4922380.3700749054551
488619.86791049136082 4922385.6315699620172
6 2
488600.94070488907164 4922378.2821478918195
488605.79108262399677 4922375.0849633645266
488610.74227694317233 4922372.4544120552018
488619.86791049136082 4922385.6315699620172
488614.49086147424532 4922391.7616441408172
488596.54426634614356 4922385.2675508596003
4 2
488596.54426634614356 4922385.2675508596003
488614.49086147424532 4922391.7616441408172
488607.70934892102377 4922400.1718948949128
488595.10605979018146 4922395.4476209543645
4 2
488591.33741505304351 4922412.3586702477187
488595.10605979018146 4922395.4476209543645
488607.70934892102377 4922400.1718948949128
488604.39855286857346 4922409.0064819296822
4 2
488591.33741505304351 4922412.3586702477187
488604.39855286857346 4922409.0064819296822
488602.52264442841988 4922416.7181472023949
488588.69326093402924 4922430.5706984782591
3 2
488588.69326093402924 4922430.5706984782591
488602.52264442841988 4922416.7181472023949
488603.88971261715051 4922423.7124650394544
4 2
488588.69326093402924 4922430.5706984782591
488603.88971261715051 4922423.7124650394544
488608.94737765192986 4922429.5150131126866
488587.24211735231802 4922437.8248657388613
9 2
488603.06813241128111 4922460.7499519623816
488595.25504898838699 4922459.071526048705
488590.90571363805793 4922455.005307558924
488586.8533638768713 4922450.0476128505543
488585.42001482710475 4922445.0377853540704
488587.24211735231802 4922437.8248657388613
488608.94737765192986 4922429.5150131126866
488615.12271694955416 4922432.3086918918416
488606.37332197412616 4922461.1436979155988
6 2
488611.79234751366312 4922464.0207235114649
488606.37332197412616 4922461.1436979155988
488615.12271694955416 4922432.3086918918416
488621.037183315726 4922434.3300234535709
488629.11150039191125 4922441.6369467005134
488638.36112123174826 4922451.3138419026509
4 2
488623.42781195067801 4922471.2596397427842
488611.79234751366312 4922464.0207235114649
488638.36112123174826 4922451.3138419026509
488649.86180175753543 4922462.5754025336355
6 2
488653.3343179092044 4922493.6957288458943
488636.89443632337498 4922481.8595912521705
488623.42781195067801 4922471.2596397427842
488649.86180175753543 4922462.5754025336355
488662.4664435358136 4922474.3729213224724
488662.62761673243949 4922474.5784906884655
5 2
488673.98752957105171 4922507.9382451353595
488653.3343179092044 4922493.6957288458943
488662.62761673243949 4922474.5784906884655
488671.43802153004799 4922481.7861186880618
488680.09851342253387 4922489.0809683697298
8 2
488678.4653989012586 4922509.4079020367935
488673.98752957105171 4922507.9382451353595
488680.09851342253387 4922489.0809683697298
488685.69610321597429 4922493.7540502119809
488687.98990568262525 4922497.9373626513407
488687.06372040283168 4922503.2689054468647
488685.57502424763516 4922506.6452630022541
488682.94525893894024 4922508.780941169709
3 2
488678.4653989012586 4922509.4079020367935
488678.4653989012586 4922509.4079020367935
488682.94525893894024 4922508.780941169709
