7
11 3
488622.33243362553185 4922336.4415234727785
488620.09384407952894 4922333.5149326771498
488619.04031929431949 4922331.319349697791
488619.45006293378538 4922329.6381433624774
488621.11699718900491 4922328.0029781283811
488622.83048872265499 4922326.9402810633183
488625.20319013611879 4922326.5677123414353
488626.94871196197346 4922326.6633782917634
488628.75774211646058 4922327.2595995692536
488630.62061097967671 4922328.47044539731
488632.63094901846489 4922330.0684957038611
4 3
488623.75779039808549 4922338.7614333610982
488622.33243362553185 4922336.4415234727785
488632.63094901846489 4922330.0684957038611
488634.3724782904028 4922331.8813091050833
5 3
488624.8562765699462 4922341.1656144391745
488623.75779039808549 4922338.7614333610982
488634.3724782904028 4922331.8813091050833
488636.47604909952497 4922334.2679702518508
488639.44460199179593 4922337.8295027865097
8 3
488624.94903766753851 4922343.5105012077838
488624.8562765699462 4922341.1656144391745
488639.44460199179593 4922337.8295027865097
488641.03575835324591 4922339.780318165198
488641.65779051103164 4922341.987407438457
488641.40007237391546 4922344.2747646607459
488640.92129627621034 4922346.2896325103939
488639.26625982200494 4922348.1029690541327
8 3
488624.48064328567125 4922346.2965170266107
488624.94903766753851 4922343.5105012077838
488639.26625982200494 4922348.1029690541327
488638.07874017336871 4922349.6629496589303
488636.20932531653671 4922351.0807922584936
488633.7982084240648 4922352.2482795389369
488631.90481487248326 4922352.7189148291945
488629.19959970068885 4922353.0288045657799
6 3
488625.53967623261269 4922351.6922474028543
488624.0687909835251 4922350.1764954011887
488623.88442340889014 4922348.5671605747193
488624.48064328567125 4922346.2965170266107
488629.19959970068885 4922353.0288045657799
488627.45014058309607 4922352.7530760532245
3 3
488629.19959970068885 4922353.0288045657799
488629.19959970068885 4922353.0288045657799
488627.45014058309607 4922352.7530760532245
