12
8 5
488681.73496286687441 4922483.0508647374809
488679.12721841415623 4922478.6203767294064
488684.77932145592058 4922470.485212450847
488689.80335746437777 4922466.5218508290127
488693.51011822721921 4922464.447293581441
488695.51463950361358 4922470.3095384472981
488695.85672956961207 4922478.2108988789842
488685.25563877838431 4922488.1535750124604
3 5
488679.12721841415623 4922478.6203767294064
488677.79940448433626 4922473.5334690110758
488684.77932145592058 4922470.485212450847
5 5
488689.24893105926458 4922494.8452342264354
488685.25563877838431 4922488.1535750124604
488695.85672956961207 4922478.2108988789842
488699.26759218901861 4922485.7491186000407
488693.44465583865531 4922500.9954607309774
4 5
488693.44465583865531 4922500.9954607309774
488699.26759218901861 4922485.7491186000407
488709.74861868785229 4922491.9285318339244
488701.35267781297443 4922509.149444132112
4 5
488701.35267781297443 4922509.149444132112
488709.74861868785229 4922491.9285318339244
488721.39378729107557 4922497.8193308804184
488708.5949543644092 4922513.5524832392111
5 5
488719.24253981711809 4922520.0375748714432
488708.5949543644092 4922513.5524832392111
488721.39378729107557 4922497.8193308804184
488729.6042930164258 4922505.2712583877146
488726.98324841528665 4922523.1465734215453
6 5
488736.2610317307408 4922529.3934998000041
488726.98324841528665 4922523.1465734215453
488729.6042930164258 4922505.2712583877146
488738.52329811541131 4922513.3425090163946
488745.25657726166537 4922520.112328431569
488746.20282021840103 4922534.2080527665094
7 5
488759.99968215072295 4922547.6339948028326
488752.29627288272604 4922541.0597050823271
488746.20282021840103 4922534.2080527665094
488745.25657726166537 4922520.112328431569
488753.06554594950285 4922526.3943197075278
488759.95644402870676 4922535.1358009818941
488760.19037446286529 4922535.4367109108716
4 5
488759.99968215072295 4922547.6339948028326
488760.19037446286529 4922535.4367109108716
488765.58079612569418 4922541.2616067240015
488767.21463818015764 4922551.9060252346098
4 5
488767.21463818015764 4922551.9060252346098
488765.58079612569418 4922541.2616067240015
488771.00340861338191 4922545.7755838437006
488771.11587505583884 4922545.9221638422459
5 5
488773.07255252770847 4922554.7860622815788
488767.21463818015764 4922551.9060252346098
488771.11587505583884 4922545.9221638422459
488774.51753201556858 4922549.2454821923748
488774.2632985485252 4922551.6064587496221
3 5
488773.07255252770847 4922554.7860622815788
488773.07255252770847 4922554.7860622815788
488774.2632985485252 4922551.6064587496221
