8
9 5
488739.0454737545806 4922552.0504758860916
488745.94709291128675 4922554.2368302792311
488748.49727148923557 4922558.3868881165981
488747.68155403470155 4922563.9334708014503
488745.1702679345035 4922566.5084117492661
488741.42581081017852 4922568.8707868615165
488738.1158269077423 4922568.8401581821963
488730.40443669125671 4922564.0849884906784
488728.63895354641136 4922562.2208491927013
4 5
488731.44873767375248 4922548.378667476587
488739.0454737545806 4922552.0504758860916
488728.63895354641136 4922562.2208491927013
488725.89101682422915 4922556.4425188386813
6 5
488725.99535529490095 4922542.2354978322983
488731.44873767375248 4922548.378667476587
488725.89101682422915 4922556.4425188386813
488721.62249191297451 4922550.6687198728323
488717.81686390150571 4922544.9141482338309
488718.83907378074946 4922537.0783838471398
4 5
488718.83907378074946 4922537.0783838471398
488717.81686390150571 4922544.9141482338309
488710.90480485529406 4922542.1786517724395
488712.91098323476035 4922534.2453998299316
7 5
488699.31920859852107 4922527.6291545219719
488706.95961742114741 4922529.4664396941662
488712.91098323476035 4922534.2453998299316
488710.90480485529406 4922542.1786517724395
488706.4945158843766 4922543.0156589429826
488701.29721651010914 4922543.3157088747248
488691.22191928053508 4922527.2201703684404
6 5
488691.22191928053508 4922527.2201703684404
488701.29721651010914 4922543.3157088747248
488697.44132603297476 4922544.9886988690123
488693.80391842784593 4922545.867100331001
488689.12593724194448 4922545.3750960705802
488685.4387586172088 4922542.3635436873883
10 5
488675.97951393213589 4922520.9224733524024
488683.11862434411887 4922521.7584303123876
488687.82719997002278 4922524.5416946476325
488691.22191928053508 4922527.2201703684404
488685.4387586172088 4922542.3635436873883
488680.65396275842795 4922538.7885148050264
488677.27660818852019 4922533.533808379434
488675.42420414794469 4922529.5135072441772
488673.91256289341254 4922525.1810208279639
488674.23984467849368 4922522.5961233628914
3 5
488675.97951393213589 4922520.9224733524024
488675.97951393213589 4922520.9224733524024
488674.23984467849368 4922522.5961233628914
