5
10 5
488599.91116901591886 4922358.5152405835688
488600.28803111234447 4922365.1799852540717
488599.97351116879145 4922370.2403481844813
488598.42077009670902 4922374.3420018292964
488596.3461446504225 4922375.495902525261
488592.66579623892903 4922375.9984007421881
488589.62152581266128 4922374.7928896369413
488586.99969627225073 4922372.177060094662
488584.86337542114779 4922367.7376196496189
488599.17989065108122 4922351.3664239263162
7 5
488599.17989065108122 4922351.3664239263162
488584.86337542114779 4922367.7376196496189
488582.6148658747552 4922366.6348814442754
488581.30937404790893 4922363.9060961967334
488580.5972385170171 4922359.1951868934557
488581.99838342628209 4922355.6172045581043
488583.63188800908392 4922351.8649622788653
6 5
488596.62514621420996 4922342.9193858904764
488598.08969732408877 4922345.1931625204161
488599.17989065108122 4922351.3664239263162
488583.63188800908392 4922351.8649622788653
488584.46490897180047 4922348.2320663603023
488593.19030449917773 4922341.6729363827035
7 5
488586.68006464460632 4922337.7587694367394
488590.9575397890294 4922339.7177450321615
488593.19030449917773 4922341.6729363827035
488584.46490897180047 4922348.2320663603023
488583.6129502862459 4922345.799732176587
488583.51667191804154 4922342.1985422326252
488584.2980618365691 4922339.6833827476948
3 5
488586.68006464460632 4922337.7587694367394
488586.68006464460632 4922337.7587694367394
488584.2980618365691 4922339.6833827476948
