13
8 4
488631.13147330662468 4922424.2968039149418
488629.70644337963313 4922423.0137706222013
488629.15395347267622 4922421.452377345413
488635.57874288334278 4922412.6916806492954
488637.35495191457449 4922412.1827303571627
488639.12947105662897 4922413.0842428468168
488640.11739969259361 4922414.4850779362023
488632.57716499653179 4922424.7379229431972
9 4
488626.11110182909761 4922418.1637095352635
488625.31193854525918 4922418.2627893993631
488623.45461299573071 4922417.7871594158933
488621.60159779409878 4922416.6705167843029
488620.93304774432909 4922414.9268474280834
488621.25157231179764 4922413.1731334673241
488622.47438632423291 4922412.2203230541199
488623.54602657962823 4922411.44312444143
488627.39101119514089 4922417.8637124802917
6 4
488627.39101119514089 4922417.8637124802917
488623.54602657962823 4922411.44312444143
488624.77559984161053 4922410.4272207980976
488632.49037360335933 4922411.2534067714587
488633.17100815329468 4922412.294050549157
488628.22218910249649 4922418.6138148428872
10 4
488625.1119671203196 4922409.1826478298753
488625.65530991443666 4922407.2585891773924
488626.91523575066822 4922405.8745726766065
488628.52647342236014 4922405.4275468178093
488629.89662283856887 4922406.0332072786987
488631.35791425418574 4922407.0320991063491
488632.05956753651844 4922408.4534509275109
488632.43954109033803 4922409.839557653293
488632.49037360335933 4922411.2534067714587
488624.77559984161053 4922410.4272207980976
4 4
488628.22218910249649 4922418.6138148428872
488633.17100815329468 4922412.294050549157
488634.44584702426801 4922412.75784302596
488628.80074480251642 4922419.8538327803835
4 4
488629.15395347267622 4922421.452377345413
488628.80074480251642 4922419.8538327803835
488634.44584702426801 4922412.75784302596
488635.57874288334278 4922412.6916806492954
4 4
488632.57716499653179 4922424.7379229431972
488640.11739969259361 4922414.4850779362023
488641.71064460359048 4922415.7678723921999
488636.11043546994915 4922422.0351538462564
9 4
488641.71064460359048 4922415.7678723921999
488643.67598017788259 4922417.0450911931694
488644.62228021031478 4922418.4681733213365
488644.58829449280165 4922420.3622926920652
488644.17853052204009 4922421.5565131036565
488643.41194296034519 4922422.4453062387183
488642.06072897510603 4922422.7391841923818
488640.18916255509248 4922422.3833491168916
488639.26244595745811 4922421.8161030132324
3 4
488641.71064460359048 4922415.7678723921999
488639.26244595745811 4922421.8161030132324
488638.37732866074657 4922421.4504020772874
3 4
488641.71064460359048 4922415.7678723921999
488638.37732866074657 4922421.4504020772874
488637.25549038976897 4922421.3843572698534
3 4
488641.71064460359048 4922415.7678723921999
488637.25549038976897 4922421.3843572698534
488636.11043546994915 4922422.0351538462564
5 4
488632.57716499653179 4922424.7379229431972
488636.11043546994915 4922422.0351538462564
488635.63046715676319 4922423.2208606759086
488634.86072523740586 4922424.1089249756187
488634.08588207437424 4922424.5374677851796
3 4
488632.57716499653179 4922424.7379229431972
488632.57716499653179 4922424.7379229431972
488634.08588207437424 4922424.5374677851796
