1
15 4
488583.71144096570788 4922458.2106128213927
488582.19930101523641 4922457.0824786089361
488581.31803417665651 4922455.1157896341756
488581.45849243865814 4922453.417911702767
488582.40283115644706 4922452.1560219181702
488583.69585575466044 4922451.327173656784
488585.41992396401474 4922451.8700214223936
488586.63842317269882 4922452.7483155122027
488587.20419410715112 4922454.0770768653601
488587.8362020784989 4922455.9450963949785
488587.58355898107402 4922457.4436733927578
488586.95384676160756 4922458.2324767261744
488585.9822130521643 4922458.5759443938732
488584.98753978515742 4922458.5808397978544
488583.71144096570788 4922458.2106128213927
