4
7 7
488773.89422988833394 4922552.4942506151274
488781.15185074147303 4922555.7721076384187
488786.49580247653648 4922559.9529686691239
488787.64905624918174 4922563.8031094130129
488786.89822508569341 4922568.4480213932693
488782.70547202415764 4922571.2002989128232
488771.61901396891335 4922568.6236368520185
8 7
488748.20018514839467 4922554.8209588984028
488738.54969702346716 4922548.4806784652174
488734.67878943972755 4922543.1814543521032
488734.27772624965291 4922538.9921123748645
488736.97184883296723 4922535.5211465507746
488741.21892922656843 4922535.0804271697998
488754.69789081724593 4922541.0368143636733
488766.61263870930998 4922548.0826762532815
5 7
488771.61901396891335 4922568.6236368520185
488757.431661198847 4922561.9513389067724
488748.20018514839467 4922554.8209588984028
488766.61263870930998 4922548.0826762532815
488773.89422988833394 4922552.4942506151274
3 7
488782.70547202415764 4922571.2002989128232
488782.70547202415764 4922571.2002989128232
488771.61901396891335 4922568.6236368520185
