1
13 1
488779.14908864727477 4922568.060696513392
488776.12756232160609 4922567.158863414079
488774.47185417462606 4922564.7451995834708
488774.51610502495896 4922561.4088573297486
488775.67410223401384 4922559.0359119186178
488778.42535435309401 4922557.0015607522801
488781.69076046644477 4922557.9261119989678
488784.06055652315263 4922559.8560866164044
488785.33762558782473 4922562.0816359687597
488785.47685253480449 4922565.0125261982903
488784.47837128996616 4922567.1236216453835
488782.25075336941518 4922567.9893745072186
488779.14908864727477 4922568.060696513392
