10
10 4
488650.15526597108692 4922349.6835882458836
488651.78476533555659 4922349.1262002913281
488653.03225486725569 4922349.0904978383332
488653.95262803824153 4922349.8329249825329
488654.5970002389513 4922350.8566771522164
488654.92881634098012 4922351.9062419133261
488654.62209660001099 4922353.1325800213963
488654.01927543000784 4922354.1992890266702
488653.03326443728292 4922354.7148745721206
488651.86013472639024 4922355.2092712335289
4 4
488648.01095490640728 4922350.3057092558593
488650.15526597108692 4922349.6835882458836
488651.86013472639024 4922355.2092712335289
488650.92556560412049 4922355.797125082463
6 4
488643.9476699855295 4922351.7089776853099
488645.77647972339764 4922350.5388699742034
488648.01095490640728 4922350.3057092558593
488650.92556560412049 4922355.797125082463
488649.96999626071192 4922356.5750882700086
488642.27777625148883 4922353.0272305523977
6 4
488641.09257435257314 4922356.8947689142078
488640.99096021085279 4922354.9046918768436
488642.27777625148883 4922353.0272305523977
488649.96999626071192 4922356.5750882700086
488649.53193723934237 4922357.7995740026236
488641.55019289971096 4922358.5499654114246
4 4
488641.55019289971096 4922358.5499654114246
488649.53193723934237 4922357.7995740026236
488649.49537938728463 4922359.3943104036152
488640.82477081590332 4922360.4438180522993
5 4
488640.82477081590332 4922360.4438180522993
488649.49537938728463 4922359.3943104036152
488650.11937029182445 4922360.043513298966
488650.80796389566967 4922361.276534864679
488639.3325899502961 4922362.3102107942104
12 4
488639.97831192647573 4922369.6756513277069
488638.37768320314353 4922368.4345241198316
488637.88303792919032 4922366.5642936667427
488638.03972848993726 4922364.0739936958998
488639.3325899502961 4922362.3102107942104
488650.80796389566967 4922361.276534864679
488651.53427937423112 4922362.1960541037843
488651.90873969392851 4922363.5265030357987
488651.73731412028428 4922364.6678606271744
488651.05584432015894 4922365.8833634387702
488649.57447340950603 4922366.8829744504765
488647.74397633777699 4922367.5222201393917
5 4
488644.58272269455483 4922369.1910963356495
488643.2055728706182 4922369.8480546865612
488641.73030443460448 4922370.2318233838305
488639.97831192647573 4922369.6756513277069
488645.98812478309264 4922368.2769442414865
3 4
488647.74397633777699 4922367.5222201393917
488645.98812478309264 4922368.2769442414865
488639.97831192647573 4922369.6756513277069
3 4
488649.57447340950603 4922366.8829744504765
488649.57447340950603 4922366.8829744504765
488647.74397633777699 4922367.5222201393917
