8
9 4
488707.41886926768348 4922337.0008203824982
488708.6245754059637 4922338.2921741949394
488709.26734492368996 4922339.54136032518
488709.01886948716128 4922340.8045191857964
488707.96242426271783 4922342.0101787745953
488706.61910933919717 4922342.6342341331765
488705.46932795428438 4922342.7903749421239
488703.7911947677494 4922342.3431702405214
488705.3611221697065 4922335.1758092613891
6 4
488703.46160302747739 4922334.5536365341395
488705.3611221697065 4922335.1758092613891
488703.7911947677494 4922342.3431702405214
488702.10583557997597 4922341.9762013349682
488701.0940557619324 4922341.3428736859933
488700.40691628615605 4922340.7322580832988
7 4
488700.41298102459405 4922332.0450855437666
488702.39722883445211 4922333.6005799286067
488703.46160302747739 4922334.5536365341395
488700.40691628615605 4922340.7322580832988
488699.40287788753631 4922340.0201197536662
488698.25683131924598 4922339.0590528976172
488698.56909951171838 4922330.7102408455685
3 4
488698.56909951171838 4922330.7102408455685
488698.25683131924598 4922339.0590528976172
488697.68578696949407 4922339.1013345364481
7 4
488698.56909951171838 4922330.7102408455685
488697.68578696949407 4922339.1013345364481
488696.04775018471992 4922339.3132023504004
488694.61467489844654 4922338.9764223853126
488693.8034928040579 4922337.9608779968694
488693.56374914158368 4922336.9059156971052
488693.74654881021706 4922335.6433921903372
4 4
488698.56909951171838 4922330.7102408455685
488693.74654881021706 4922335.6433921903372
488693.37980887811864 4922334.1884744465351
488695.11953133385396 4922329.2666113777086
6 4
488695.11953133385396 4922329.2666113777086
488693.37980887811864 4922334.1884744465351
488692.99461798073025 4922332.9734129542485
488692.61806648346828 4922331.5945613849908
488692.93680607475108 4922330.4876034436747
488693.72630755905993 4922329.5740847811103
3 4
488695.11953133385396 4922329.2666113777086
488695.11953133385396 4922329.2666113777086
488693.72630755905993 4922329.5740847811103
