4
9 5
488958.43653326306958 4922615.4796053702012
488952.63700318947667 4922615.4333647079766
488949.29796977923252 4922615.3808176955208
488946.26235234498745 4922613.6303536165506
488944.49786547181429 4922611.2664633067325
488945.0668920018361 4922608.356147765182
488951.15135133976582 4922605.0981472777203
488956.58356225991156 4922603.5420363200828
488960.93844216584694 4922604.3622664716095
8 5
488969.86320489336504 4922605.3186330357566
488973.49055013828911 4922605.9019664591178
488975.39850142534124 4922608.1181994639337
488975.55928298644722 4922610.2120269592851
488974.19468990090536 4922611.8613536776975
488971.25572184030898 4922613.5850246492773
488965.56250798219116 4922614.4129240652546
488966.18391999456799 4922605.0717574479058
5 5
488960.93844216584694 4922604.3622664716095
488966.18391999456799 4922605.0717574479058
488965.56250798219116 4922614.4129240652546
488962.62961919384543 4922615.7611303366721
488958.43653326306958 4922615.4796053702012
3 5
488945.0668920018361 4922608.356147765182
488945.0668920018361 4922608.356147765182
488951.15135133976582 4922605.0981472777203
