16
8 5
489152.37028138141613 4922557.8707173224539
489160.94932633574354 4922558.6224637553096
489166.51866601873189 4922559.696907277219
489168.03117136715446 4922564.7522348510101
489166.20843710523332 4922571.0862098326907
489161.54534654528834 4922575.0245413091034
489154.23891909315716 4922578.6157160289586
489144.72720778750954 4922559.8836092837155
5 5
489144.72720778750954 4922559.8836092837155
489154.23891909315716 4922578.6157160289586
489147.34411917161196 4922582.4065469782799
489130.45962577906903 4922583.1111192749813
489137.12544318131404 4922559.8323934841901
4 5
489129.65816616825759 4922558.7363023776561
489137.12544318131404 4922559.8323934841901
489130.45962577906903 4922583.1111192749813
489113.09561345766997 4922585.670494322665
8 5
489104.68300548882689 4922561.2076624091715
489109.7569531526533 4922557.9475994296372
489114.22440269071376 4922555.3546710629016
489118.83526208886178 4922555.687418544665
489125.76622003741795 4922556.5473891599104
489129.65816616825759 4922558.7363023776561
489113.09561345766997 4922585.670494322665
489097.62941854487872 4922588.205411481671
3 5
489098.10671775107039 4922564.1757619334385
489104.68300548882689 4922561.2076624091715
489097.62941854487872 4922588.205411481671
5 5
489086.48728778673103 4922570.7294125435874
489093.69091255753301 4922565.9187352657318
489098.10671775107039 4922564.1757619334385
489097.62941854487872 4922588.205411481671
489087.52006199897733 4922590.8223713058978
6 5
489069.48119090322871 4922581.2982967896387
489073.95454610331217 4922577.0961244283244
489086.48728778673103 4922570.7294125435874
489087.52006199897733 4922590.8223713058978
489067.64191719697556 4922594.952191519551
489066.04869809903903 4922585.4151114709675
4 5
489062.27362352295313 4922586.7431134060025
489066.04869809903903 4922585.4151114709675
489067.64191719697556 4922594.952191519551
489055.29669426620239 4922598.0349411992356
3 5
489057.39002874057041 4922586.0822059614584
489062.27362352295313 4922586.7431134060025
489055.29669426620239 4922598.0349411992356
7 5
489041.49093922157772 4922584.1192505238578
489048.09926315618213 4922582.9969995329157
489053.6462980111246 4922584.2542587779462
489057.39002874057041 4922586.0822059614584
489055.29669426620239 4922598.0349411992356
489043.64999044180149 4922601.7288509812206
489035.72669401782332 4922588.2799116643146
5 5
489028.6988188016694 4922590.5928330747411
489035.72669401782332 4922588.2799116643146
489043.64999044180149 4922601.7288509812206
489038.02372745535104 4922604.3111011311412
489022.79215600533644 4922605.7200445299968
3 5
489022.67167916381732 4922590.8802445391193
489028.6988188016694 4922590.5928330747411
489022.79215600533644 4922605.7200445299968
6 5
489008.54022885934683 4922592.1533865276724
489017.07861029013293 4922590.6537166684866
489022.67167916381732 4922590.8802445391193
489022.79215600533644 4922605.7200445299968
489011.78601492446614 4922607.3963952511549
489004.82358832890168 4922594.7043994804844
6 5
489000.44311906996882 4922596.5122692920268
489004.82358832890168 4922594.7043994804844
489011.78601492446614 4922607.3963952511549
489004.99316314799944 4922608.8542880518362
488996.8389647246222 4922609.3526248615235
488992.37464466993697 4922600.6936447964981
7 5
488983.97038523387164 4922604.8462844872847
488992.37464466993697 4922600.6936447964981
488996.8389647246222 4922609.3526248615235
488993.49486732913647 4922610.1411851523444
488989.28226695588091 4922609.5161035293713
488986.29594546725275 4922608.8045226875693
488984.55746678536525 4922607.8288053888828
3 5
488983.97038523387164 4922604.8462844872847
488983.97038523387164 4922604.8462844872847
488984.55746678536525 4922607.8288053888828
