1
12 1
488943.34780197800137 4922597.1552067808807
488944.21710636030184 4922593.9538055825979
488945.97554154181853 4922592.5246345316991
488948.52032083808444 4922592.4919415898621
488950.41779658017913 4922593.0419285781682
488951.75018343474949 4922594.0107173221186
488952.18082087836228 4922595.6280308496207
488951.77324134187074 4922597.6122422162443
488949.76465831813402 4922599.1085507366806
488946.70972855540458 4922599.6954266689718
488944.6319761442137 4922598.9390367688611
488943.34780197800137 4922597.1552067808807
