24
6 5
489187.9288860274246 4922480.387923611328
489187.09267690917477 4922483.627199661918
489185.45111085427925 4922485.0559494914487
489183.89354737091344 4922484.4419709313661
489183.19052355771419 4922483.1508963378146
489182.8582197597716 4922480.9317399961874
7 5
489189.59098014095798 4922475.6578354192898
489188.90547912381589 4922477.8099432038143
489187.9288860274246 4922480.387923611328
489182.8582197597716 4922480.9317399961874
489181.03362085047411 4922480.0045013604686
489184.86743826721795 4922474.9678175989538
489186.87911323824665 4922474.2963613942266
8 5
489174.62710535951192 4922467.9505687858909
489175.40507817582693 4922466.5163011923432
489177.12217187474016 4922465.3744804831222
489179.43430957483361 4922465.0979398889467
489180.57914445921779 4922466.4484237767756
489181.22355029458413 4922468.2151854606345
489180.36302780045662 4922470.0718576991931
489173.96817136887694 4922469.7644385704771
6 5
489142.52239787095459 4922484.5468328557909
489140.33389807218919 4922484.9795513255522
489139.14476653712336 4922483.7808657763526
489138.75417317962274 4922481.3797831535339
489139.9377683532075 4922479.2441288959235
489142.94081678497605 4922476.6296754768118
5 5
489144.04209463251755 4922485.2514029042795
489142.52239787095459 4922484.5468328557909
489142.94081678497605 4922476.6296754768118
489146.03073755238438 4922475.2063379539177
489147.79985434020637 4922475.70561130438
8 5
489189.09852878807578 4922461.3459734488279
489192.00953322066925 4922459.782247280702
489194.57426026428584 4922459.2514137420803
489196.30199677136261 4922460.9040727419779
489197.77376575337257 4922463.5570177230984
489190.82602007937385 4922463.8684276528656
489189.77091064705746 4922462.7429423127323
489189.25378799077589 4922462.0309864608571
6 5
489172.34170648700092 4922470.6903643766418
489173.96817136887694 4922469.7644385704771
489180.36302780045662 4922470.0718576991931
489180.64820401283214 4922472.0619077589363
489181.03362085047411 4922480.0045013604686
489178.57891442597611 4922481.4602940436453
7 5
489146.97045317105949 4922487.3772419178858
489144.9162248520297 4922486.7220514891669
489144.04209463251755 4922485.2514029042795
489147.79985434020637 4922475.70561130438
489149.42844278743723 4922474.9237540671602
489153.27241085609421 4922474.9617167618126
489155.44971850852016 4922476.15138167236
4 5
489148.09327109146398 4922488.5538163390011
489146.97045317105949 4922487.3772419178858
489155.44971850852016 4922476.15138167236
489157.2273843945004 4922476.4933791235089
7 5
489152.57801699242555 4922494.1626567132771
489151.00111665821169 4922493.3232616698369
489149.30341354740085 4922491.97383722011
489148.40159711160231 4922489.6820339215919
489148.09327109146398 4922488.5538163390011
489157.2273843945004 4922476.4933791235089
489154.30038151331246 4922493.9750048695132
3 5
489149.30341354740085 4922491.97383722011
489148.31465048203245 4922491.0449469555169
489148.40159711160231 4922489.6820339215919
4 5
489156.60644264734583 4922493.8983683222905
489154.30038151331246 4922493.9750048695132
489157.2273843945004 4922476.4933791235089
489158.51352169387974 4922493.1339507913217
7 5
489166.58562257827725 4922488.0234255399555
489165.38554822065635 4922490.210343265906
489163.0812339320546 4922491.3775918493047
489160.70843849389348 4922492.4682258674875
489158.51352169387974 4922493.1339507913217
489157.2273843945004 4922476.4933791235089
489159.49321033427259 4922474.1163369985297
4 5
489169.2900018740911 4922486.4365777503699
489166.58562257827725 4922488.0234255399555
489159.49321033427259 4922474.1163369985297
489163.09779055626132 4922471.9046497549862
7 5
489174.06395979510853 4922484.7660992993042
489172.07892265490955 4922485.6638887496665
489169.2900018740911 4922486.4365777503699
489163.09779055626132 4922471.9046497549862
489164.79023452702677 4922470.2306710593402
489168.49623348377645 4922469.5230987668037
489169.86698499158956 4922470.0682591339573
5 5
489176.73669672763208 4922483.4709839867428
489174.06395979510853 4922484.7660992993042
489169.86698499158956 4922470.0682591339573
489172.34170648700092 4922470.6903643766418
489178.57891442597611 4922481.4602940436453
3 5
489181.03362085047411 4922480.0045013604686
489180.64820401283214 4922472.0619077589363
489181.84192609379534 4922473.5053116083145
3 5
489181.03362085047411 4922480.0045013604686
489181.84192609379534 4922473.5053116083145
489182.94987963780295 4922474.3200520537794
3 5
489181.03362085047411 4922480.0045013604686
489182.94987963780295 4922474.3200520537794
489184.86743826721795 4922474.9678175989538
4 5
489189.59098014095798 4922475.6578354192898
489186.87911323824665 4922474.2963613942266
489188.34066923044156 4922472.2643523840234
489190.35064532142133 4922474.2421766277403
7 5
489193.79926006670576 4922472.6500056255609
489192.03696133935591 4922473.5517210932449
489190.35064532142133 4922474.2421766277403
489188.34066923044156 4922472.2643523840234
489188.95317403663648 4922469.9520460246131
489190.0871916837641 4922469.2979772370309
489196.50296922452981 4922470.0700514381751
5 5
489197.16059847362339 4922467.4854209907353
489196.50296922452981 4922470.0700514381751
489190.0871916837641 4922469.2979772370309
489191.15809513849672 4922467.0877674566582
489197.77376575337257 4922463.5570177230984
3 5
489197.77376575337257 4922463.5570177230984
489191.15809513849672 4922467.0877674566582
489190.82602007937385 4922463.8684276528656
3 5
489189.09852878807578 4922461.3459734488279
489189.09852878807578 4922461.3459734488279
489189.25378799077589 4922462.0309864608571
