11
7 5
489130.96716269117314 4922484.1245722137392
489133.18134876352269 4922483.3909334987402
489135.15055616316386 4922483.911118991673
489135.98193978093332 4922485.6208025589585
489135.02640114934184 4922487.205360067077
489131.94461968023097 4922489.3799752732739
489129.87801879871404 4922486.5953312572092
4 5
489127.86988127802033 4922489.4426381066442
489129.87801879871404 4922486.5953312572092
489131.94461968023097 4922489.3799752732739
489130.52793799666688 4922490.4678506441414
5 5
489125.75095937727019 4922489.9571753107011
489127.86988127802033 4922489.4426381066442
489130.52793799666688 4922490.4678506441414
489130.20292156690266 4922492.6132113775238
489129.2417257524794 4922494.4088348662481
7 5
489101.65101534890709 4922507.1286370381713
489099.09776499384316 4922505.6750048529357
489096.76039546704851 4922502.9433313738555
489097.46386786270887 4922500.1005556769669
489099.83385380072286 4922497.6648335792124
489102.94027640786953 4922498.1170911667868
489103.98510286363307 4922507.2159148249775
4 5
489103.98510286363307 4922507.2159148249775
489102.94027640786953 4922498.1170911667868
489104.48835352214519 4922497.850848085247
489107.78094920690637 4922507.8513491852209
3 5
489107.78094920690637 4922507.8513491852209
489104.48835352214519 4922497.850848085247
489105.76758139755111 4922497.0328943645582
13 5
489127.16146849945653 4922501.0977591043338
489122.86396287137177 4922505.3865237832069
489120.4620500789606 4922506.998432321474
489115.29201857774751 4922510.2187657374889
489112.24798443220789 4922510.2444259272888
489110.08211505139479 4922510.250723711215
489108.66102683183271 4922509.1839253026992
489107.78094920690637 4922507.8513491852209
489105.76758139755111 4922497.0328943645582
489109.05662792525254 4922494.6283520841971
489120.89213158533676 4922488.0300950193778
489123.80952337605413 4922489.485603807494
489128.87353006907506 4922497.1378969205543
4 5
489125.75095937727019 4922489.9571753107011
489129.2417257524794 4922494.4088348662481
489128.87353006907506 4922497.1378969205543
489123.80952337605413 4922489.485603807494
4 5
489120.89213158533676 4922488.0300950193778
489109.05662792525254 4922494.6283520841971
489111.94841973687289 4922492.2139802668244
489116.14379057765473 4922489.8162112589926
3 5
489120.89213158533676 4922488.0300950193778
489116.14379057765473 4922489.8162112589926
489118.40273522492498 4922488.4990473659709
3 5
489120.89213158533676 4922488.0300950193778
489120.89213158533676 4922488.0300950193778
489118.40273522492498 4922488.4990473659709
