28 7
37.806908669881522655 357.17132113105617464
37.400254284963011742 362.15102927479892969
41.676609818823635578 366.8255663001909852
45.078125333413481712 372.79953822284005582
46.481742274947464466 378.44529418926686049
45.429908143356442451 385.79539986606687307
42.707148123532533646 392.84029491688124835
39.288140201941132545 399.48384054307825863
36.871981141157448292 406.04226966924034059
36.001412291079759598 411.63890624768100679
38.423519393429160118 422.19598035770468414
40.32836349681019783 430.43632854730822146
41.871708331629633904 437.96751698898151517
38.721091273240745068 439.26425763429142535
36.57459294144064188 427.61729042837396264
34.507968241348862648 418.48887110059149563
33.369425331242382526 411.15241462993435562
34.322833966463804245 403.75155564583837986
36.772102922201156616 398.63266584160737693
40.115170586854219437 392.14483682229183614
42.67976724449545145 385.83066490630153567
43.766020821407437325 378.13909709604922682
41.600291045382618904 370.8642087560147047
38.072302701883018017 367.09386338572949171
35.664237736724317074 364.76432345644570887
34.258784699253737926 359.46937224757857621
34.558487324975430965 357.25295356498099864
37.806908669881522655 357.17132113105617464
