11
5 7
489235.581865 4922524.035499
489242.496291 4922520.675227
489244.532850 4922523.406591
489233.780203 4922528.370448
489228.069888 4922527.921625
5 7
489218.441438 4922532.882609
489228.069888 4922527.921625
489233.780203 4922528.370448
489225.447878 4922532.633235
489218.621876 4922535.553091
4 7
489212.803535 4922533.425088
489218.441438 4922532.882609
489218.621876 4922535.553091
489211.215432 4922536.462102
5 7
489205.851052 4922532.708293
489212.803535 4922533.425088
489211.215432 4922536.462102
489205.649452 4922535.356745
489198.535833 4922533.724428
5 7
489198.567762 4922531.040962
489205.851052 4922532.708293
489198.535833 4922533.724428
489191.783241 4922532.803331
489191.068039 4922530.147582
5 7
489183.686394 4922530.948664
489191.068039 4922530.147582
489191.783241 4922532.803331
489184.062247 4922533.655625
489178.564074 4922533.706659
4 7
489178.564074 4922533.706659
489184.062247 4922533.655625
489177.550263 4922537.555428
489173.618513 4922538.481602
4 7
489173.618513 4922538.481602
489177.550263 4922537.555428
489174.771012 4922541.907205
489170.148556 4922543.782348
4 7
489170.148556 4922543.782348
489174.771012 4922541.907205
489173.110356 4922544.817146
489168.328368 4922547.490047
4 7
489165.223249 4922544.621518
489170.148556 4922543.782348
489168.328368 4922547.490047
489166.106767 4922547.748545
3 7
489165.223249 4922544.621518
489165.223249 4922544.621518
489166.106767 4922547.748545
