46
-93.14064362566413 44.45655759789459
-93.14064940863078 44.45653764759943
-93.14054803384279 44.45651621762778
-93.14038428241456 44.45649141216717
-93.14016765301676 44.45646150501647
-93.14004350374596 44.45644957344459
-93.13994390632354 44.45646005773242
-93.13983189443503 44.45648211918063
-93.13972781340838 44.45651618034717
-93.13959203064218 44.45655641561503
-93.13949923483236 44.45658727976632
-93.13937530336376 44.45661583121782
-93.13927587719041 44.45661789113464
-93.13916152191368 44.45663284634993
-93.13903247788497 44.45663578694014
-93.13894733255064 44.45663467762716
-93.1388658083853 44.45662385368073
-93.13879375051791 44.45662712881677
-93.13870892125846 44.45664531609039
-93.1386579159458 44.45663867451435
-93.13859641945692 44.45662420499325
-93.13854451131135 44.45660999656529
-93.1385100753352 44.45659952395159
-93.13849071392045 44.45661301004318
-93.13857192087707 44.45663842385818
-93.1386206974704 44.45665541610278
-93.1386953727318 44.45666333204795
-93.13877788717379 44.45665017216393
-93.13883741575468 44.45664098273595
-93.13890131724773 44.45665348850403
-93.13899177767098 44.45666068573241
-93.13909520823788 44.45665851084382
-93.13918785137889 44.45665517994741
-93.13930996646108 44.45664526016899
-93.13940603363015 44.45663214472188
-93.13953106665166 44.45660042361373
-93.13967896102159 44.45655389259446
-93.13979724504732 44.45652090389247
-93.1398999670747 44.45649712995645
-93.13997694637605 44.45648226243998
-93.14007307554984 44.45647987276315
-93.14020466590573 44.45649320498391
-93.1403592239123 44.45651978721978
-93.14048412730351 44.45653884210105
-93.14057983142922 44.45655044857352
-93.14064362566413 44.45655759789459
