19
4 7
32.020145 165.121147
30.189268 166.245647
29.042397 159.289188
31.566560 162.179557
4 7
31.052703 157.788572
31.566560 162.179557
29.042397 159.289188
28.167536 155.063620
4 7
30.698382 152.651076
31.052703 157.788572
28.167536 155.063620
28.776710 149.088955
3 7
30.981524 148.536471
30.698382 152.651076
28.776710 149.088955
4 7
30.981524 148.536471
28.776710 149.088955
31.808394 143.085673
34.599777 142.492054
4 7
34.599777 142.492054
31.808394 143.085673
33.962758 138.746387
36.362589 137.025004
5 7
36.792693 130.442742
36.362589 137.025004
33.962758 138.746387
33.866913 133.477096
34.862364 126.304839
4 7
38.339572 123.846685
36.792693 130.442742
34.862364 126.304839
37.120671 118.388506
4 7
41.181571 113.976157
38.339572 123.846685
37.120671 118.388506
39.292319 111.335598
6 7
47.197176 97.955888
45.029638 105.566588
41.181571 113.976157
39.292319 111.335598
42.750107 102.190070
46.042187 95.140466
4 7
52.696449 89.179355
47.197176 97.955888
46.042187 95.140466
51.904271 86.365596
5 7
57.835391 82.866948
52.696449 89.179355
51.904271 86.365596
59.808224 76.232466
64.824494 73.495743
4 7
64.824494 73.495743
59.808224 76.232466
65.674682 68.012630
70.528470 66.400430
4 7
70.528470 66.400430
65.674682 68.012630
70.244491 60.741036
75.095701 58.365673
4 7
75.095701 58.365673
70.244491 60.741036
73.351624 55.211177
78.173535 50.971903
4 7
78.173535 50.971903
73.351624 55.211177
75.490085 47.863690
79.318436 41.072415
4 7
79.318436 41.072415
75.490085 47.863690
76.629797 37.352136
80.337738 23.550400
8 7
80.548037 1.842551
80.871504 10.245344
80.337738 23.550400
76.629797 37.352136
76.792392 24.707466
77.185083 14.555211
77.808294 6.858096
78.286937 1.743417
3 7
78.286937 1.743417
78.286937 1.743417
80.548037 1.842551
