19
4 7
488980.587880 4922597.786700
488982.130748 4922599.282083
488975.674969 4922602.115906
488977.850236 4922598.954602
4 7
488973.723266 4922600.539823
488977.850236 4922598.954602
488975.674969 4922602.115906
488971.797662 4922604.009923
4 7
488968.833531 4922602.155340
488973.723266 4922600.539823
488971.797662 4922604.009923
488965.858236 4922604.899270
3 7
488964.776968 4922602.899944
488968.833531 4922602.155340
488965.858236 4922604.899270
4 7
488964.776968 4922602.899944
488965.858236 4922604.899270
488959.291182 4922603.448646
488958.024805 4922600.891207
4 7
488958.024805 4922600.891207
488959.291182 4922603.448646
488954.553553 4922602.435950
488952.291499 4922600.537145
5 7
488945.807746 4922601.750446
488952.291499 4922600.537145
488954.553553 4922602.435950
488949.472120 4922603.833679
488942.276747 4922604.645347
4 7
488939.034073 4922601.885173
488945.807746 4922601.750446
488942.276747 4922604.645347
488934.047744 4922604.417753
4 7
488928.767199 4922601.575998
488939.034073 4922601.885173
488934.047744 4922604.417753
488926.676734 4922604.060304
6 7
488911.756229 4922599.714967
488919.666641 4922599.930304
488928.767199 4922601.575998
488926.676734 4922604.060304
488916.959787 4922602.974984
488909.314517 4922601.531183
4 7
488901.891238 4922596.560370
488911.756229 4922599.714967
488909.314517 4922601.531183
488899.361291 4922598.024664
5 7
488894.502853 4922593.144674
488901.891238 4922596.560370
488899.361291 4922598.024664
488887.586470 4922592.876230
488883.692775 4922588.693915
4 7
488883.692775 4922588.693915
488887.586470 4922592.876230
488878.169908 4922589.228027
488875.405947 4922584.924660
4 7
488875.405947 4922584.924660
488878.169908 4922589.228027
488869.993149 4922586.601267
488866.490435 4922582.489385
4 7
488866.490435 4922582.489385
488869.993149 4922586.601267
488863.866089 4922584.960308
488858.564774 4922581.338384
4 7
488858.564774 4922581.338384
488863.866089 4922584.960308
488856.217894 4922584.707961
488848.690106 4922582.680619
4 7
488848.690106 4922582.680619
488856.217894 4922584.707961
488845.751508 4922586.206793
488831.461434 4922586.032159
8 7
488810.377642 4922591.204069
488818.438611 4922588.809837
488831.461434 4922586.032159
488845.751508 4922586.206793
488833.460418 4922589.180546
488823.527130 4922591.314156
488815.915428 4922592.616444
488810.841526 4922593.419291
3 7
488810.841526 4922593.419291
488810.841526 4922593.419291
488810.377642 4922591.204069
