46 7
78.286937223747372627 1.7434168518520891666
80.548036723397672176 1.842551338137127459
80.871504310518503189 10.245344198658131063
80.337737587280571461 23.550399977713823318
79.318436449393630028 41.072414838708937168
78.173535487614572048 50.971903003286570311
75.09570095781236887 58.365672792308032513
70.52846976462751627 66.400430319481529295
64.824494277127087116 73.49574257479980588
57.835391008295118809 82.866947726812213659
52.696449241600930691 89.179355350555852056
47.197175988927483559 97.955887696938589215
45.029638108797371387 105.56658791471272707
41.181571103632450104 113.97615659842267632
38.339571545831859112 123.84668478998355567
36.792693089693784714 130.44274183234665543
36.362588568590581417 137.02500360482372344
34.599777337163686752 142.49205445940606296
30.981524200178682804 148.53647101088427007
30.698381658643484116 152.65107599180191755
31.052703001536428928 157.78857171977870166
31.566559898667037487 162.17955687060020864
32.020144745707511902 165.12114747043233365
30.189267987385392189 166.24564744625240564
29.042397205717861652 159.28918813855852932
28.167536386288702488 155.06361984484829009
28.776709540747106075 149.08895510178990662
31.808394049294292927 143.08567282790318131
33.962757966481149197 138.74638732173480093
33.866912682540714741 133.4770963293267414
34.862363861873745918 126.30483893980272114
37.120671386830508709 118.38850566477049142
39.292319249361753464 111.33559814048931003
42.750106794759631157 102.19006987486500293
46.042186859995126724 95.140466258162632585
51.904270884580910206 86.365596000337973237
59.808223788626492023 76.232466309447772801
65.674681752920150757 68.01263015135191381
70.244491406716406345 60.741035543731413782
73.351623902097344398 55.211176705081015825
75.490084695629775524 47.863690405385568738
76.629796533845365047 37.352135703666135669
76.79239171277731657 24.707466119201853871
77.185083066113293171 14.555210598278790712
77.808293567039072514 6.8580956740770488977
78.286937223747372627 1.7434168518520891666
