28
-93.13618816878545 44.4561236812324
-93.13612624255293 44.4561162001847
-93.13608251608626 44.45606853079557
-93.13602025310168 44.45602561716415
-93.1359558105613 44.45600086424996
-93.13586301041165 44.45599376269416
-93.1357687614495 44.45600191767449
-93.13567724903405 44.45601703703999
-93.13558987484916 44.45602359395368
-93.13551899802299 44.45601879424607
-93.13539787017282 44.45597427521189
-93.13530336779013 44.45593940123027
-93.13521638733825 44.45590925241398
-93.13519084562232 44.45593387254079
-93.13532610385775 44.4559784009199
-93.1354309254987 44.45601665364237
-93.13551678561976 44.45604283864934
-93.13560989976207 44.45605091176837
-93.13567983825466 44.45604087741751
-93.13576921874633 44.45602607580607
-93.13585407612676 44.45601768246801
-93.13595114283901 44.45602523999591
-93.13603307662008 44.45606025153848
-93.13606810137485 44.45609938794905
-93.13608903584388 44.45612556058276
-93.13614919897913 44.45614955244632
-93.13617712882852 44.45615184635932
-93.13618816878545 44.4561236812324
