11
5 7
40.328363 430.436329
41.871708 437.967517
38.721091 439.264258
36.574593 427.617290
38.423519 422.195980
5 7
36.001412 411.638906
38.423519 422.195980
36.574593 427.617290
34.507968 418.488871
33.369425 411.152415
4 7
36.871981 406.042270
36.001412 411.638906
33.369425 411.152415
34.322834 403.751556
5 7
39.288140 399.483841
36.871981 406.042270
34.322834 403.751556
36.772103 398.632666
40.115171 392.144837
5 7
42.707148 392.840295
39.288140 399.483841
40.115171 392.144837
42.679767 385.830665
45.429908 385.795400
5 7
46.481742 378.445294
45.429908 385.795400
42.679767 385.830665
43.766021 378.139097
45.078125 372.799538
4 7
45.078125 372.799538
43.766021 378.139097
41.600291 370.864209
41.676610 366.825566
4 7
41.676610 366.825566
41.600291 370.864209
38.072303 367.093863
37.400254 362.151029
4 7
37.400254 362.151029
38.072303 367.093863
35.664238 364.764323
34.258785 359.469372
4 7
37.806909 357.171321
37.400254 362.151029
34.258785 359.469372
34.558487 357.252954
3 7
37.806909 357.171321
37.806909 357.171321
34.558487 357.252954
