51 2
54.594369166530668736 139.7962941462174058
61.192360520362854004 144.38744135433807969
63.883503526449203491 151.68507671554107219
64.323946789838373661 170.82698779297061265
66.094025442376732826 187.9072061397600919
66.753164557740092278 202.82738520565908402
64.450711440294981003 212.36748700262978673
62.149810416623950005 222.23590346914716065
61.570692189037799835 228.77899838774465024
59.55986842792481184 234.99043693882413208
62.30941002257168293 244.72584382258355618
64.367934173904359341 256.9662456955993548
65.734494492411613464 269.55907618976198137
65.975072313100099564 278.90503019886091352
64.29227081872522831 283.60119092185050249
69.78329485934227705 308.57731443201191723
72.500343224033713341 318.88301857118494809
72.05905658844858408 332.44622490310575813
72.567360146902501583 341.37449874531012028
73.745793829672038555 347.78943830099888146
74.997774588875472546 358.12175359739921987
72.368546021170914173 369.18806273106019944
72.879814643412828445 376.25334226025734097
73.84695321973413229 388.99227881827391684
75.943664489313960075 401.9991564016090706
72.582391571253538132 400.35839496203698218
67.697602738626301289 398.84492220031097531
62.766808217391371727 399.28105016076005995
57.648612154647707939 401.82525014481507242
60.815467316657304764 390.84361461049411446
60.976927708834409714 383.48102330043911934
57.244455604813992977 376.50988736259751022
57.483649560250341892 371.19072091509588063
56.659381944686174393 366.24599262070842087
53.28888698760420084 358.85452055104542524
45.610741883516311646 347.56378393643535674
42.298849522136151791 341.55142680346034467
41.15913678053766489 336.92054439964704216
43.193324451334774494 331.53020240552723408
43.972664038650691509 319.40404804842546582
43.892786324024200439 299.3868659739382565
42.059500399045646191 280.42570309480652213
41.1794092683121562 263.16583949699997902
39.253672229126095772 244.0493187322281301
38.373186330311000347 225.16970099986065179
37.299485664814710617 207.7803614652948454
37.270080571062862873 187.10764411371201277
40.569088229909539223 171.41343908861745149
45.152316000312566757 152.92754087445791811
47.802397681400179863 143.27344619273208082
54.594369166530668736 139.7962941462174058
