18
3 2
62.766808 399.281050
57.648612 401.825250
60.815467 390.843615
3 2
73.846953 388.992279
75.943664 401.999156
72.582392 400.358395
6 2
73.846953 388.992279
72.582392 400.358395
67.697603 398.844922
60.815467 390.843615
60.976928 383.481023
72.879815 376.253342
3 2
67.697603 398.844922
62.766808 399.281050
60.815467 390.843615
5 2
72.879815 376.253342
60.976928 383.481023
57.244456 376.509887
57.483650 371.190721
72.368546 369.188063
4 2
72.368546 369.188063
57.483650 371.190721
56.659382 366.245993
74.997775 358.121754
4 2
74.997775 358.121754
56.659382 366.245993
53.288887 358.854521
73.745794 347.789438
4 2
73.745794 347.789438
53.288887 358.854521
45.610742 347.563784
72.567360 341.374499
6 2
72.059057 332.446225
72.567360 341.374499
45.610742 347.563784
42.298850 341.551427
41.159137 336.920544
43.193324 331.530202
5 2
72.500343 318.883019
72.059057 332.446225
43.193324 331.530202
43.972664 319.404048
69.783295 308.577314
4 2
69.783295 308.577314
43.972664 319.404048
43.892786 299.386866
64.292271 283.601191
7 2
65.734494 269.559076
65.975072 278.905030
64.292271 283.601191
43.892786 299.386866
42.059500 280.425703
41.179409 263.165839
64.367934 256.966246
6 2
59.559868 234.990437
62.309410 244.725844
64.367934 256.966246
41.179409 263.165839
39.253672 244.049319
38.373186 225.169701
5 2
62.149810 222.235903
61.570692 228.778998
59.559868 234.990437
38.373186 225.169701
37.299486 207.780361
3 2
64.450711 212.367487
62.149810 222.235903
37.299486 207.780361
8 2
64.323947 170.826988
66.094025 187.907206
66.753165 202.827385
64.450711 212.367487
37.299486 207.780361
37.270081 187.107644
40.569088 171.413439
45.152316 152.927541
6 2
61.192361 144.387441
63.883504 151.685077
64.323947 170.826988
45.152316 152.927541
47.802398 143.273446
54.594369 139.796294
3 2
54.594369 139.796294
54.594369 139.796294
47.802398 143.273446
