51 2
488950.46161577216117 4922582.1869565127417
488953.27585806773277 4922574.6575366873294
488959.67976824723883 4922570.2430529175326
488978.11639596347231 4922565.0760897463188
488994.22628010227345 4922559.1314560109749
489008.51851307111792 4922554.7980642104521
489018.33164087025216 4922554.6663240920752
489028.46247295982903 4922554.4517774833366
489034.94518086221069 4922553.392547911033
489041.46110524208052 4922553.8025607792661
489050.21239599731052 4922548.7278158310801
489061.5617798473686 4922543.7022366682068
489073.42397081118543 4922539.2597944913432
489082.41925032867584 4922536.7123093726113
489087.38586293812841 4922537.1797551875934
489110.22427594295004 4922525.6747570550069
489119.5361474083038 4922520.490266777575
489132.78617902664701 4922517.5590619044378
489141.31048916932195 4922514.8556228168309
489147.2337991297245 4922512.125319801271
489156.93425730231684 4922508.3536747423932
489168.30697720049648 4922508.1605871468782
489175.02558549161768 4922505.9156209863722
489187.12824320601067 4922501.8239785414189
489199.21077280346071 4922496.5715942112729
489198.45349049911601 4922500.2344861347228
489198.19681056076661 4922505.341919654049
489199.84039978688816 4922510.0111333634704
489203.57280836300924 4922514.3398757567629
489192.14898869470926 4922513.9911139393225
489184.9757366507547 4922515.6579298768193
489179.14602764212759 4922521.0004552304745
489173.93330418918049 4922522.0859319213778
489169.34670829912648 4922524.1090219216421
489163.02011657465482 4922529.2049352610484
489153.98244275071193 4922539.4399290271103
489148.97749849385582 4922544.1375456880778
489144.77308889920823 4922546.3885359000415
489139.04690060642315 4922545.752553251572
489127.10544678225415 4922548.0003678025678
489107.73152091336669 4922553.0347451297566
489089.81493049405981 4922559.5064081894234
489073.31060300540412 4922564.6332616070285
489055.26638791844016 4922571.2329685082659
489037.19285456754733 4922576.7613148577511
489020.61102874507196 4922582.1078104348853
489000.58948669873644 4922587.2556217610836
488984.56715423328569 4922587.9458284433931
488965.52206155628664 4922588.0831401431933
488955.51240584417246 4922587.9063081052154
488950.46161577216117 4922582.1869565127417
