18
3 2
489199.840400 4922510.011133
489203.572808 4922514.339876
489192.148989 4922513.991114
3 2
489187.128243 4922501.823979
489199.210773 4922496.571594
489198.453490 4922500.234486
6 2
489187.128243 4922501.823979
489198.453490 4922500.234486
489198.196811 4922505.341920
489192.148989 4922513.991114
489184.975737 4922515.657930
489175.025585 4922505.915621
3 2
489198.196811 4922505.341920
489199.840400 4922510.011133
489192.148989 4922513.991114
5 2
489175.025585 4922505.915621
489184.975737 4922515.657930
489179.146028 4922521.000455
489173.933304 4922522.085932
489168.306977 4922508.160587
4 2
489168.306977 4922508.160587
489173.933304 4922522.085932
489169.346708 4922524.109022
489156.934257 4922508.353675
4 2
489156.934257 4922508.353675
489169.346708 4922524.109022
489163.020117 4922529.204935
489147.233799 4922512.125320
4 2
489147.233799 4922512.125320
489163.020117 4922529.204935
489153.982443 4922539.439929
489141.310489 4922514.855623
6 2
489132.786179 4922517.559062
489141.310489 4922514.855623
489153.982443 4922539.439929
489148.977498 4922544.137546
489144.773089 4922546.388536
489139.046901 4922545.752553
5 2
489119.536147 4922520.490267
489132.786179 4922517.559062
489139.046901 4922545.752553
489127.105447 4922548.000368
489110.224276 4922525.674757
4 2
489110.224276 4922525.674757
489127.105447 4922548.000368
489107.731521 4922553.034745
489087.385863 4922537.179755
7 2
489073.423971 4922539.259794
489082.419250 4922536.712309
489087.385863 4922537.179755
489107.731521 4922553.034745
489089.814930 4922559.506408
489073.310603 4922564.633262
489061.561780 4922543.702237
6 2
489041.461105 4922553.802561
489050.212396 4922548.727816
489061.561780 4922543.702237
489073.310603 4922564.633262
489055.266388 4922571.232969
489037.192855 4922576.761315
5 2
489028.462473 4922554.451777
489034.945181 4922553.392548
489041.461105 4922553.802561
489037.192855 4922576.761315
489020.611029 4922582.107810
3 2
489018.331641 4922554.666324
489028.462473 4922554.451777
489020.611029 4922582.107810
8 2
488978.116396 4922565.076090
488994.226280 4922559.131456
489008.518513 4922554.798064
489018.331641 4922554.666324
489020.611029 4922582.107810
489000.589487 4922587.255622
488984.567154 4922587.945828
488965.522062 4922588.083140
6 2
488953.275858 4922574.657537
488959.679768 4922570.243053
488978.116396 4922565.076090
488965.522062 4922588.083140
488955.512406 4922587.906308
488950.461616 4922582.186957
3 2
488950.461616 4922582.186957
488950.461616 4922582.186957
488955.512406 4922587.906308
