51
-93.13888841772022 44.45645862336007
-93.13885288325265 44.45639088080088
-93.13877229478481 44.45635123608373
-93.13854044462926 44.45630500046756
-93.13833782439009 44.45625172777949
-93.13815808572478 44.45621293272507
-93.13803473658866 44.45621189583117
-93.13790739231052 44.4562101181386
-93.13782588533263 44.45620068050147
-93.13774399196045 44.45620447054939
-93.13763388510321 44.45615891643074
-93.13749112271771 44.45611384414822
-93.1373419271313 44.45607402928102
-93.13722880730415 44.45605123077712
-93.13716638937078 44.45605551406725
-93.13687908019672 44.45595228168033
-93.13676192598214 44.45590574715035
-93.13659531874184 44.45587955750192
-93.13648811613368 44.45585534716661
-93.13641360617343 44.45583085583984
-93.13629159784139 44.45579704616963
-93.13614864513376 44.45579547833052
-93.13606414909059 44.45577536806323
-93.13591194012892 44.45573871309095
-93.13575996014447 44.45569160773017
-93.13576955514672 44.45572457256522
-93.13577288800887 44.45577054974507
-93.13575232641722 44.45581261012594
-93.13570550239086 44.45585163651743
-93.13584908621118 44.45584832600516
-93.13593928483311 44.45586322468064
-93.13601267271318 44.45591123493634
-93.13607821652688 44.45592092918434
-93.13613590988587 44.4559390738854
-93.13621553841605 44.45598485637621
-93.13632935162258 44.45607686406387
-93.13639235968968 44.45611908048645
-93.13644525422475 44.45613928249808
-93.13651721625837 44.4561334708939
-93.13666736165067 44.45615352793556
-93.136910988338 44.45619855959751
-93.13713632766019 44.45625655227509
-93.13734388754511 44.45630245885283
-93.13757083458535 44.45636160149031
-93.13779812791755 44.45641109802758
-93.13800666764435 44.45645897960907
-93.13825843930151 44.45650501977501
-93.13845984807311 44.45651098958351
-93.13869923995441 44.45651193532385
-93.13882505342509 44.45651019049552
-93.13888841772022 44.45645862336007
