35 3
66.649419660679996014 400.88299142010509968
69.623712982982397079 401.34442212455905974
72.617691182531416416 402.9009105022996664
75.077499318867921829 404.92870963679160923
76.181946683675050735 406.99213584430981427
76.297756013460457325 409.25483566196635365
75.878693492151796818 411.97676298324950039
75.012709739618003368 414.88176861638203263
74.41723182424902916 417.68131331168115139
73.630241548642516136 420.21003238554112613
73.481385686434805393 423.60272589838132262
73.711512000299990177 427.15517439658287913
74.026966149918735027 430.25984589313156903
73.715834823437035084 433.01848326274193823
71.798958361148834229 434.92166663752868772
68.364295295439660549 436.22859943856019527
64.461941932328045368 436.02723862160928547
61.965913322754204273 435.00279982306528836
59.181914881803095341 432.47407966433092952
58.354609109461307526 430.53499639313668013
57.889733083546161652 429.12295327032916248
58.136023175902664661 427.96483728988096118
58.443870265036821365 425.29838374920655042
58.398404640145599842 422.63750839978456497
58.266865106299519539 420.06672458257526159
57.963338139466941357 417.94086987222544849
57.051422374323010445 416.35968275845516473
56.672176066786050797 414.94485682528465986
56.524919680319726467 411.83079546573571861
56.476416586898267269 409.418496775906533
57.13135745283216238 406.8883272287202999
58.763087130151689053 404.40289108105935156
61.040472705848515034 402.60872321203351021
63.96730528213083744 401.42022439977154136
66.649419660679996014 400.88299142010509968
