7
11 3
489224.136019 4922492.504670
489227.065871 4922491.430211
489229.815632 4922491.048512
489232.134226 4922492.434386
489234.251000 4922495.438425
489235.022277 4922499.269096
489234.647854 4922501.941069
489232.887316 4922505.264558
489231.213501 4922506.546284
489229.960559 4922507.346354
489228.777524 4922507.394527
4 3
489224.136019 4922492.504670
489228.777524 4922507.394527
489226.117889 4922507.756580
489220.751206 4922493.607345
4 3
489220.751206 4922493.607345
489226.117889 4922507.756580
489223.551151 4922508.459560
489217.427323 4922494.303281
3 3
489217.427323 4922494.303281
489223.551151 4922508.459560
489221.093013 4922509.223622
5 3
489214.782478 4922494.167007
489217.427323 4922494.303281
489221.093013 4922509.223622
489219.108537 4922510.044135
489211.922669 4922494.283346
17 3
489200.908073 4922499.570666
489202.263573 4922496.685316
489203.989228 4922495.104289
489206.152773 4922494.431760
489208.893696 4922494.163721
489211.922669 4922494.283346
489219.108537 4922510.044135
489217.802423 4922511.319207
489216.525580 4922512.037004
489213.544978 4922512.950829
489211.219827 4922513.595195
489208.606277 4922513.587216
489205.794179 4922512.621795
489203.491930 4922510.859645
489201.615658 4922508.318290
489200.430969 4922505.852754
489200.141483 4922502.856834
3 3
489200.430969 4922505.852754
489200.430969 4922505.852754
489200.141483 4922502.856834
