35 3
489200.43096852692543 4922505.8527543544769
489200.14148305699928 4922502.8568342570215
489200.90807278163265 4922499.5706660142168
489202.26357341354014 4922496.6853162199259
489203.98922841867898 4922495.1042891815305
489206.1527732485556 4922494.4317596023902
489208.89369587867986 4922494.1637206589803
489211.92266854585614 4922494.2833457868546
489214.78247791412286 4922494.1670065177605
489217.42732254776638 4922494.3032809151337
489220.75120593456086 4922493.6073451638222
489224.13601854554145 4922492.5046702157706
489227.06587077543372 4922491.4302111268044
489229.81563232763438 4922491.0485119707882
489232.13422604551306 4922492.4343855232
489234.25100018142257 4922495.4384246338159
489235.02227680012584 4922499.2690956359729
489234.64785433665384 4922501.9410689687356
489232.88731627276866 4922505.2645579008386
489231.2135008815676 4922506.5462836166844
489229.96055902680382 4922507.3463537441567
489228.7775244578952 4922507.3945267954841
489226.11788878066 4922507.7565798014402
489223.55115072173066 4922508.4595595197752
489221.09301316482015 4922509.2236222364008
489219.10853688849602 4922510.0441347463056
489217.80242278962396 4922511.3192069055513
489216.52557974559022 4922512.0370035506785
489213.54497819114476 4922512.9508290085942
489211.21982655813918 4922513.5951949004084
489208.60627689992543 4922513.5872161565349
489205.79417863726849 4922512.621795034036
489203.49192965403199 4922510.8596449196339
489201.61565807368606 4922508.3182902978733
489200.43096852692543 4922505.8527543544769
