35
-93.13574481657088 44.45577518204665
-93.135748392753 44.4557482061628
-93.13573868862659 44.45571863301927
-93.13572159060402 44.45569267714438
-93.13569986716965 44.45567846930368
-93.13567265866806 44.45567244698442
-93.1356382013046 44.45567007481062
-93.13560013140207 44.45567119697275
-93.13556418286596 44.45567019226692
-93.13553094157086 44.45567145856479
-93.13548914783431 44.45566524278665
-93.135446579798 44.45565536612457
-93.13540973094356 44.45564573668793
-93.13537516014223 44.45564234131043
-93.13534604562331 44.45565485253985
-93.13531950148774 44.45568192871843
-93.13530988663227 44.45571642682854
-93.13531464845579 44.45574047639711
-93.13533684651212 44.45577037076369
-93.13535791207366 44.45578188490646
-93.13537367748278 44.45578906908406
-93.13538854855996 44.45578948514961
-93.1354219862088 44.45579270499636
-93.13545426328592 44.45579899550056
-93.13548517659426 44.45580583753064
-93.13551013742845 44.45581319482002
-93.13552658110088 44.45582465451433
-93.13554264525341 44.45583109762338
-93.13558012879091 44.45583928011295
-93.13560936808175 44.45584504649126
-93.13564221878683 44.45584493565302
-93.13567754517884 44.45583620221386
-93.13570644642706 44.45582030361561
-93.13572997711378 44.45579739637914
-93.13574481657088 44.45577518204665
