7
11 3
73.711512 427.155174
74.026966 430.259846
73.715835 433.018483
71.798958 434.921667
68.364295 436.228599
64.461942 436.027239
61.965913 435.002800
59.181915 432.474080
58.354609 430.534996
57.889733 429.122953
58.136023 427.964837
4 3
73.711512 427.155174
58.136023 427.964837
58.443870 425.298384
73.481386 423.602726
4 3
73.481386 423.602726
58.443870 425.298384
58.398405 422.637508
73.630242 420.210032
3 3
73.630242 420.210032
58.398405 422.637508
58.266865 420.066725
5 3
74.417232 417.681313
73.630242 420.210032
58.266865 420.066725
57.963338 417.940870
75.012710 414.881769
17 3
72.617691 402.900911
75.077499 404.928710
76.181947 406.992136
76.297756 409.254836
75.878693 411.976763
75.012710 414.881769
57.963338 417.940870
57.051422 416.359683
56.672176 414.944857
56.524920 411.830795
56.476417 409.418497
57.131357 406.888327
58.763087 404.402891
61.040473 402.608723
63.967305 401.420224
66.649420 400.882991
69.623713 401.344422
3 3
66.649420 400.882991
66.649420 400.882991
69.623713 401.344422
