29
-93.13854100131478 44.45668904075529
-93.13835042734088 44.45659944353974
-93.13809640275325 44.45653574842508
-93.13791654844687 44.45652171903097
-93.1377370577589 44.45649377452453
-93.13759882932987 44.45653646389412
-93.13752681139042 44.4565457920522
-93.13747857138557 44.45649316096287
-93.13733620832103 44.45640820798923
-93.13709886393437 44.45633484131577
-93.13694473643577 44.45628377276935
-93.13672124118675 44.45625028468783
-93.13655500565666 44.45626106819514
-93.13635623511183 44.45624221732227
-93.13623956223429 44.4562439025056
-93.13616265319166 44.4562563799992
-93.13615402863785 44.45631658248696
-93.13625574044642 44.45639940745852
-93.13641055025656 44.45643623297733
-93.136661692979 44.45644497016509
-93.13688007762475 44.45651601663943
-93.13716572258659 44.45656350195394
-93.13731625203219 44.45665086355734
-93.13750600775049 44.45671441367232
-93.13788569501857 44.45670207457007
-93.13818298047495 44.45671528312572
-93.1383786915851 44.45672547261876
-93.13847775768359 44.456734495708
-93.13854100131478 44.45668904075529
