18
-93.14032652058368 44.45668540081209
-93.14007632697563 44.45664683478763
-93.13990133226309 44.45664402069862
-93.13976100028093 44.45665527173208
-93.13956890308228 44.45663981682826
-93.13937543675175 44.45664772269988
-93.13924495778078 44.45665759665958
-93.13912251024065 44.45663450910201
-93.13903692072984 44.45665253048049
-93.13905650546879 44.45670055658199
-93.13924289838529 44.456746033664
-93.13946840603268 44.45675469317131
-93.13974458021134 44.45674128370944
-93.13995192121124 44.45673275657912
-93.1401208356812 44.4567419164533
-93.14023455023556 44.45675399391084
-93.14032161225946 44.45674695663997
-93.14032652058368 44.45668540081209
