29 5
488978.14434846036602 4922607.7340987259522
488993.28894208808197 4922597.7562758419663
489013.4863717064145 4922590.6470856023952
489027.7923856897396 4922589.0646084938198
489042.06687583000166 4922585.9365665735677
489053.0718769436935 4922590.6598555669188
489058.80313874856802 4922591.6863623531535
489062.63113628514111 4922585.8338231611997
489073.94125942979008 4922576.3785024490207
489092.81001390673919 4922568.1975018242374
489105.06245775747811 4922562.5044378787279
489122.83689443516778 4922558.7549518896267
489136.0641324739554 4922559.9306593164802
489151.87427389866207 4922557.8103893389925
489161.15675811265828 4922557.9821092672646
489167.27773614565376 4922559.35788136255
489167.97501107980497 4922566.0438337456435
489159.89843322086381 4922575.2572317877784
489147.5890451737796 4922579.3682143725455
489127.61050992953824 4922580.3720589997247
489110.24969382386189 4922588.2927148034796
489087.53351799550001 4922593.6052905470133
489075.5741640664055 4922603.3292210912332
489060.48969249991933 4922610.4135164637119
489030.28075348649872 4922609.0937722371891
489006.63220595207531 4922610.6008417326957
488991.06400974019198 4922611.7589756278321
488983.18434558640001 4922612.7745669903234
488978.14434846036602 4922607.7340987259522
