6
6 5
40.149698 106.865962
40.239092 116.939003
36.623846 123.046591
31.836451 120.224115
30.587929 104.608358
34.068756 86.982369
6 5
48.403489 82.371594
43.766226 97.074221
40.149698 106.865962
34.068756 86.982369
40.917085 66.052350
50.498811 67.136250
5 5
54.456355 56.622321
50.498811 67.136250
40.917085 66.052350
45.892680 50.296793
57.577895 43.051162
4 5
57.577895 43.051162
45.892680 50.296793
48.212009 37.021132
58.321768 22.704403
4 5
58.321768 22.704403
48.212009 37.021132
49.136984 27.922350
51.598359 21.401063
3 5
58.321768 22.704403
58.321768 22.704403
51.598359 21.401063
