8
8 5
30.195467 325.129320
28.334526 340.972079
25.869472 349.922918
23.020773 355.512554
16.370397 354.532424
9.444025 344.425833
8.509343 331.481816
12.484182 311.876963
7 5
32.897416 281.175265
35.379004 294.455893
34.610103 312.605219
30.195467 325.129320
12.484182 311.876963
9.109405 293.095440
9.587658 269.771217
7 5
18.561512 242.410901
23.283809 247.568971
29.643824 260.868301
32.897416 281.175265
9.587658 269.771217
3.128173 255.776360
0.000000 239.407394
4 5
18.561512 242.410901
0.000000 239.407394
8.759478 210.466190
20.975316 237.112351
5 5
28.781004 213.015283
28.276730 227.619783
20.975316 237.112351
8.759478 210.466190
13.155596 187.181019
6 5
28.904373 177.434143
30.790510 198.762979
28.781004 213.015283
13.155596 187.181019
15.888790 171.810929
22.987686 160.290384
3 5
22.987686 160.290384
15.888790 171.810929
16.856125 163.925196
3 5
22.987686 160.290384
22.987686 160.290384
16.856125 163.925196
