8
8 5
489136.064132 4922559.930659
489151.874274 4922557.810389
489161.156758 4922557.982109
489167.277736 4922559.357881
489167.975011 4922566.043834
489159.898433 4922575.257232
489147.589045 4922579.368214
489127.610510 4922580.372059
7 5
489092.810014 4922568.197502
489105.062458 4922562.504438
489122.836894 4922558.754952
489136.064132 4922559.930659
489127.610510 4922580.372059
489110.249694 4922588.292715
489087.533518 4922593.605291
7 5
489058.803139 4922591.686362
489062.631136 4922585.833823
489073.941259 4922576.378502
489092.810014 4922568.197502
489087.533518 4922593.605291
489075.574164 4922603.329221
489060.489692 4922610.413516
4 5
489058.803139 4922591.686362
489060.489692 4922610.413516
489030.280753 4922609.093772
489053.071877 4922590.659856
5 5
489027.792386 4922589.064608
489042.066876 4922585.936567
489053.071877 4922590.659856
489030.280753 4922609.093772
489006.632206 4922610.600842
6 5
488993.288942 4922597.756276
489013.486372 4922590.647086
489027.792386 4922589.064608
489006.632206 4922610.600842
488991.064010 4922611.758976
488978.144348 4922607.734099
3 5
488978.144348 4922607.734099
488991.064010 4922611.758976
488983.184346 4922612.774567
3 5
488978.144348 4922607.734099
488978.144348 4922607.734099
488983.184346 4922612.774567
