18 5
58.321767793036997318 22.70440260402392596
57.577895266003906727 43.05116166383959353
54.456355300731956959 56.622321442933753133
50.498810647986829281 67.136250096140429378
48.403489286080002785 82.37159442319534719
43.766225897707045078 97.074220728827640414
40.149697913788259029 106.86596167460083961
40.239092223346233368 116.93900268874131143
36.623846223577857018 123.0465905477758497
31.836451341398060322 120.22411528590600938
30.587929051369428635 104.60835848446004093
34.068756370805203915 86.982369121396914124
40.917085113935172558 66.052349961828440428
45.892680476419627666 50.296792746288701892
48.212008550763130188 37.021131668472662568
49.136984442360699177 27.922349968226626515
51.598358632996678352 21.401062815682962537
58.321767793036997318 22.70440260402392596
