18 5
488836.09374719462357 4922607.5718969795853
488855.99097544455435 4922603.2539971955121
488869.91244169365382 4922602.9175941860303
488881.07892583927605 4922604.1482392307371
488896.35861292865593 4922602.405468210578
488911.7516525387764 4922603.257385795936
488922.13399475178448 4922604.3364759562537
488931.87115325685591 4922601.7554120551795
488938.68377530464204 4922603.7455914271995
488937.13474608253455 4922609.082821498625
488922.3145534156356 4922614.1594894714653
488904.37558072776301 4922615.1519202021882
488882.40157221019035 4922613.6999359540641
488865.90461395838065 4922612.7809686912224
488852.46809955849312 4922613.8214207794517
488843.42365987267112 4922615.1784467911348
488836.49596496071899 4922614.4086466617882
488836.09374719462357 4922607.5718969795853
