29 5
22.987685578875243664 160.29038395162206143
28.904372850432991982 177.43414308922365308
30.790509544312953949 198.76297890907153487
28.781004077754914761 213.01528250076808035
28.276730144396424294 227.61978258867748082
20.975316105410456657 237.11235133826266974
18.561511571519076824 242.4109007369261235
23.283809192478656769 247.56897065858356655
29.643824036233127117 260.86830096121411771
32.897416055202484131 281.17526542441919446
35.379004090093076229 294.45589335483964533
34.610103120096027851 312.60521939443424344
30.195466787554323673 325.12932016595732421
28.334526489488780499 340.97207932779565454
25.869471991434693336 349.92291768174618483
23.020772707648575306 355.512553924578242
16.370396995916962624 354.5324240883346647
9.4440253851935267448 344.42583268915768713
8.5093430615961551666 331.48181550507433712
12.484182395972311497 311.87696338130626827
9.1094054533168673515 293.09544041845947504
9.5876578986644744873 269.77121738973073661
3.1281729433685541153 255.77636027208063751
0 239.40739398216828704
8.7594780623912811279 210.4661903923843056
13.155595969408750534 187.18101901025511324
15.88879017997533083 171.81092932866886258
16.856124958954751492 163.92519560153596103
22.987685578875243664 160.29038395162206143
