6
6 5
488922.133995 4922604.336476
488931.871153 4922601.755412
488938.683775 4922603.745591
488937.134746 4922609.082821
488922.314553 4922614.159489
488904.375581 4922615.151920
6 5
488896.358613 4922602.405468
488911.751653 4922603.257386
488922.133995 4922604.336476
488904.375581 4922615.151920
488882.401572 4922613.699936
488881.078926 4922604.148239
5 5
488869.912442 4922602.917594
488881.078926 4922604.148239
488882.401572 4922613.699936
488865.904614 4922612.780969
488855.990975 4922603.253997
4 5
488855.990975 4922603.253997
488865.904614 4922612.780969
488852.468100 4922613.821421
488836.093747 4922607.571897
4 5
488836.093747 4922607.571897
488852.468100 4922613.821421
488843.423660 4922615.178447
488836.495965 4922614.408647
3 5
488836.093747 4922607.571897
488836.093747 4922607.571897
488836.495965 4922614.408647
