20 5
489138.36713458312443 4922489.3654867513105
489138.64313239051262 4922480.4981567626819
489148.3645633792039 4922475.165886208415
489157.83226852497319 4922473.3380113998428
489169.97466054174583 4922467.3303937064484
489177.94829916971503 4922464.3793512936682
489186.38552046980476 4922463.2127893902361
489192.05015963147162 4922461.6597193069756
489195.73623768577818 4922464.4560082610697
489194.9655877443729 4922467.3336986945942
489191.00868412363343 4922472.2404576726258
489188.97403995232889 4922477.3772278372198
489185.97615777753526 4922483.1608051387593
489178.79750141495606 4922484.7571094920859
489174.30444492329843 4922482.1823023892939
489166.86391340871342 4922485.7512482106686
489161.92803872947115 4922490.1539220800623
489154.03025661071297 4922493.4665346182883
489146.07300268119434 4922493.7449175063521
489138.36713458312443 4922489.3654867513105
