5
6 5
489048.654304 4922539.628577
489041.839231 4922545.737806
489033.135819 4922549.276687
489025.967528 4922548.538133
489024.288942 4922542.434746
489037.192237 4922523.054714
8 5
489076.983871 4922507.293073
489084.490760 4922512.559316
489091.050912 4922518.441575
489092.163032 4922523.886556
489087.174012 4922529.467334
489079.559562 4922532.318977
489069.223846 4922532.075632
489055.930192 4922512.559868
4 5
489055.930192 4922512.559868
489069.223846 4922532.075632
489057.835185 4922535.189597
489037.192237 4922523.054714
3 5
489037.192237 4922523.054714
489057.835185 4922535.189597
489048.654304 4922539.628577
3 5
489024.288942 4922542.434746
489024.288942 4922542.434746
489041.839231 4922545.737806
