16 5
74.826066309586167336 221.16822225763462484
90.40713956393301487 238.46882457542233169
95.934897879138588905 259.22205640259198844
95.823986470699310303 280.92422783432994038
88.862789963372051716 286.89318403089419007
81.539212444797158241 291.79234495363198221
75.988424483686685562 291.52144799754023552
71.816935180686414242 285.30581613886170089
70.939729128964245319 277.2223623504396528
73.734996335580945015 267.26883405866101384
73.538272297941148281 255.46376431698445231
71.511074936017394066 245.46958657936193049
67.27979209553450346 237.35391413909383118
66.006420380435883999 228.04523108620196581
68.49710262194275856 221.28310322982724756
74.826066309586167336 221.16822225763462484
