5
5 5
489186.385520 4922463.212789
489192.050160 4922461.659719
489195.736238 4922464.456008
489194.965588 4922467.333699
489191.008684 4922472.240458
8 5
489169.974661 4922467.330394
489177.948299 4922464.379351
489186.385520 4922463.212789
489191.008684 4922472.240458
489188.974040 4922477.377228
489185.976158 4922483.160805
489178.797501 4922484.757109
489174.304445 4922482.182302
4 5
489157.832269 4922473.338011
489169.974661 4922467.330394
489174.304445 4922482.182302
489166.863913 4922485.751248
8 5
489138.643132 4922480.498157
489148.364563 4922475.165886
489157.832269 4922473.338011
489166.863913 4922485.751248
489161.928039 4922490.153922
489154.030257 4922493.466535
489146.073003 4922493.744918
489138.367135 4922489.365487
3 5
489138.367135 4922489.365487
489138.367135 4922489.365487
489146.073003 4922493.744918
