16
-93.13795959688665 44.45610186831718
-93.13779699860213 44.455927590281
-93.13756125076129 44.45583339158074
-93.13729650664676 44.45578629427446
-93.13720226033459 44.45583381839936
-93.13711992679517 44.4558868739927
-93.13710606276643 44.45593591064831
-93.13716888969222 44.45598607777492
-93.13726465947491 44.45601163545893
-93.13739456892372 44.45600928848404
-93.1375377842769 44.45603715048086
-93.13765327711167 44.4560769745521
-93.13773906842236 44.4561318712159
-93.13784854096608 44.45616359894148
-93.13793862725269 44.45615684113559
-93.13795959688665 44.45610186831718
