16 5
489024.28894151095301 4922542.434746157378
489037.19223711965606 4922523.0547139914706
489055.93019217834808 4922512.5598684241995
489076.98387138469843 4922507.2930726176128
489084.49075964960502 4922512.5593163892627
489091.05091238865862 4922518.4415745837614
489092.16303150454769 4922523.8865560544655
489087.17401161586167 4922529.4673340432346
489079.55956167180557 4922532.3189770178869
489069.22384555940516 4922532.0756322825328
489057.83518463134533 4922535.1895966716111
489048.65430406969972 4922539.6285773999989
489041.83923127048183 4922545.7378061879426
489033.13581943209283 4922549.2766870949417
489025.96752753952751 4922548.5381327541545
489024.28894151095301 4922542.434746157378
