22 5
488873.75319854315603 4922584.3774613179266
488880.15816175669897 4922574.4511994505301
488892.25979282351909 4922569.5642903065309
488913.04346067574807 4922564.6815626323223
488940.50889758195262 4922554.049125758931
488966.63672159763519 4922544.9962340798229
488999.07815899280831 4922535.394741198048
489007.45127492072061 4922531.954568862915
489014.04586579679744 4922530.5456964904442
489018.18174295563949 4922532.8977619335055
489021.17082659830339 4922536.7187089212239
489019.21441206516465 4922542.2748955609277
489016.27377115690615 4922548.4898498998955
489008.16721874650102 4922551.4829694805667
488993.63156961667119 4922552.3619921607897
488969.32684993231669 4922559.0087238429114
488946.21511266019661 4922566.1070332666859
488920.70152350282297 4922572.6976795569062
488906.13195341965184 4922577.4611906073987
488889.95342637662543 4922581.4982786560431
488881.69999676302541 4922584.9220230905339
488873.75319854315603 4922584.3774613179266
