22
-93.13985265703553 44.45647716744524
-93.13977193616952 44.45638790223201
-93.13961971915288 44.45634409259796
-93.13935837322953 44.45630045360496
-93.13901291817349 44.45620515300215
-93.13868431102314 44.45612405120725
-93.13827633424332 44.45603810563951
-93.13817101544672 44.45600726195085
-93.13808809498036 44.45599467845048
-93.13803615905201 44.45601591637335
-93.13799866883542 44.45605036084887
-93.13802337779397 44.45610035216097
-93.13806047201231 44.45615625924313
-93.13816243095395 44.45618308237621
-93.13834515572947 44.45619077485666
-93.13865079595286 44.45625024336164
-93.13894145119012 44.45631379473574
-93.13926228641095 44.45637273819339
-93.13944552151602 44.45641539951246
-93.13964896520648 44.45645149599979
-93.13975278081722 44.45648219226548
-93.13985265703553 44.45647716744524
