20
-93.13652457779065 44.45562582129744
-93.13652092266804 44.45554599497137
-93.13639861854735 44.45549813578612
-93.13627957717387 44.45548182191038
-93.13612682933416 44.45542791874547
-93.13602654415413 44.45540147061018
-93.13592046939924 44.45539109457724
-93.13584923615953 44.45537719736027
-93.13580296291515 44.45540242678523
-93.13581270953205 44.45542832243508
-93.13586254768889 44.45547243767775
-93.13588822912233 44.4555186523824
-93.13592603141434 44.45557067572501
-93.13601629608357 44.45558493946096
-93.13607271723258 44.45556169181561
-93.1361663148033 44.455593710736
-93.13622844789626 44.45563327298822
-93.13632778766609 44.4556629772128
-93.13642781146113 44.45566536400701
-93.13652457779065 44.45562582129744
