20 5
97.992436870932579041 344.83511234354227781
106.51522879395633936 347.29838938126340508
109.27403257880359888 358.03749229572713375
108.70042391307651997 367.66295540891587734
111.51402114983648062 380.91485432279296219
112.39858236815780401 389.37092408025637269
111.43944427277892828 397.83423454710282385
111.54136868566274643 403.7070341290673241
107.919367840513587 406.58583825826644897
105.32215004228055477 405.12657019670587033
101.54809626936912537 400.07781905867159367
97.075173616409301758 396.8344955223146826
92.214122955687344074 392.49776283348910511
92.445237013511359692 385.14739678474143147
96.052491930313408375 381.43190217134542763
94.437256302684545517 373.33931931015104055
91.394015985541045666 367.46691908303182572
90.140361624769866467 358.99480512226000428
91.841157102026045322 351.21645813388749957
97.992436870932579041 344.83511234354227781
