6
9 5
488999.078159 4922535.394741
489007.451275 4922531.954569
489014.045866 4922530.545696
489018.181743 4922532.897762
489021.170827 4922536.718709
489019.214412 4922542.274896
489016.273771 4922548.489850
489008.167219 4922551.482969
488993.631570 4922552.361992
5 5
488966.636722 4922544.996234
488999.078159 4922535.394741
488993.631570 4922552.361992
488969.326850 4922559.008724
488940.508898 4922554.049126
5 5
488940.508898 4922554.049126
488969.326850 4922559.008724
488946.215113 4922566.107033
488920.701524 4922572.697680
488913.043461 4922564.681563
6 5
488892.259793 4922569.564290
488913.043461 4922564.681563
488920.701524 4922572.697680
488906.131953 4922577.461191
488889.953426 4922581.498279
488880.158162 4922574.451199
4 5
488880.158162 4922574.451199
488889.953426 4922581.498279
488881.699997 4922584.922023
488873.753199 4922584.377461
3 5
488873.753199 4922584.377461
488873.753199 4922584.377461
488881.699997 4922584.922023
