22 5
71.467906198464334011 64.934666237910278141
79.498891072347760201 73.598240002407692373
81.236780395731329918 86.533119057072326541
80.820628134533762932 107.878579844487831
84.320447980426251888 137.12153112108353525
86.621162707917392254 164.67737890861462802
87.889909389428794384 198.486043592216447
89.14944037701934576 207.4502746092621237
88.881368295289576054 214.18835204606875777
85.578367986716330051 217.61295139300636947
81.136225501075387001 219.56272754387464374
76.237577421590685844 216.29133414186071604
70.944410798139870167 211.90323506796266884
70.051997312344610691 203.30797154805622995
72.799912772141396999 189.00738634611479938
72.378945912234485149 163.81371198338456452
71.225040462799370289 139.66403499548323452
71.157772467471659184 113.31303263828158379
70.150589862838387489 98.017641399754211307
70.245641033165156841 81.343296361155807972
68.972387549467384815 72.499091936158947647
71.467906198464334011 64.934666237910278141
