5
6 5
71.511075 245.469587
67.279792 237.353914
66.006420 228.045231
68.497103 221.283103
74.826066 221.168222
90.407140 238.468825
8 5
95.823986 280.924228
88.862790 286.893184
81.539212 291.792345
75.988424 291.521448
71.816935 285.305816
70.939729 277.222362
73.734996 267.268834
95.934898 259.222056
4 5
95.934898 259.222056
73.734996 267.268834
73.538272 255.463764
90.407140 238.468825
3 5
90.407140 238.468825
73.538272 255.463764
71.511075 245.469587
3 5
74.826066 221.168222
74.826066 221.168222
67.279792 237.353914
