6
9 5
87.889909 198.486044
89.149440 207.450275
88.881368 214.188352
85.578368 217.612951
81.136226 219.562728
76.237577 216.291334
70.944411 211.903235
70.051997 203.307972
72.799913 189.007386
5 5
86.621163 164.677379
87.889909 198.486044
72.799913 189.007386
72.378946 163.813712
84.320448 137.121531
5 5
84.320448 137.121531
72.378946 163.813712
71.225040 139.664035
71.157772 113.313033
80.820628 107.878580
6 5
81.236780 86.533119
80.820628 107.878580
71.157772 113.313033
70.150590 98.017641
70.245641 81.343296
79.498891 73.598240
4 5
79.498891 73.598240
70.245641 81.343296
68.972388 72.499092
71.467906 64.934666
3 5
71.467906 64.934666
71.467906 64.934666
68.972388 72.499092
