5
5 5
111.439444 397.834235
111.541369 403.707034
107.919368 406.585838
105.322150 405.126570
101.548096 400.077819
8 5
111.514021 380.914854
112.398582 389.370924
111.439444 397.834235
101.548096 400.077819
97.075174 396.834496
92.214123 392.497763
92.445237 385.147397
96.052492 381.431902
4 5
108.700424 367.662955
111.514021 380.914854
96.052492 381.431902
94.437256 373.339319
8 5
106.515229 347.298389
109.274033 358.037492
108.700424 367.662955
94.437256 373.339319
91.394016 367.466919
90.140362 358.994805
91.841157 351.216458
97.992437 344.835112
3 5
97.992437 344.835112
97.992437 344.835112
91.841157 351.216458
