3
17 1
488855.977625 4922601.312871
488853.678924 4922602.202992
488847.638603 4922603.590238
488835.974872 4922605.497352
488828.589242 4922606.506851
488819.635284 4922607.270597
488814.601469 4922607.037462
488812.919120 4922606.290997
488811.893950 4922604.577012
488813.094379 4922601.732106
488815.075955 4922600.112019
488818.950519 4922598.502559
488824.046501 4922596.967570
488832.243491 4922594.978068
488841.716051 4922592.780256
488849.176857 4922592.073163
488857.266500 4922599.648523
7 1
488853.967228 4922591.428529
488856.122703 4922592.438716
488857.812057 4922593.709233
488858.466728 4922595.643476
488858.301980 4922597.528026
488857.266500 4922599.648523
488849.176857 4922592.073163
3 1
488811.893950 4922604.577012
488811.893950 4922604.577012
488813.094379 4922601.732106
