12 1
488900.27556112961611 4922592.3119676876813
488900.97481421474367 4922589.451591078192
488903.71502710401546 4922587.6386871179566
488905.86651367635932 4922587.5980879403651
488908.52548720972845 4922587.9468391146511
488909.73396955843782 4922589.3739592442289
488910.24669993808493 4922591.2454256694764
488909.67419832467567 4922593.1265248451382
488907.4105949489167 4922594.2533727930859
488904.52425332122948 4922595.0335990684107
488901.85786736337468 4922594.1530011370778
488900.27556112961611 4922592.3119676876813
