23 1
67.216127059422433376 0
69.675153088755905628 1.8675425717374309897
70.754067834466695786 4.1885907711694017053
71.353914833627641201 8.3410348419565707445
71.579141282476484776 13.658412140212021768
71.476801224052906036 22.092763661872595549
71.26040511392056942 31.814540178747847676
70.097905331291258335 39.218066686065867543
69.536189034581184387 44.018866490107029676
68.023692254908382893 45.857046507764607668
66.374402486719191074 47.179154973477125168
64.338284517638385296 47.3344460753723979
62.553230294957756996 46.708145415643230081
60.755203013308346272 45.179804428131319582
59.461867015808820724 43.518920914852060378
59.168713240884244442 41.071391181438229978
59.320480790920555592 34.875675047049298882
60.361134743317961693 23.102963679819367826
61.212031522765755653 15.697384816128760576
62.689401505514979362 6.8331843246705830097
64.161831877194344997 2.013890267233364284
65.301658214069902897 0.56879375327844172716
67.216127059422433376 0
