12 1
57.212627490051090717 88.666061844443902373
59.810751214623451233 90.051869312184862792
60.888611527159810066 93.155674169538542628
60.395159270614385605 95.250202191760763526
59.398811404593288898 97.739993058610707521
57.716877313330769539 98.557427560910582542
55.776730664074420929 98.590744273853488266
54.095994492061436176 97.570245313458144665
53.564795617014169693 95.098097604466602206
53.523634986951947212 92.108444307814352214
55.037099757231771946 89.743176631280221045
57.212627490051090717 88.666061844443902373
