12 1
41.853976171463727951 129.1973673541797325
44.740391654893755913 130.83237970876507461
45.68959532119333744 132.88995998213067651
45.09108939953148365 135.36357295862399042
44.088348362594842911 137.065751061309129
42.819786706008017063 138.11673045414499938
41.146206067875027657 138.13344874908216298
39.324728595092892647 137.24720067903399467
38.372424361295998096 134.93063822598196566
38.56034038495272398 131.82552843994926661
39.80769860465079546 129.99980167113244534
41.853976171463727951 129.1973673541797325
