3
17 1
59.461867 43.518921
59.168713 41.071391
59.320481 34.875675
60.361135 23.102964
61.212032 15.697385
62.689402 6.833184
64.161832 2.013890
65.301658 0.568794
67.216127 0.000000
69.675153 1.867543
70.754068 4.188591
71.353915 8.341035
71.579141 13.658412
71.476801 22.092764
71.260405 31.814540
70.097905 39.218067
60.755203 45.179804
7 1
69.536189 44.018866
68.023692 45.857047
66.374402 47.179155
64.338285 47.334446
62.553230 46.708145
60.755203 45.179804
70.097905 39.218067
3 1
67.216127 0.000000
67.216127 0.000000
69.675153 1.867543
