23
-93.14063063821685 44.45665806447055
-93.1406154878147 44.45663247103564
-93.14059054518073 44.45661791644817
-93.14054180867417 44.45660348679412
-93.14047772104949 44.45658974645685
-93.14037464523022 44.4565719621208
-93.14025553158504 44.45655232201544
-93.14016173704186 44.45654607134412
-93.14010151014992 44.4565403417372
-93.14007443843813 44.456549469432
-93.14005323129186 44.45656093362963
-93.14004504395325 44.45657835724747
-93.14004715532712 44.45659532086118
-93.14006021653815 44.45661439523074
-93.14007645300809 44.45662935909014
-93.14010536594743 44.45663733719708
-93.14018132033085 44.45664973308205
-93.14032797006655 44.4566667223448
-93.14042082641241 44.45667569652719
-93.14053339076793 44.45668243393212
-93.14059665889005 44.45668025720798
-93.14061778925182 44.45667351092812
-93.14063063821685 44.45665806447055
