23 1
488811.89394987892592 4922604.577012302354
488813.09437914047157 4922601.7321056500077
488815.07595479191514 4922600.1120193218812
488818.95051851635799 4922598.5025585023686
488824.04650104156462 4922596.9675697768107
488832.24349080072716 4922594.9780678376555
488841.71605056070257 4922592.7802558541298
488849.17685681628063 4922592.0731628583744
488853.96722754841903 4922591.4285294692963
488856.12270334665664 4922592.4387157727033
488857.81205663917353 4922593.7092325920239
488858.46672828390729 4922595.6434757905081
488858.30197983956896 4922597.528025880456
488857.26649954001186 4922599.6485231881961
488855.97762496897485 4922601.3128712242469
488853.67892410501372 4922602.2029921542853
488847.63860285584815 4922603.5902379918844
488835.97487231675768 4922605.4973519090563
488828.58924194797873 4922606.5068506412208
488819.6352839525789 4922607.2705970909446
488814.60146884119604 4922607.0374622885138
488812.91912002064055 4922606.2909969799221
488811.89394987892592 4922604.577012302354
