13
10 4
83.322810 421.018770
82.640627 421.770859
81.854142 422.320858
80.895524 422.225308
79.682076 422.034086
78.957792 421.491675
78.314733 420.499086
78.072061 419.345109
78.520451 417.568260
79.549943 416.332755
5 4
85.805778 418.193691
84.356088 420.009669
83.322810 421.018770
79.549943 416.332755
80.475079 414.838206
7 4
87.543970 415.082251
87.414963 416.313583
86.662946 417.303304
85.805778 418.193691
80.475079 414.838206
81.319885 411.950100
87.104418 413.914256
4 4
86.607418 412.482717
87.104418 413.914256
81.319885 411.950100
81.930179 409.721162
3 4
86.584867 411.188794
86.607418 412.482717
81.930179 409.721162
4 4
86.828602 410.355638
86.584867 411.188794
81.930179 409.721162
82.506675 407.847196
4 4
87.224521 409.364031
86.828602 410.355638
82.506675 407.847196
82.531205 406.293582
3 4
87.830933 408.524058
87.224521 409.364031
82.531205 406.293582
4 4
88.646298 407.784942
87.830933 408.524058
82.531205 406.293582
82.248569 404.849223
9 4
88.653830 402.384392
89.807057 403.248956
90.394587 404.334556
90.518388 405.529448
90.327121 406.412381
89.618199 407.199677
88.646298 407.784942
82.248569 404.849223
87.921489 401.929749
5 4
86.178140 400.033398
87.287365 401.212103
87.921489 401.929749
82.248569 404.849223
81.396424 403.465258
11 4
82.908857 397.117919
84.270965 397.875100
85.482707 398.897173
86.178140 400.033398
81.396424 403.465258
80.345559 402.601838
79.329412 400.957448
79.092064 399.504977
79.428007 398.453131
80.486156 397.484582
81.558441 396.885162
3 4
81.558441 396.885162
81.558441 396.885162
80.486156 397.484582
