48
-93.13583962763406 44.4556539400516
-93.13584096800589 44.45564164070644
-93.1358359554328 44.45562807776579
-93.13582725066284 44.45561524021888
-93.13581555853638 44.45560665516828
-93.13580462849934 44.45559436525926
-93.13579784635012 44.45558724231589
-93.13579457213038 44.45557984486299
-93.13578760536573 44.45556786678569
-93.1357761963375 44.45556033542813
-93.13576202174912 44.45555660852118
-93.13575067344865 44.45555632188906
-93.13573888949652 44.45556076416068
-93.13572875363958 44.45556794869523
-93.13571722748472 44.45557342651077
-93.13570511875804 44.45557685760689
-93.13569181360188 44.4555781160545
-93.13568090948297 44.45557839750894
-93.13566521529314 44.45557533475378
-93.13564931172081 44.45556782711555
-93.1356364412697 44.4555614045112
-93.13562104095482 44.45555980288358
-93.13560665756425 44.45556417283401
-93.13559315918276 44.45556968035658
-93.13556655192372 44.45557830810596
-93.13555106263136 44.45558508942327
-93.13553979025724 44.45558937633612
-93.13553065741587 44.45559502101146
-93.13552885702023 44.45560359759723
-93.13552743413624 44.45561460975472
-93.13553180253616 44.45562213131134
-93.13554190666051 44.4556299412269
-93.13555521516963 44.45563461480554
-93.13557824926279 44.45563463778697
-93.13559648515766 44.4556283909831
-93.13561755427858 44.45562362856025
-93.13565535277573 44.45562265375106
-93.13568439535624 44.45562226527903
-93.13570900878285 44.45562138548398
-93.13572801241827 44.45562461259609
-93.13574473509985 44.45563027806963
-93.13575896083725 44.45564077932804
-93.13576623020876 44.45565186165942
-93.13578312155923 44.45566437083688
-93.13580008314138 44.45566965907832
-93.13581393674036 44.45566905739094
-93.13582900889571 44.45566196918992
-93.13583962763406 44.4556539400516
