48 4
81.55844060517847538 396.88516227714717388
82.908856645226478577 397.11791859148070216
84.2709653340280056 397.87509968294762075
85.482706835493445396 398.89717306732200086
86.178140010684728622 400.03339800098910928
87.287364662624895573 401.21210271865129471
87.921488847583532333 401.92974938510451466
88.653830073773860931 402.38439154822845012
89.807057113386690617 403.2489559177774936
90.394587414339184761 404.33455602149479091
90.518388372845947742 405.52944832039065659
90.327120735310018063 406.41238141269423068
89.618199488148093224 407.1996768768876791
88.646298126317560673 407.7849419810809195
87.830933371558785439 408.52405811846256256
87.224520644173026085 409.36403085989877582
86.82860232051461935 410.3556379999499768
86.584866593591868877 411.18879374454263598
86.607417726889252663 412.48271653125993907
87.104417871683835983 413.91425619530491531
87.543969604186713696 415.08225148089695722
87.414963402785360813 416.31358303455635905
86.662946457974612713 417.30330376350320876
85.805778363719582558 418.19369083561468869
84.356088274158537388 420.00966932519804686
83.322810119949281216 421.01876969612203538
82.640626914799213409 421.77085948339663446
81.854142246767878532 422.32085838739294559
80.895524474792182446 422.22530770371668041
79.682076162658631802 422.03408579586539418
78.95779232494533062 421.49167462321929634
78.314732843078672886 420.49908585078082979
78.072061203420162201 419.34510934981517494
78.520450822077691555 417.56825975549872965
79.549942569807171822 416.33275468274950981
80.475078548304736614 414.83820583578199148
81.319885488599538803 411.95009956019930542
81.930179255083203316 409.72116226516664028
82.506674740463495255 407.84719600877724588
82.531205380335450172 406.29358209879137576
82.248568757437169552 404.84922316577285528
81.396424325183033943 403.46525799669325352
80.345558866858482361 402.60183804668486118
79.329411596059799194 400.95744829601608217
79.09206371009349823 399.50497715838719159
79.428006721660494804 398.45313122449442744
80.486156295984983444 397.48458233138080686
81.55844060517847538 396.88516227714717388
