13
10 4
489215.810635 4922484.712334
489216.708233 4922485.187024
489217.435864 4922485.812812
489217.580678 4922486.765234
489217.695906 4922487.988240
489217.349749 4922488.824286
489216.547321 4922489.693117
489215.489382 4922490.213997
489213.656838 4922490.219587
489212.204876 4922489.528117
5 4
489212.458675 4922483.006296
489214.577088 4922483.961130
489215.810635 4922484.712334
489212.204876 4922489.528117
489210.527780 4922489.001901
7 4
489209.013708 4922482.092750
489210.238634 4922481.912816
489211.383755 4922482.396318
489212.458675 4922483.006296
489210.527780 4922489.001901
489207.520424 4922488.898608
489207.990941 4922482.807850
4 4
489206.727065 4922483.643872
489207.990941 4922482.807850
489207.520424 4922488.898608
489205.209781 4922488.859290
3 4
489205.479029 4922483.986143
489206.727065 4922483.643872
489205.209781 4922488.859290
4 4
489204.611466 4922483.956319
489205.479029 4922483.986143
489205.209781 4922488.859290
489203.251422 4922488.764813
4 4
489203.552700 4922483.818290
489204.611466 4922483.956319
489203.251422 4922488.764813
489201.740123 4922489.125778
3 4
489202.588720 4922483.438774
489203.552700 4922483.818290
489201.740123 4922489.125778
4 4
489201.670711 4922482.831837
489202.588720 4922483.438774
489201.740123 4922489.125778
489200.410743 4922489.757288
9 4
489196.436506 4922484.161914
489196.988561 4922482.830509
489197.894854 4922481.992444
489199.021871 4922481.576600
489199.924668 4922481.543264
489200.862997 4922482.035141
489201.670711 4922482.831837
489200.410743 4922489.757288
489196.177380 4922484.984031
5 4
489194.771811 4922487.142686
489195.639118 4922485.776120
489196.177380 4922484.984031
489200.410743 4922489.757288
489199.280907 4922490.925611
11 4
489192.756734 4922491.032120
489193.153023 4922489.524931
489193.843191 4922488.097829
489194.771811 4922487.142686
489199.280907 4922490.925611
489198.704612 4922492.157560
489197.363076 4922493.549268
489196.014621 4922494.138908
489194.912345 4922494.073905
489193.711927 4922493.288561
489192.865640 4922492.398114
3 4
489192.865640 4922492.398114
489192.865640 4922492.398114
489193.711927 4922493.288561
