1
40 21
489268.03535049053608 4922510.8389833178371
489285.15377630892908 4922500.8037852151319
489298.16768418520223 4922487.8848744863644
489310.20101659593638 4922483.6347972834483
489321.41518800461199 4922477.691885445267
489332.67352495575324 4922475.8977715913206
489346.70466838689754 4922477.0648524360731
489359.22177395911422 4922472.9232992548496
489374.53586099884706 4922467.9654600890353
489388.55743134644581 4922469.1432666787878
489397.96010520315031 4922465.5037918752059
489406.34724298218498 4922457.0912439264357
489415.8119641726953 4922452.5166003582999
489426.59923510014778 4922450.1430575605482
489439.78193306812318 4922441.2063872683793
489452.24688389053335 4922424.9864136120304
489459.01067096221959 4922412.340400211513
489473.02394623227883 4922396.3338818931952
489486.37264670990407 4922390.1233940832317
489496.23735882918118 4922382.37832961604
489500.73954723897623 4922375.5348433619365
489503.991420229082 4922361.8334336373955
489504.13784737570677 4922343.6237759161741
489507.05239328293828 4922324.1399973547086
489515.82241229427746 4922307.9853950804099
489526.80772328586318 4922299.4282079739496
489532.45259766827803 4922291.7809859216213
489563.60430010303389 4922221.5254545947537
489569.10712338623125 4922210.314572410658
489570.68463705247268 4922176.1459826622158
489570.46350694342982 4922165.1817968888208
489566.5783569693449 4922132.9580927593634
489565.63927915529348 4922119.3143386412412
489565.09121376438998 4922106.7578928275034
489564.60289199691033 4922093.6945243375376
489565.02992497669766 4922081.7437650058419
489560.3221087527927 4922073.3167290156707
489550.21952744072769 4922070.4925272585824
489538.57121828646632 4922067.4634386468679
489529.40735699143261 4922065.483087987639
