1
13 22
489378.64401988644386 4922482.7946690032259
489420.65328270074679 4922464.9168273005635
489452.89854780671885 4922441.1608567992225
489486.09950745641254 4922409.4256533654407
489535.76446718134684 4922354.8000065432861
489559.86357778095407 4922311.8012280939147
489581.49847795214737 4922271.6873705824837
489587.28283232240938 4922232.8103068880737
489586.15746695606504 4922194.7213586131111
489585.81066814920632 4922154.6828105803579
489585.08722426713211 4922126.5133620537817
489583.62983293103753 4922100.2565368330106
489582.2216305132024 4922077.7046603271738
