6
5 5
489444.66769649501657 4922266.7921990817413
489448.50610166613478 4922259.696094699204
489456.42688242683653 4922259.6790269287303
489459.09372291498585 4922264.9335801126435
489456.57916586159263 4922274.8356191664934
6 5
489434.8965436204453 4922284.4007239993662
489439.23662144737318 4922276.018947747536
489444.66769649501657 4922266.7921990817413
489456.57916586159263 4922274.8356191664934
489454.95340479176957 4922285.5303180431947
489448.43620125704911 4922298.3118768641725
5 5
489430.58680839050794 4922292.4776555886492
489434.8965436204453 4922284.4007239993662
489448.43620125704911 4922298.3118768641725
489437.03177439805586 4922310.1639816658571
489428.89902678190265 4922300.8460026793182
4 5
489420.9669169386616 4922311.4479024484754
489428.89902678190265 4922300.8460026793182
489437.03177439805586 4922310.1639816658571
489430.59268618590431 4922313.9814827246591
9 5
489408.20002291188575 4922330.7058451622725
489409.34381502860924 4922321.7757858075202
489414.24973308475455 4922317.3140634838492
489420.9669169386616 4922311.4479024484754
489430.59268618590431 4922313.9814827246591
489427.36918439686997 4922321.2561348453164
489423.32066831085831 4922327.1057656081393
489420.487946018402 4922331.1285220580176
489413.90468876226805 4922335.7388065913692
3 5
489413.90468876226805 4922335.7388065913692
489413.90468876226805 4922335.7388065913692
489408.20002291188575 4922330.7058451622725
