9
9 7
489359.40134990325896 4922453.8740786006674
489366.19192073255545 4922450.3024735879153
489371.2248100930592 4922449.8216174831614
489375.14680474542547 4922453.8790935892612
489377.42855067434721 4922457.7195562468842
489376.95879236754263 4922461.5040556583554
489374.11223652667832 4922464.4590371958911
489369.53234455891652 4922468.0115762129426
489360.29220462217927 4922469.1063211448491
4 7
489349.78312002267921 4922455.7306792829186
489359.40134990325896 4922453.8740786006674
489360.29220462217927 4922469.1063211448491
489352.06450928846607 4922468.6572218220681
4 7
489349.78312002267921 4922455.7306792829186
489352.06450928846607 4922468.6572218220681
489342.42022018227726 4922468.5643002735451
489344.17692274122965 4922456.4198362631723
4 7
489331.97710602980806 4922456.8540776940063
489344.17692274122965 4922456.4198362631723
489342.42022018227726 4922468.5643002735451
489331.51130116800778 4922469.7154580932111
5 7
489321.09556993201841 4922455.5269332537428
489331.97710602980806 4922456.8540776940063
489331.51130116800778 4922469.7154580932111
489323.76553906645859 4922472.0758084850386
489309.9932705021929 4922456.091452723369
7 7
489288.96577384631382 4922469.7742831725627
489303.17993349104654 4922457.472559005022
489309.9932705021929 4922456.091452723369
489323.76553906645859 4922472.0758084850386
489312.71727624465711 4922478.9669911963865
489297.8956309488276 4922485.1250946521759
489283.23457870271523 4922475.9559802813455
5 7
489275.56348027498461 4922477.7672436321154
489283.23457870271523 4922475.9559802813455
489297.8956309488276 4922485.1250946521759
489285.56513118336443 4922493.7519582398236
489268.70022600749508 4922480.442860102281
10 7
489262.33595400676131 4922503.3010959820822
489259.95586279768031 4922498.5726075051352
489260.13920795620652 4922492.0738103501499
489262.3985134534887 4922485.8821605816483
489268.70022600749508 4922480.442860102281
489285.56513118336443 4922493.7519582398236
489282.30844345968217 4922498.003112738952
489277.52595500706229 4922501.7247497532517
489272.06644183862954 4922504.2648114804178
489266.99523230915656 4922505.5296768415719
3 7
489266.99523230915656 4922505.5296768415719
489266.99523230915656 4922505.5296768415719
489262.33595400676131 4922503.3010959820822
