9
10 4
489519.25815340207191 4922114.0688053583726
489518.42015594785335 4922113.4257573951036
489517.65028955577873 4922112.7465686444193
489516.88341039564693 4922111.7015343410894
489516.90499519230798 4922110.6934520201758
489517.32026790914824 4922109.7024883208796
489517.82936648279428 4922108.8139715408906
489518.36588599201059 4922108.4332348518074
489519.21422176860506 4922107.8892000848427
489519.97960232337937 4922107.4118085205555
5 4
489519.25815340207191 4922114.0688053583726
489519.97960232337937 4922107.4118085205555
489520.62338895985158 4922106.935249957256
489523.62178689963184 4922108.5786832384765
489523.33546835003654 4922109.2533594993874
13 4
489520.94719655031804 4922105.7157899951562
489521.04416103183758 4922104.5949086910114
489521.21810475725215 4922103.6126790093258
489521.68499974295264 4922102.6215266929939
489522.64222623407841 4922101.9922562120482
489523.73128915304551 4922101.7720276322216
489524.34712758241221 4922101.7685688771307
489525.3338613716769 4922102.3691693106666
489526.29529033286963 4922103.4389159996063
489526.45054879086092 4922104.7971123103052
489526.0333871737239 4922105.907478576526
489525.2624487366993 4922107.1154053015634
489524.3469146755524 4922107.7405303306878
4 4
489520.62338895985158 4922106.935249957256
489520.94719655031804 4922105.7157899951562
489524.3469146755524 4922107.7405303306878
489523.62178689963184 4922108.5786832384765
3 4
489519.25815340207191 4922114.0688053583726
489523.33546835003654 4922109.2533594993874
489523.43981841235654 4922109.897732517682
4 4
489519.25815340207191 4922114.0688053583726
489523.43981841235654 4922109.897732517682
489523.820863803674 4922110.5605130381882
489519.48334848729428 4922114.8362125614658
4 4
489519.48334848729428 4922114.8362125614658
489523.820863803674 4922110.5605130381882
489524.84294373594457 4922111.0700700813904
489519.56663685035892 4922115.7559005413204
18 4
489520.89788424118888 4922118.7545521492139
489519.73318915569689 4922117.721027975902
489519.47010530141415 4922116.7610984109342
489519.56663685035892 4922115.7559005413204
489524.84294373594457 4922111.0700700813904
489526.16506866057171 4922111.3229710543528
489527.08732463407796 4922111.5586784137413
489527.69379938556813 4922111.8338675554842
489528.29073929734295 4922112.5592494560406
489528.54121719440445 4922113.3048988347873
489528.44581363233738 4922114.6918686274439
489528.08080239361152 4922115.8591092675924
489527.1674575280631 4922116.9107364434749
489526.09046059346292 4922117.7691568573937
489525.0145073273452 4922118.5010633524507
489523.8065648995107 4922119.0587642649189
489522.85957645869348 4922119.2920807935297
489521.78200285183266 4922119.1033293297514
3 4
489520.89788424118888 4922118.7545521492139
489520.89788424118888 4922118.7545521492139
489521.78200285183266 4922119.1033293297514
