13
13 6
489385.61348232789896 4922344.65000113938
489393.09600107744336 4922339.8154584132135
489400.37002302450128 4922337.2886509485543
489405.84509164915653 4922336.638937340118
489409.5023877962376 4922337.5250795120373
489414.57148394727847 4922341.0607697544619
489419.85627934080549 4922347.4578433567658
489423.85704777785577 4922358.5601066602394
489424.29095098323887 4922365.4598588971421
489419.36260578472866 4922372.4511982314289
489411.93170486751478 4922379.9714304124936
489405.89659957494587 4922383.4085487825796
489378.74559546733508 4922349.3631282988936
15 6
489295.87315094959922 4922459.2702283486724
489288.17662032874068 4922466.8172113066539
489278.69879141129786 4922473.0034445589408
489270.53044836828485 4922474.930160516873
489262.23463893483859 4922473.8754063276574
489257.71504293283215 4922472.3768359860405
489255.40077149216086 4922469.5090486770496
489251.26631011540303 4922461.4590832218528
489250.16788494406501 4922454.3933596489951
489250.23605714627774 4922446.7789731062949
489252.50187992467545 4922439.3577783564106
489255.93570456735324 4922433.7567335925996
489260.92586043663323 4922427.3581136967987
489267.50773152662441 4922423.8203890947625
489273.80039060383569 4922421.1357015212998
3 6
489419.85627934080549 4922347.4578433567658
489423.53045455238316 4922353.0828378815204
489423.85704777785577 4922358.5601066602394
4 6
489378.74559546733508 4922349.3631282988936
489405.89659957494587 4922383.4085487825796
489399.0579180525383 4922387.6462856391445
489369.37513928400585 4922355.0246561989188
3 6
489369.37513928400585 4922355.0246561989188
489399.0579180525383 4922387.6462856391445
489392.55242254462792 4922392.595147408545
8 6
489338.92899413785199 4922364.4009099826217
489345.48550900083501 4922360.5611018277705
489350.38671317428816 4922358.7962953560054
489369.37513928400585 4922355.0246561989188
489392.55242254462792 4922392.595147408545
489387.27466595236911 4922398.0935198431835
489384.63450038991868 4922400.8436393784359
489334.39245177368866 4922371.1739802500233
4 6
489334.39245177368866 4922371.1739802500233
489384.63450038991868 4922400.8436393784359
489382.60750302707311 4922406.6478063473478
489332.30900002305862 4922372.6989902975038
19 6
489300.36325913178734 4922407.2900605453178
489302.94383645133348 4922399.4772370876744
489306.26106541318586 4922391.3616453092545
489309.45484665426193 4922384.2244063438848
489313.011005718261 4922380.5040855454281
489318.5866740703932 4922377.3326717000455
489326.91818638314726 4922374.4063455825672
489332.30900002305862 4922372.6989902975038
489382.60750302707311 4922406.6478063473478
489380.6998369746143 4922414.6522460663691
489377.43769809114747 4922426.2586761694402
489374.48472906864481 4922434.6218341486529
489369.01850407861639 4922442.3629783606157
489363.68411407025997 4922447.5359952533618
489357.43924440338742 4922451.309467850253
489349.29991773294751 4922453.5624839719385
489340.79683694115374 4922453.9796714466065
489331.43783037655521 4922454.0951666766778
489322.68927828111919 4922452.5067219315097
4 6
489297.04682842944749 4922412.2330169407651
489300.36325913178734 4922407.2900605453178
489322.68927828111919 4922452.5067219315097
489313.57995005091652 4922452.2542268661782
4 6
489293.42314203176647 4922415.6497486205772
489297.04682842944749 4922412.2330169407651
489313.57995005091652 4922452.2542268661782
489306.48085040872684 4922452.5570847196504
4 6
489289.48937484581256 4922416.7454825537279
489293.42314203176647 4922415.6497486205772
489306.48085040872684 4922452.5570847196504
489300.34632001916179 4922455.3672345159575
6 6
489273.80039060383569 4922421.1357015212998
489280.09480857243761 4922418.4494265653193
489284.81625146995066 4922417.3521359022707
489289.48937484581256 4922416.7454825537279
489300.34632001916179 4922455.3672345159575
489295.87315094959922 4922459.2702283486724
3 6
489255.40077149216086 4922469.5090486770496
489255.40077149216086 4922469.5090486770496
489262.23463893483859 4922473.8754063276574
