51
-93.13447193236358 44.45467365170448
-93.13449561221375 44.45462147740349
-93.13453255768999 44.45460005128805
-93.13458033374938 44.45459570633436
-93.13461977439957 44.4545990584012
-93.13459442592602 44.45455544025965
-93.13452846309485 44.4544685692259
-93.13443972279846 44.45436294541083
-93.13434407481769 44.45428316612594
-93.13424228871945 44.45421337953641
-93.13412014739257 44.45414945033038
-93.13397304412571 44.45409735614345
-93.13382382434484 44.45405389101165
-93.13363076359936 44.45400202160045
-93.13349013396861 44.45396221867281
-93.13339951751932 44.45390961018726
-93.13335889106293 44.45385524911754
-93.13334131254962 44.45379742398201
-93.13331756471352 44.45372780355974
-93.13333759471963 44.45362249110347
-93.13336481807418 44.45353589386711
-93.13334437766015 44.45347563437591
-93.13325710474579 44.45337720753826
-93.1331631232453 44.45332161231278
-93.13307975211509 44.45326572170391
-93.13302487349303 44.45319616621813
-93.13299172076155 44.4530835351814
-93.13297638171737 44.45296247418633
-93.13294201958485 44.45289826818784
-93.13282507163443 44.4528558668467
-93.13263948815592 44.45286101725371
-93.13256044427642 44.45292488586936
-93.13260072115098 44.45306075317594
-93.1326605528927 44.45316829526511
-93.1327385720941 44.45331780152814
-93.13279506527726 44.45342255654236
-93.13287877656941 44.45348497657241
-93.13291493821559 44.45360033731618
-93.13290451104544 44.45370469893199
-93.13290800927282 44.4537802120086
-93.13294485428497 44.4538361806765
-93.13306109163373 44.45390569157818
-93.13315332368056 44.45399412562407
-93.13323002601879 44.45410502805659
-93.13333814574921 44.45419389753348
-93.13351262452575 44.45426956124747
-93.13373721085523 44.45432139221254
-93.13392732503526 44.45438610025133
-93.13415817341496 44.45446082406242
-93.13431978213765 44.45456119588946
-93.13447193236358 44.45467365170448
