17
3 2
489292.859230 4922374.687433
489289.721965 4922375.064932
489291.730705 4922370.216655
10 2
489326.421517 4922359.649994
489313.582286 4922370.820060
489296.661062 4922375.163804
489292.859230 4922374.687433
489291.730705 4922370.216655
489296.962810 4922360.558678
489304.003677 4922348.814730
489311.598859 4922339.940612
489319.684232 4922332.175657
489329.390154 4922325.058675
8 2
489418.975407 4922206.513821
489420.173948 4922193.064787
489422.896269 4922185.928557
489432.193210 4922181.203646
489446.959501 4922181.751781
489453.259871 4922188.835899
489450.079833 4922203.932777
489445.338896 4922215.885909
4 2
489416.358067 4922219.028787
489418.975407 4922206.513821
489445.338896 4922215.885909
489439.158522 4922232.502633
5 2
489412.004415 4922226.761878
489416.358067 4922219.028787
489439.158522 4922232.502633
489434.682742 4922244.145763
489428.033843 4922251.089985
3 2
489405.381406 4922232.980813
489412.004415 4922226.761878
489428.033843 4922251.089985
7 2
489389.373121 4922256.808631
489390.988470 4922250.112557
489397.914182 4922239.168319
489405.381406 4922232.980813
489428.033843 4922251.089985
489425.177605 4922263.908545
489391.554713 4922266.424032
7 2
489393.167379 4922278.119191
489391.554713 4922266.424032
489425.177605 4922263.908545
489426.026031 4922275.499337
489425.761336 4922283.887529
489422.840027 4922290.109105
489413.604682 4922297.845179
5 2
489389.902503 4922292.280777
489391.290589 4922285.855474
489393.167379 4922278.119191
489413.604682 4922297.845179
489406.282650 4922307.680077
4 2
489386.680088 4922298.324293
489389.902503 4922292.280777
489406.282650 4922307.680077
489400.200250 4922320.008684
4 2
489379.480141 4922304.179627
489386.680088 4922298.324293
489400.200250 4922320.008684
489391.614317 4922329.894024
4 2
489368.298822 4922308.619069
489379.480141 4922304.179627
489391.614317 4922329.894024
489377.746497 4922338.321137
5 2
489352.948278 4922314.405658
489368.298822 4922308.619069
489377.746497 4922338.321137
489359.887838 4922344.107532
489341.084227 4922319.253050
5 2
489329.390154 4922325.058675
489341.084227 4922319.253050
489359.887838 4922344.107532
489344.774148 4922351.319829
489326.421517 4922359.649994
3 2
489299.604337 4922377.538913
489296.661062 4922375.163804
489313.582286 4922370.820060
3 2
489299.604337 4922377.538913
489313.582286 4922370.820060
489301.497818 4922383.331164
3 2
489301.497818 4922383.331164
489301.497818 4922383.331164
489299.604337 4922377.538913
