51 2
489301.4978184037609 4922383.3311641095206
489299.60433690273203 4922377.5389129221439
489296.66106170573039 4922375.1638041120023
489292.85922968934756 4922374.687432764098
489289.72196480666753 4922375.0649318443611
489291.73070514056599 4922370.2166553810239
489296.96280996850692 4922360.558677829802
489304.00367727671983 4922348.814729896374
489311.59885909757577 4922339.9406117508188
489319.68423165479908 4922332.175656626001
489329.39015400019707 4922325.0586751997471
489341.08422653691377 4922319.2530503571033
489352.94827807485126 4922314.4056578520685
489368.29882154311053 4922308.6190694784746
489379.48014105239417 4922304.1796272657812
489386.68008809379535 4922298.3242925731465
489389.90250285936054 4922292.2807766608894
489391.29058929748135 4922285.8554739542305
489393.16737876198022 4922278.1191906770691
489391.55471327499254 4922266.4240317931399
489389.37312126986217 4922256.8086305065081
489390.98846987669822 4922250.1125568496063
489397.91418246598914 4922239.1683194972575
489405.38140576414298 4922232.9808130962774
489412.00441520655295 4922226.7618782604113
489416.35806663910626 4922219.0287869963795
489418.97540679865051 4922206.5138205140829
489420.17394822259666 4922193.0647873021662
489422.8962689875043 4922185.9285573102534
489432.19321001914795 4922181.2036458002403
489446.95950066292426 4922181.7517806841061
489453.25987143767998 4922188.8358994554728
489450.07983319106279 4922203.9327772958204
489445.33889596472727 4922215.8859093803912
489439.15852157457266 4922232.5026327325031
489434.68274223065237 4922244.1457632668316
489428.03384331497364 4922251.0899854218587
489425.17760493874084 4922263.9085448049009
489426.02603078720858 4922275.4993367828429
489425.76133575092535 4922283.8875293890014
489422.84002736845287 4922290.1091051530093
489413.60468238050817 4922297.8451787205413
489406.28264987492003 4922307.6800765972584
489400.20025015028659 4922320.0086842291057
489391.6143172775046 4922329.8940238468349
489377.74649737740401 4922338.3211366171017
489359.88783802103717 4922344.1075322590768
489344.77414844377199 4922351.3198292339221
489326.42151695524808 4922359.6499937735498
489313.58228640176822 4922370.8200599830598
489301.4978184037609 4922383.3311641095206
