42
-93.13482066556998 44.45489909310371
-93.13484029456711 44.45488338967927
-93.13484824581209 44.45486333606663
-93.13484681109752 44.45484073410558
-93.13483833666574 44.45482735858943
-93.13482409957354 44.45481217593358
-93.13481629854503 44.45480137617939
-93.13481316995055 44.4547837687758
-93.13481747836711 44.4547555240918
-93.13481765521077 44.45473342874732
-93.13480753594287 44.45471585292256
-93.13478202722267 44.45470107441183
-93.1347554527074 44.4546863959477
-93.1347207043536 44.45466981110097
-93.13468637705166 44.4546530732523
-93.13465810661499 44.45464215394986
-93.13463160224302 44.45463620251382
-93.13460591367689 44.45463730267033
-93.13457393960616 44.45464470499503
-93.13455426693525 44.45465656461816
-93.13453323980788 44.45467443950799
-93.13451847973155 44.45469842385851
-93.13451915678417 44.45471839839126
-93.13452747711638 44.45473225078238
-93.13455267999022 44.45474426223515
-93.13457478552077 44.4547585773208
-93.13459529207121 44.4547761606915
-93.13460441775148 44.45479463776728
-93.13460634068132 44.45481408609489
-93.13460130438368 44.45483728215129
-93.13458982640576 44.45485607416281
-93.13458610878243 44.45487198872085
-93.13459524929937 44.45488925184197
-93.13461162132602 44.45490182660493
-93.13463726348097 44.45491624119359
-93.13466077147797 44.45492586495327
-93.13468859594894 44.454933867093
-93.13471708253384 44.45492440696629
-93.13474610134577 44.45491419598952
-93.13478207537966 44.45490769989413
-93.13480379698643 44.45490472728327
-93.13482066556998 44.45489909310371
