10
4 3
489286.520010 4922411.370887
489284.307785 4922412.263382
489282.039690 4922411.216315
489279.729114 4922410.085915
8 3
489293.376897 4922380.129204
489294.944210 4922381.443958
489296.620380 4922383.426690
489297.799063 4922386.088861
489297.748846 4922388.307654
489297.089416 4922389.847420
489295.086487 4922391.184910
489290.831706 4922379.311164
7 3
489284.432970 4922381.073444
489286.680153 4922379.856861
489288.787737 4922379.192325
489290.831706 4922379.311164
489295.086487 4922391.184910
489293.330403 4922392.777875
489281.704972 4922382.937125
5 3
489278.943449 4922384.783868
489281.704972 4922382.937125
489293.330403 4922392.777875
489291.702130 4922394.733662
489276.831884 4922386.417786
7 3
489274.021382 4922392.470523
489274.003267 4922390.016268
489274.805132 4922388.062678
489276.831884 4922386.417786
489291.702130 4922394.733662
489290.979475 4922396.787228
489274.369326 4922395.607284
4 3
489274.369326 4922395.607284
489290.979475 4922396.787228
489290.830043 4922398.947736
489274.123640 4922397.563466
4 3
489274.123640 4922397.563466
489290.830043 4922398.947736
489291.234965 4922401.523617
489273.504974 4922398.764090
15 3
489273.794090 4922408.418110
489272.229551 4922406.676400
489271.593285 4922404.449954
489271.703292 4922401.939215
489272.375062 4922400.452395
489273.504974 4922398.764090
489291.234965 4922401.523617
489292.151578 4922403.609469
489292.450257 4922405.376719
489291.726200 4922407.295446
489290.425955 4922408.694352
489288.388524 4922410.298834
489286.520010 4922411.370887
489279.729114 4922410.085915
489276.865865 4922409.369065
3 3
489273.794090 4922408.418110
489276.865865 4922409.369065
489275.137170 4922409.041725
3 3
489273.794090 4922408.418110
489273.794090 4922408.418110
489275.137170 4922409.041725
