1
22 1
489488.131915 4922082.553337
489485.839119 4922080.589683
489485.089356 4922078.426898
489484.136719 4922075.515983
489484.747356 4922073.293132
489485.927725 4922071.273278
489487.353645 4922069.677515
489489.105136 4922068.646155
489490.898327 4922068.080665
489492.588663 4922068.061686
489494.643124 4922068.549105
489495.823990 4922069.158516
489497.147418 4922069.950663
489498.571949 4922071.777476
489499.055050 4922074.209403
489498.903600 4922077.184235
489498.204092 4922079.528134
489496.874815 4922081.625692
489495.142348 4922082.751210
489493.168736 4922083.189178
489490.669542 4922083.365720
489488.131915 4922082.553337
