22
-93.13211998654975 44.4519685562575
-93.13214876395901 44.45195084459971
-93.13215814352677 44.45193136263867
-93.13217005774277 44.45190514247982
-93.13216233776285 44.45188513954145
-93.1321474611766 44.45186697243065
-93.13212950697108 44.45185262687419
-93.13210747227103 44.45184336723818
-93.13208492291024 44.45183830232762
-93.13206367738147 44.45183815602653
-93.13203786559298 44.45184257400251
-93.13202303613905 44.45184807754474
-93.13200641858086 44.45185522829167
-93.13198855126637 44.4518716953601
-93.13198252868284 44.45189359645503
-93.13198449251526 44.45192037599028
-93.13199333187949 44.45194146741635
-93.1320100815841 44.45196033193766
-93.13203187912038 44.45197043954983
-93.13205669357775 44.45197435379851
-93.13208810857481 44.45197590684484
-93.13211998654975 44.4519685562575
