3
8 1
489448.665156 4922158.416779
489446.539439 4922156.648301
489445.610902 4922154.424113
489446.169191 4922152.115735
489456.481052 4922153.800147
489454.959666 4922156.622364
489453.185206 4922158.208100
489451.100541 4922158.785330
12 1
489446.149489 4922149.602917
489447.770091 4922145.586479
489448.767261 4922143.832893
489450.168198 4922143.073848
489451.812133 4922142.749697
489453.310745 4922142.774668
489454.977995 4922143.887222
489456.791758 4922145.985598
489457.389276 4922148.432743
489457.451011 4922150.612587
489456.481052 4922153.800147
489446.169191 4922152.115735
3 1
489448.665156 4922158.416779
489448.665156 4922158.416779
489451.100541 4922158.785330
