32 1
489471.47430280270055 4922122.6984489774331
489469.29125717794523 4922120.0815246934071
489468.28322466934333 4922117.7172360382974
489468.03820034657838 4922114.6099064685404
489469.233393755625 4922112.000273168087
489470.48485627322225 4922109.4332808395848
489472.1184844209929 4922106.9603141816333
489473.27780905686086 4922105.3388613481075
489473.33434793906054 4922102.7282923394814
489473.94224249501713 4922100.2277733106166
489474.46972049126634 4922098.1174655817449
489475.44221190130338 4922096.1320773968473
489476.79715843952727 4922095.2845544992015
489479.0452308881795 4922094.9437519805506
489481.13359076157212 4922095.1072592865676
489482.53400774265174 4922096.0382866011932
489483.69191828521434 4922097.3332934649661
489484.5460765879252 4922098.6891670040786
489484.83278964500641 4922100.1059743044898
489484.85591804061551 4922101.5232944451272
489484.23464151780354 4922104.7051533823833
489483.45613848866196 4922106.820435764268
489482.69907698320458 4922108.7799196951091
489481.6646105593536 4922111.9756073020399
489481.41393447312294 4922114.1118336208165
489481.65336558799027 4922116.3144128331915
489480.84163091058144 4922119.1436726208776
489479.56338532204973 4922121.4994558608159
489477.97294284478994 4922122.5879074921831
489475.74331363552483 4922123.4373124297708
489473.57067228446249 4922123.5330692697316
489471.47430280270055 4922122.6984489774331
