19 1
489448.66515625198372 4922158.4167786780745
489446.53943894139957 4922156.6483012698591
489445.61090159404557 4922154.4241134990007
489446.16919109312585 4922152.1157345976681
489446.14948875788832 4922149.6029174625874
489447.77009140909649 4922145.5864790966734
489448.76726060005603 4922143.8328930707648
489450.16819834074704 4922143.073847707361
489451.81213280459633 4922142.7496974542737
489453.31074498192174 4922142.7746676634997
489454.97799522290006 4922143.8872218439355
489456.79175821447279 4922145.9855977157131
489457.38927581370808 4922148.4327429197729
489457.45101092651021 4922150.6125873373821
489456.48105231893715 4922153.8001473573968
489454.95966607343871 4922156.6223638793454
489453.18520600337069 4922158.2080999892205
489451.1005407901248 4922158.7853297553957
489448.66515625198372 4922158.4167786780745
