5
16 1
489473.277809 4922105.338861
489473.334348 4922102.728292
489473.942242 4922100.227773
489474.469720 4922098.117466
489475.442212 4922096.132077
489476.797158 4922095.284554
489479.045231 4922094.943752
489481.133591 4922095.107259
489482.534008 4922096.038287
489483.691918 4922097.333293
489484.546077 4922098.689167
489484.832790 4922100.105974
489484.855918 4922101.523294
489484.234642 4922104.705153
489483.456138 4922106.820436
489482.699077 4922108.779920
5 1
489472.118484 4922106.960314
489473.277809 4922105.338861
489482.699077 4922108.779920
489481.664611 4922111.975607
489470.484856 4922109.433281
6 1
489468.038200 4922114.609906
489469.233394 4922112.000273
489470.484856 4922109.433281
489481.664611 4922111.975607
489481.413934 4922114.111834
489468.283225 4922117.717236
10 1
489471.474303 4922122.698449
489469.291257 4922120.081525
489468.283225 4922117.717236
489481.413934 4922114.111834
489481.653366 4922116.314413
489480.841631 4922119.143673
489479.563385 4922121.499456
489477.972943 4922122.587907
489475.743314 4922123.437312
489473.570672 4922123.533069
3 1
489471.474303 4922122.698449
489471.474303 4922122.698449
489473.570672 4922123.533069
