32
-93.1323301657979 44.45232973111367
-93.13235755061859 44.45230613975454
-93.13237017218664 44.45228483992533
-93.13237318862986 44.45225686178275
-93.13235811356574 44.45223338526267
-93.13234233215292 44.45221029344679
-93.13232174935281 44.45218805368479
-93.13230714523476 44.45217347299705
-93.13230638155571 44.45214997146723
-93.13229869031741 44.45212746871888
-93.13229201774263 44.45210847778198
-93.13227975449634 44.45209061794429
-93.13226270743718 44.4520830076115
-93.13223444529881 44.45207997215976
-93.13220820077584 44.45208147456309
-93.13219061834516 44.4520898767602
-93.13217609127733 44.45210155225181
-93.13216538319432 44.45211377129276
-93.13216180836474 44.4521265306532
-93.13216154644816 44.45213929079727
-93.13216941966296 44.45216792730692
-93.13217924735494 44.4521869593854
-93.13218880239808 44.4522045891572
-93.13220186916467 44.45223334415024
-93.13220506321713 44.45225257245801
-93.13220209861805 44.45227240525544
-93.13221235851806 44.45229786462168
-93.13222847224112 44.45231905459864
-93.13224848413564 44.45232883053509
-93.13227652492266 44.45233644508212
-93.13230383413578 44.45233727553146
-93.1323301657979 44.45232973111367
