19
-93.13261757467797 44.45265096251023
-93.13264425627634 44.45263501029181
-93.13265588151067 44.45261497288857
-93.13264881746584 44.45259419923503
-93.13264901389235 44.45257157663413
-93.13262856311425 44.45253544121897
-93.13261599422994 44.45251966864055
-93.1325983707535 44.45251285557263
-93.13257770197829 44.45250996130753
-93.1325588668316 44.45251020797001
-93.13253793426267 44.45252024835679
-93.13251518027556 44.4525391660017
-93.13250772004882 44.45256120579872
-93.13250698849021 44.45258083133574
-93.13251924454886 44.45260951406008
-93.13253842394212 44.45263489963756
-93.13256075899652 44.45264914977219
-93.13258697241517 44.45265431602664
-93.13261757467797 44.45265096251023
