1
19 4
489294.241343 4922402.611227
489293.333715 4922401.331063
489292.895811 4922399.956579
489292.833527 4922398.628349
489292.927842 4922397.065645
489293.554313 4922395.721504
489294.477998 4922394.643107
489295.745666 4922393.861639
489296.919217 4922393.830077
489298.249132 4922394.376383
489299.297285 4922395.750277
489299.688442 4922397.499171
489299.641371 4922399.498163
489299.093529 4922401.029023
489298.326476 4922402.279018
489297.262221 4922403.061076
489296.276270 4922403.218413
489295.211800 4922403.188243
489294.241343 4922402.611227
