19
-93.13456353901154 44.45484711816698
-93.13457492074041 44.45483557971653
-93.1345803964381 44.45482319906984
-93.13458115182888 44.45481124040606
-93.13457993405137 44.45479717314414
-93.13457203200363 44.45478508143673
-93.13456039971219 44.45477538656069
-93.13454444996793 44.45476836995327
-93.13452969869977 44.45476810318858
-93.13451299400747 44.45477304113494
-93.1344998479333 44.45478542549571
-93.13449496753269 44.45480117616515
-93.1344956004786 44.454819171929
-93.13450251806165 44.45483294579324
-93.13451218516394 44.45484418785458
-93.13452557819377 44.4548512127821
-93.13453797409139 44.4548526146552
-93.13455135304885 44.45485232727654
-93.13456353901154 44.45484711816698
