19 4
489294.24134347907966 4922402.6112267812714
489293.33371468051337 4922401.33106346149
489292.89581056591123 4922399.9565789215267
489292.83352715207729 4922398.6283490797505
489292.92784211895196 4922397.0656449124217
489293.55431344569661 4922395.7215040074661
489294.47799827239942 4922394.6431071022525
489295.74566595663782 4922393.8616386093199
489296.91921697621001 4922393.8300772923976
489298.24913150508655 4922394.3763826889917
489299.29728471284034 4922395.7502768170089
489299.68844178447034 4922397.4991705855355
489299.64137130434392 4922399.4981631236151
489299.09352946566651 4922401.0290230801329
489298.32647611881839 4922402.2790184849873
489297.26222126977518 4922403.0610761726275
489296.27627049508737 4922403.2184133399278
489295.21179978258442 4922403.1882428042591
489294.24134347907966 4922402.6112267812714
