54
-93.13354016337445 44.45389497838563
-93.13355106822371 44.45388221680305
-93.13355344157597 44.45386923610672
-93.13354458293958 44.45385779175228
-93.13353196846268 44.45384770982547
-93.13351792542508 44.45384287363345
-93.13350299907667 44.4538425646813
-93.13348641508094 44.45384538945104
-93.13347018576782 44.45384527186812
-93.13345894216313 44.45384208577687
-93.13344994015236 44.45382957704771
-93.1334495544908 44.45381884019611
-93.13345978181006 44.45381069983353
-93.13347796433391 44.45380774934213
-93.13349450912477 44.45380780696686
-93.13351546734603 44.45380518379112
-93.13353000158693 44.4538012341714
-93.13354043413842 44.45379030235955
-93.13354266698487 44.45377935505389
-93.13354003295646 44.45376856650039
-93.13353556056131 44.45376047861905
-93.13352376571218 44.45375323330764
-93.13350822454323 44.45374999710072
-93.13350001060363 44.45374858358235
-93.13349077690998 44.45374676003254
-93.13347386884155 44.45373475208054
-93.13346014022315 44.45373014453957
-93.13344583037018 44.45372893295804
-93.13343019390194 44.45373236193853
-93.13341758470654 44.4537410530196
-93.13341164085712 44.45375149549955
-93.13341482326179 44.45376296147
-93.13341133046706 44.45377269791847
-93.13340604461841 44.45377926563967
-93.13339571341608 44.45377971822147
-93.13338490056147 44.45378309194365
-93.13337882385686 44.45379094505984
-93.1333751758559 44.45380215678887
-93.13337416494988 44.45381213052656
-93.13337741267949 44.45382053406306
-93.13338841073036 44.45383112499577
-93.13339599061982 44.45384705842294
-93.13340276678962 44.45385795403481
-93.13341193226692 44.45387028596945
-93.13342032452937 44.45387982915171
-93.13342739413639 44.45389136736426
-93.13343929965008 44.45390327130976
-93.1334514751295 44.45391004434018
-93.13346406278443 44.4539111693937
-93.13348319130561 44.45390638615214
-93.13349994909974 44.453900488588
-93.13351305742121 44.45390081577765
-93.13352671442117 44.45390036871334
-93.13354016337445 44.45389497838563
