14
10 4
489381.867514 4922287.345480
489386.137181 4922283.846902
489386.959219 4922283.895833
489387.820107 4922284.269172
489388.304995 4922285.140682
489388.597263 4922286.385570
489388.679497 4922287.493288
489388.422628 4922288.427146
489387.549535 4922289.604979
489382.682680 4922288.248357
8 4
489375.487593 4922296.717296
489374.617685 4922295.301198
489374.426506 4922293.859654
489375.129228 4922292.587303
489376.131014 4922291.465798
489377.247409 4922290.926786
489378.434900 4922290.890531
489379.754843 4922291.202144
7 4
489375.487593 4922296.717296
489379.754843 4922291.202144
489381.046034 4922291.186977
489385.019279 4922295.019014
489384.458908 4922296.301557
489383.513857 4922297.625353
489378.688057 4922297.324130
11 4
489379.104066 4922287.028658
489377.436142 4922286.740005
489376.279074 4922286.303182
489375.447073 4922285.090268
489375.267441 4922283.874567
489375.475050 4922282.675869
489375.829410 4922281.776913
489376.766502 4922280.970597
489378.002380 4922280.609112
489378.655630 4922280.451036
489380.420368 4922287.020109
4 4
489380.420368 4922287.020109
489378.655630 4922280.451036
489379.389938 4922280.247284
489381.867514 4922287.345480
9 4
489381.867514 4922287.345480
489379.389938 4922280.247284
489380.732979 4922278.911286
489381.824402 4922278.397714
489382.962683 4922278.261278
489384.207352 4922278.640129
489385.212122 4922279.603869
489385.686910 4922280.763013
489385.435793 4922282.037028
3 4
489381.867514 4922287.345480
489385.435793 4922282.037028
489385.715446 4922283.118067
3 4
489381.867514 4922287.345480
489385.715446 4922283.118067
489386.137181 4922283.846902
5 4
489382.653942 4922289.441021
489382.682680 4922288.248357
489387.549535 4922289.604979
489386.949361 4922291.375794
489386.412219 4922292.586921
5 4
489381.940004 4922290.831617
489382.653942 4922289.441021
489386.412219 4922292.586921
489385.685243 4922293.957900
489385.019279 4922295.019014
3 4
489381.046034 4922291.186977
489381.940004 4922290.831617
489385.019279 4922295.019014
5 4
489383.513857 4922297.625353
489382.546398 4922298.379259
489381.545123 4922298.505859
489380.022383 4922297.977036
489378.688057 4922297.324130
4 4
489375.487593 4922296.717296
489378.688057 4922297.324130
489377.645213 4922297.362175
489376.558575 4922297.314289
3 4
489375.487593 4922296.717296
489375.487593 4922296.717296
489376.558575 4922297.314289
