40 4
489376.83014238707256 4922273.5556680476293
489376.10209921479691 4922272.4346312033013
489376.19433398277033 4922271.4130635848269
489376.70819847390521 4922270.4253641376272
489377.66641375847394 4922269.5833804598078
489378.61346932814922 4922269.4191843504086
489379.50472906784853 4922269.2658068537712
489380.68327063531615 4922268.7588133439422
489381.31273802986834 4922268.0401144549251
489381.20991395541932 4922267.0847046328709
489380.4205900664092 4922266.4174562357366
489378.83191002323292 4922266.360143984668
489377.61118911852827 4922266.3461262881756
489376.11915804777527 4922265.7063564341515
489375.11728049512021 4922264.8445798307657
489375.19669350673212 4922263.7615460772067
489375.39025312877493 4922262.3593177199364
489376.07391990331234 4922261.1811676267534
489377.3628512948053 4922260.2033227197826
489379.12174277659506 4922260.0729750180617
489380.8377792747342 4922260.9002284584567
489383.21205626131268 4922261.5622562868521
489384.88993253785884 4922262.4621043931693
489385.56763187021716 4922263.4527307655662
489385.62347237562062 4922264.4828543066978
489385.44903915101895 4922265.856661693193
489384.97817403526278 4922267.079086093232
489384.76186005346244 4922267.9214052595198
489384.93773854826577 4922268.7726727221161
489385.60728876816574 4922269.5568482074887
489386.97126175375888 4922271.24301817175
489387.12364377058111 4922273.0277110030875
489386.53523881261935 4922273.9791343072429
489385.34644708415726 4922274.6334569118917
489383.98555597179802 4922274.1324415085837
489382.3972212865483 4922273.5300825759768
489380.70909984206082 4922273.6021117940545
489379.04725365026388 4922273.9360088333488
489377.78878993011313 4922274.0411864565685
489376.83014238707256 4922273.5556680476293
