40
-93.13352281370936 44.45368647936641
-93.13353194147453 44.4536763762349
-93.1335307612203 44.45366718065455
-93.13352428220649 44.45365829617671
-93.13351222114902 44.45365073007218
-93.13350031426222 44.45364926576627
-93.13348910889432 44.45364789803694
-93.13347428543744 44.45364335100341
-93.13346635894085 44.45363688996962
-93.13346763174331 44.45362828712699
-93.13347753905001 44.45362226845155
-93.13349750594691 44.45362172914619
-93.13351284886407 44.45362158501431
-93.1335315890334 44.45361580339261
-93.13354416392045 44.45360803029587
-93.13354314356084 44.45359828116179
-93.13354068194842 44.45358566007032
-93.1335320647969 44.4535750635051
-93.1335158442117 44.45356627913325
-93.13349373410468 44.45356513148327
-93.13347218227715 44.45357260426009
-93.13344235365759 44.45357859921109
-93.13342128294096 44.45358672497085
-93.13341278526762 44.45359565329942
-93.13341210452407 44.45360492808201
-93.13341432512799 44.45361729358967
-93.13342026847398 44.45362829187934
-93.1334230045842 44.45363587190704
-93.13342081142115 44.45364353825231
-93.13341241193402 44.45365060783181
-93.13339530274573 44.45366580805106
-93.13339342403393 44.45368187746237
-93.13340083918507 44.45369043426774
-93.13341579450213 44.45369630752985
-93.13343288925319 44.45369177702372
-93.13345284065848 44.45368633080274
-93.13347406010709 44.45368695447227
-93.13349495467359 44.45368993605894
-93.13351077444239 44.4536908644606
-93.13352281370936 44.45368647936641
