10
10 4
489378.831910 4922266.360144
489377.611189 4922266.346126
489376.119158 4922265.706356
489375.117280 4922264.844580
489375.196694 4922263.761546
489375.390253 4922262.359318
489376.073920 4922261.181168
489377.362851 4922260.203323
489379.121743 4922260.072975
489380.837779 4922260.900228
8 4
489385.607289 4922269.556848
489386.971262 4922271.243018
489387.123644 4922273.027711
489386.535239 4922273.979134
489385.346447 4922274.633457
489383.985556 4922274.132442
489382.397221 4922273.530083
489384.937739 4922268.772673
4 4
489384.937739 4922268.772673
489382.397221 4922273.530083
489380.709100 4922273.602112
489384.761860 4922267.921405
7 4
489381.312738 4922268.040114
489384.761860 4922267.921405
489380.709100 4922273.602112
489379.047254 4922273.936009
489377.788790 4922274.041186
489376.830142 4922273.555668
489380.683271 4922268.758813
5 4
489380.420590 4922266.417456
489378.831910 4922266.360144
489380.837779 4922260.900228
489383.212056 4922261.562256
489384.889933 4922262.462104
7 4
489381.209914 4922267.084705
489380.420590 4922266.417456
489384.889933 4922262.462104
489385.567632 4922263.452731
489385.623472 4922264.482854
489385.449039 4922265.856662
489384.978174 4922267.079086
4 4
489381.209914 4922267.084705
489384.978174 4922267.079086
489384.761860 4922267.921405
489381.312738 4922268.040114
3 4
489379.504729 4922269.265807
489380.683271 4922268.758813
489376.830142 4922273.555668
7 4
489376.194334 4922271.413064
489376.708198 4922270.425364
489377.666414 4922269.583380
489378.613469 4922269.419184
489379.504729 4922269.265807
489376.830142 4922273.555668
489376.102099 4922272.434631
3 4
489376.830142 4922273.555668
489376.830142 4922273.555668
489376.102099 4922272.434631
