4634532.032 1729566.602
4634531.94 1729564.998
4634532.869 1729563.234
4634533.729 1729561.782
4634534.343 1729560.258
4634534.709 1729558.998
4634534.411 1729557.985
4634534.656 1729557.224
4634534.926 1729556.612
4634534.477 1729556.176
4634533.846 1729555.93
4634533.241 1729555.631
4634533.349 1729554.166
4634534.307 1729552.203
4634535.388 1729550.391
4634537.153 1729548.094
4634538.275 1729545.714
4634539.771 1729544.167
4634541.162 1729543.147
4634542.66 1729543.086
4634544.392 1729543.45
4634545.953 1729543.611
4634547.665 1729544.016
4634548.531 1729544.718
4634548.845 1729546.115
4634548.801 1729547.949
4634547.885 1729550.34
4634545.925 1729551.97
4634543.799 1729552.862
4634542.229 1729553.78
4634541.62 1729554.821
4634541.946 1729556.842
4634542.263 1729558.673
4634541.939 1729560.261
4634541.496 1729562.088
4634542.249 1729563.867
4634542.731 1729565.541
4634541.936 1729567.291
4634540.388 1729568.01
4634538.855 1729567.974
4634537.378 1729567.778
4634536.093 1729568.063
4634534.996 1729568.048
4634533.858 1729567.604
4634532.9 1729567.097
4634532.032 1729566.602
4634567.857 1729597.984
