15
11
6.9132 152.563
7.95945 153.274
8.8275 154.409
9.47144 155.549
9.82119 156.284
2.87059 163.877
1.33767 163.837
-0.261114 163.543
-1.11545 162.259
-1.26417 160.835
5.96171 151.976
7
13.3923 165.252
13.2085 166.888
12.5508 168.452
11.1846 168.99
9.62898 168.855
8.06818 167.738
7.04642 166.53
4
13.7578 164.251
13.3923 165.252
7.04642 166.53
5.8591 165.334
11
11.6631 157.159
12.9496 157.621
14.3102 158.546
15.0786 159.887
15.413 161.473
15.2955 162.613
14.6939 163.377
13.7578 164.251
5.8591 165.334
4.46117 164.323
10.5678 156.936
4
9.82119 156.284
10.5678 156.936
4.46117 164.323
2.87059 163.877
5
5.96171 151.976
-1.26417 160.835
-2.02241 159.79
-2.03659 158.833
-1.55435 157.742
4
5.96171 151.976
-1.55435 157.742
-1.80112 156.859
5.59807 151.191
11
5.59807 151.191
-1.80112 156.859
-2.64863 155.983
-3.42627 155.082
-3.85067 153.769
-3.92512 152.484
-3.73822 151.009
-3.37632 149.345
-2.62646 148.01
-1.85528 146.993
5.80857 150.624
4
5.80857 150.624
-1.85528 146.993
-1.26912 146.123
6.61935 149.885
3
6.61935 149.885
-1.26912 146.123
-1.04583 145.379
12
7.6503 149.694
6.61935 149.885
-1.04583 145.379
-1.25137 144.651
-1.4765 143.806
-1.57657 142.69
-1.36677 141.493
-0.468589 140.599
0.760773 139.989
1.74277 140.136
2.84439 140.539
3.88671 141.054
3
7.6503 149.694
3.88671 141.054
4.58837 141.324
9
12.5713 146.214
11.7014 147.509
10.906 148.288
9.72535 149.031
8.60701 149.467
7.6503 149.694
4.58837 141.324
5.27533 141.221
12.9729 144.844
14
11.8157 140.356
12.3034 141.005
12.7945 141.95
13.0219 142.732
13.1025 143.71
12.9729 144.844
5.27533 141.221
6.03235 140.585
6.90943 139.992
7.87782 139.402
8.7844 139.189
9.57344 139.223
10.4511 139.417
11.2895 139.875
3
10.4511 139.417
10.4511 139.417
11.2895 139.875
