32
29.692582926931955001 -0.68426042236724526902
31.326208952434065225 -0.82001795485653694584
33.063470462245192039 -0.0016782781028368276566
34.575724916371918027 0.95096438620300460798
35.409566176507134116 2.705156061960027003
35.952112860893961965 4.2967209293311814378
36.559261300354251034 7.3178285149529198605
37.072297701938254022 10.988692681031277942
36.985213397178156924 15.509892467798081839
37.175399736018228225 28.599842633277987147
36.47285284152370366 34.511546053483250773
35.243500329271114424 37.218647812069185932
33.729087304963428551 38.95217639307152524
32.117876769225837563 40.228257603864804537
31.094698652397958938 40.852144857251893484
30.165318889009583359 41.121759570820223928
28.505785103378791234 41.506355651109402061
26.378179250826526925 41.496298262750308083
24.428537740018313684 40.904254860347847966
22.315806866294916944 39.776979420337873705
20.790623385323765859 37.947152751504752644
19.787231809698532459 36.397920898736238371
19.468032669665198853 34.044095033904007153
19.719009194682250552 9.6584522241120644992
19.977904733483534017 5.9621027559507018267
20.996354266995020055 4.4045055846087137752
22.010432078238139297 3.4725393285731263049
23.463078780008693514 2.4234188620762306954
24.963029243058159068 1.3904029759835498936
26.466649926836513629 0.55645764481901771603
27.948248768974913503 -0.26527435618285899466
29.692582926931955001 -0.68426042236724526902
