4
9
29.6926 -0.68426
31.3262 -0.820018
33.0635 -0.00167828
34.5757 0.950964
35.4096 2.70516
35.9521 4.29672
36.5593 7.31783
37.0723 10.9887
36.9852 15.5099
8
19.468 34.0441
19.719 9.65845
19.9779 5.9621
20.9964 4.40451
22.0104 3.47254
23.4631 2.42342
24.963 1.3904
26.4667 0.556458
18
37.1754 28.5998
36.4729 34.5115
35.2435 37.2186
33.7291 38.9522
32.1179 40.2283
31.0947 40.8521
30.1653 41.1218
28.5058 41.5064
26.3782 41.4963
24.4285 40.9043
22.3158 39.777
20.7906 37.9472
19.7872 36.3979
19.468 34.0441
26.4667 0.556458
27.9482 -0.265274
29.6926 -0.68426
36.9852 15.5099
3
29.6926 -0.68426
29.6926 -0.68426
36.9852 15.5099
