5
9 5
488568.33045694889734 4922443.4559089792892
488567.62592093029525 4922447.0422313893214
488565.10613745771116 4922450.2786661470309
488563.5290503349388 4922451.3526053391397
488560.56586570729269 4922450.7994010541588
488558.58715661603492 4922449.131289745681
488557.80464083881816 4922445.0993972392753
488558.19842896913178 4922440.5937880706042
488559.66249048744794 4922436.586050982587
5 5
488569.93996104702819 4922439.7098240610212
488568.33045694889734 4922443.4559089792892
488559.66249048744794 4922436.586050982587
488561.1635967232869 4922432.0383272301406
488571.38385806733277 4922435.8490545200184
5 5
488572.56495312508196 4922433.4996552607045
488571.38385806733277 4922435.8490545200184
488561.1635967232869 4922432.0383272301406
488561.84413586568553 4922428.2924386430532
488563.38740661408519 4922424.2324846507981
12 5
488571.88669690670213 4922415.8851858153939
488574.60762935038656 4922417.4637146368623
488576.71514997561462 4922419.4120195824653
488577.27100884431275 4922421.7506344299763
488576.85115752654383 4922424.6558420686051
488575.43649564863881 4922428.6871305340901
488574.21139988262439 4922430.7892064219341
488572.56495312508196 4922433.4996552607045
488563.38740661408519 4922424.2324846507981
488564.98700211849064 4922420.4304587161168
488566.41169066977454 4922417.0758995590732
488568.22477802331559 4922415.1361572006717
3 5
488568.22477802331559 4922415.1361572006717
488568.22477802331559 4922415.1361572006717
488566.41169066977454 4922417.0758995590732
