1
16 4
488581.48126010043779 4922440.4525685813278
488579.80491247656755 4922439.7690511718392
488579.22826640016865 4922438.6381098162383
488578.91530375333969 4922437.4772003609687
488578.88399262470193 4922435.5019759936258
488579.50458006572444 4922433.4763637408614
488581.09873578784754 4922432.0938093550503
488582.29818398872158 4922431.5132332574576
488583.74435972858919 4922431.6233440320939
488584.89824498497183 4922432.4904557038099
488585.29313618910965 4922433.5952961975709
488585.3640158699709 4922435.7173928590491
488585.0250905843568 4922437.3935637753457
488584.1615372542874 4922439.0073653263971
488583.23184353648685 4922440.084544760175
488581.48126010043779 4922440.4525685813278
