3
11 1
488765.75202494714176 4922551.0255047446117
488767.42067936673993 4922552.3875642744824
488769.02870027575409 4922554.1916604358703
488769.26621443359181 4922555.7536925217137
488769.03241127659567 4922558.0096787689254
488767.93274433840998 4922560.180829230696
488766.34775750909466 4922561.022689813748
488764.69823624473065 4922561.5849176188931
488761.21316692634718 4922560.9431373309344
488759.21216045890469 4922559.6250456422567
488763.45738962118048 4922549.5861878031865
9 1
488755.54937322094338 4922548.7634347388521
488757.73672329680994 4922547.9202310601249
488760.26973502902547 4922548.4860169934109
488763.45738962118048 4922549.5861878031865
488759.21216045890469 4922559.6250456422567
488755.94002708338667 4922557.5177655201405
488754.29498517059255 4922555.3091927645728
488753.57508825929835 4922553.0265246666968
488753.95611680025468 4922550.591196352616
3 1
488753.57508825929835 4922553.0265246666968
488753.57508825929835 4922553.0265246666968
488753.95611680025468 4922550.591196352616
