1
16 1
488745.97380101779709 4922547.3698351858184
488742.55465187155642 4922547.7173768281937
488738.93676846585004 4922546.5673370538279
488736.13577592215734 4922543.8353682272136
488734.93374653568026 4922541.5604468015954
488735.49151965114288 4922539.3084462946281
488737.32314701663563 4922537.2091339891776
488740.0355730431038 4922536.1477922899649
488743.18683529528789 4922535.9767442820594
488746.78775105130626 4922537.3391896151006
488748.90131003886927 4922539.4388496009633
488750.05060669285012 4922541.1408099131659
488750.40192716609454 4922542.6526075489819
488749.75962393125519 4922544.7781491931528
488748.28384342056233 4922546.3485760586336
488745.97380101779709 4922547.3698351858184
