1
16 4
488578.43830723129213 4922451.2883190708235
488577.03903395665111 4922450.965631053783
488576.39130118984031 4922449.8841776922345
488576.0175434476696 4922448.7085565440357
488575.70343989500543 4922446.550604200922
488576.20498465700075 4922445.1637213602662
488576.96160333458101 4922444.3388792071491
488578.24075520772021 4922443.5160788223147
488579.48385924450122 4922443.4834165778011
488580.49214871641016 4922444.2814978556708
488581.39987490815111 4922445.9258872773498
488581.36226307949983 4922447.3080603927374
488581.14454987068893 4922449.0663221981376
488580.6659633704694 4922450.2629220671952
488579.55037982354406 4922451.3066680822521
488578.43830723129213 4922451.2883190708235
