7
9 4
488614.39599609043216 4922421.4225851986557
488614.26760188024491 4922420.2413720972836
488614.28992701525567 4922418.886668083258
488614.87731799209723 4922417.732498251833
488616.18601442623185 4922417.1192470910028
488617.32318167435005 4922417.4514708267525
488618.55619496008148 4922418.1752896374092
488619.54973983857781 4922419.3225059825927
488620.35744976706337 4922420.3855798784643
9 4
488617.92032440315234 4922426.5230834465474
488617.05316364049213 4922426.6141561456025
488615.54977352899732 4922426.4976767906919
488614.45582125784131 4922425.6488985158503
488613.73109417804517 4922424.4556236714125
488613.97350688494043 4922422.8616910809651
488614.39599609043216 4922421.4225851986557
488620.35744976706337 4922420.3855798784643
488619.14787913532928 4922426.1491856295615
4 4
488620.14504050271353 4922426.0738530857489
488619.14787913532928 4922426.1491856295615
488620.35744976706337 4922420.3855798784643
488621.80559917876963 4922421.0092893531546
6 4
488621.05643129593227 4922426.1839146213606
488620.14504050271353 4922426.0738530857489
488621.80559917876963 4922421.0092893531546
488623.53295350988628 4922421.4743246650323
488624.93941459839698 4922422.4862726014107
488626.27728614566149 4922423.556094860658
7 4
488622.00915994605748 4922428.3908512247726
488621.41584267199505 4922427.141635726206
488621.05643129593227 4922426.1839146213606
488626.27728614566149 4922423.556094860658
488627.45832861459348 4922424.6814914662391
488628.43438808224164 4922425.9118321575224
488629.13587286521215 4922427.3041598955169
11 4
488626.11424991540844 4922432.6336713954806
488624.7363427769742 4922432.0694692311808
488623.57961229275679 4922431.0739167323336
488622.38716186693637 4922429.8129912531003
488622.00915994605748 4922428.3908512247726
488629.13587286521215 4922427.3041598955169
488629.39553637587233 4922428.5777550470084
488629.28798259457108 4922430.2662070412189
488628.86810056923423 4922431.1978389183059
488628.07501136540668 4922431.9537266651168
488627.30728113022633 4922432.4510493697599
3 4
488626.11424991540844 4922432.6336713954806
488626.11424991540844 4922432.6336713954806
488627.30728113022633 4922432.4510493697599
