12
7 4
488619.19205924629932 4922340.709248136729
488620.07155772531405 4922341.8302470939234
488620.44933100556955 4922342.8892087284476
488620.16130945691839 4922344.6897363541648
488619.29026822722517 4922345.5337120527402
488618.01639650581637 4922346.5206113271415
488617.85708766622702 4922339.6574149718508
7 4
488611.03401845420012 4922342.2249833466485
488610.68775389983784 4922340.399103725329
488617.2208714291919 4922338.629910742864
488617.85708766622702 4922339.6574149718508
488618.01639650581637 4922346.5206113271415
488617.23655897262506 4922347.1247779726982
488611.41408298036549 4922343.8016055086628
7 4
488618.30694257526193 4922352.9186906022951
488618.89814128284343 4922354.329976124689
488618.72580246487632 4922355.7143893670291
488617.61523765651509 4922356.9235043926165
488616.45584722229978 4922357.4883221769705
488615.42991357593564 4922357.4932905295864
488617.43010256416164 4922351.7311364170164
4 4
488617.43010256416164 4922351.7311364170164
488615.42991357593564 4922357.4932905295864
488614.11922313371906 4922357.7201254637912
488616.71794683596818 4922350.2446046313271
6 4
488616.71794683596818 4922350.2446046313271
488614.11922313371906 4922357.7201254637912
488612.78067876340356 4922358.651697720401
488609.54751745850081 4922351.9458332406357
488609.48759373673238 4922350.2787021351978
488616.78700166934868 4922348.661123117432
6 4
488608.93642395618372 4922360.5128955636173
488607.78206452942686 4922359.9303237935528
488606.70549449138343 4922358.7155034840107
488606.40640800556866 4922356.9514028131962
488606.91470238158945 4922355.472993097268
488607.89992187503958 4922354.30858041998
3 4
488608.93642395618372 4922360.5128955636173
488607.89992187503958 4922354.30858041998
488608.89929101004964 4922353.0193953653798
6 4
488608.93642395618372 4922360.5128955636173
488608.89929101004964 4922353.0193953653798
488609.54751745850081 4922351.9458332406357
488612.78067876340356 4922358.651697720401
488611.6989069210249 4922359.5541451489553
488610.84284791426035 4922360.2222919929773
9 4
488610.68775389983784 4922340.399103725329
488610.62520828243578 4922338.4225615859032
488611.28508711827453 4922336.860486083664
488612.17830650112592 4922335.9652566537261
488613.46180806279881 4922335.5006999950856
488614.79313622287009 4922335.607771682553
488615.97248519578716 4922336.3891570242122
488616.56136034213705 4922337.2840411458164
488617.2208714291919 4922338.629910742864
4 4
488610.83449771034066 4922345.2612618869171
488611.41408298036549 4922343.8016055086628
488617.23655897262506 4922347.1247779726982
488616.78700166934868 4922348.661123117432
5 4
488609.31447195855435 4922348.4682365907356
488609.93288221530383 4922346.685762450099
488610.83449771034066 4922345.2612618869171
488616.78700166934868 4922348.661123117432
488609.48759373673238 4922350.2787021351978
3 4
488608.93642395618372 4922360.5128955636173
488608.93642395618372 4922360.5128955636173
488611.6989069210249 4922359.5541451489553
