16
4 2
489192.70023616059916 4922395.7809090428054
489192.82662350713508 4922397.5379488533363
489190.18167957506375 4922395.9251205548644
489192.29866054886952 4922393.6723872534931
3 2
489192.8646239452064 4922385.8275590939447
489195.1524279016885 4922386.2934817634523
489193.80116395454388 4922388.6425647670403
6 2
489183.17003508942435 4922397.8880500849336
489191.05526383413235 4922383.8437999263406
489192.8646239452064 4922385.8275590939447
489193.80116395454388 4922388.6425647670403
489192.5319645384443 4922391.4902973165736
489190.18167957506375 4922395.9251205548644
3 2
489192.5319645384443 4922391.4902973165736
489192.29866054886952 4922393.6723872534931
489190.18167957506375 4922395.9251205548644
13 2
489149.48957620566944 4922392.4513658927754
489157.67286356596742 4922387.0713065546006
489172.45746346091619 4922379.9433789467439
489180.35320368537214 4922377.6174835963175
489184.88529208803084 4922379.1841279938817
489189.29785836249357 4922381.5381833305582
489191.05526383413235 4922383.8437999263406
489183.17003508942435 4922397.8880500849336
489178.2837520740577 4922402.8564160941169
489173.87696827005129 4922406.4545473037288
489167.85285652906168 4922410.483671666123
489160.85270026751095 4922413.6392264841124
489150.47049690561835 4922417.4789221640676
7 2
489128.28440719022183 4922401.3944979533553
489138.53530363104073 4922396.5549886869267
489149.48957620566944 4922392.4513658927754
489150.47049690561835 4922417.4789221640676
489140.73494839255 4922420.9313368368894
489130.99933518964099 4922421.9781477954239
489121.10573521436891 4922421.7209294568747
5 2
489114.44522874534596 4922403.9971970496699
489128.28440719022183 4922401.3944979533553
489121.10573521436891 4922421.7209294568747
489114.55080258328235 4922421.3988869814202
489091.38213643652853 4922409.9971677549183
3 2
489091.38213643652853 4922409.9971677549183
489114.55080258328235 4922421.3988869814202
489108.75900406716391 4922421.3319977596402
3 2
489091.38213643652853 4922409.9971677549183
489108.75900406716391 4922421.3319977596402
489100.99946284806356 4922424.0838112737983
4 2
489091.38213643652853 4922409.9971677549183
489100.99946284806356 4922424.0838112737983
489093.15407521999441 4922428.9107031272724
489069.93636820401298 4922415.1154714105651
3 2
489069.93636820401298 4922415.1154714105651
489093.15407521999441 4922428.9107031272724
489087.79040951299248 4922433.234242124483
7 2
489037.68091309006559 4922424.6597886588424
489069.93636820401298 4922415.1154714105651
489087.79040951299248 4922433.234242124483
489083.77270333457272 4922437.080481111072
489081.21685822878499 4922439.5010596262291
489075.32395435590297 4922441.222360833548
489059.19066294486402 4922443.9989885939285
5 2
489037.68091309006559 4922424.6597886588424
489059.19066294486402 4922443.9989885939285
489043.19078363239532 4922447.1678395783529
489029.53149063768797 4922449.0274248346686
489004.84842368745012 4922434.5854047378525
3 2
489004.84842368745012 4922434.5854047378525
489029.53149063768797 4922449.0274248346686
489017.05813024588861 4922451.4538374105468
11 2
488994.6247984074289 4922440.2095828335732
488997.91214343596948 4922437.3448966415599
489004.84842368745012 4922434.5854047378525
489017.05813024588861 4922451.4538374105468
489009.83586405281676 4922454.167267838493
489007.09079945803387 4922455.1403124462813
489002.19413898111088 4922455.0342571828514
488998.58076784783043 4922453.7820901814848
488996.18613533047028 4922451.2443177448586
488994.18049608112779 4922447.7863378049806
488993.55466685438296 4922443.9880816889927
3 2
488994.18049608112779 4922447.7863378049806
488994.18049608112779 4922447.7863378049806
488993.55466685438296 4922443.9880816889927
