10
13 301
489226.61691524530761 4922393.5017000194639
489227.91806195798563 4922395.0934747718275
489229.13988393056206 4922397.0235279900953
489229.15043343725847 4922399.412183505483
489228.74454387562582 4922401.4445638824254
489227.92211766378023 4922402.8720648959279
489225.80003768886672 4922404.4470243509859
489224.12996913562529 4922405.3219131240621
489222.08328378730221 4922405.9548059655353
489220.28640711650951 4922406.1612625941634
489218.97341376519762 4922405.7100948728621
489217.45519635931123 4922404.8265648977831
489216.69271048123483 4922403.9724591337144
5 301
489225.12398094497621 4922391.7279884861782
489226.61691524530761 4922393.5017000194639
489216.69271048123483 4922403.9724591337144
489215.66073898336617 4922403.1852313950658
489223.16973284078995 4922389.8915411802009
4 301
489223.16973284078995 4922389.8915411802009
489215.66073898336617 4922403.1852313950658
489213.70584340131609 4922402.338604491204
489221.84517256502295 4922387.9165451917797
4 301
489221.84517256502295 4922387.9165451917797
489213.70584340131609 4922402.338604491204
489211.70773953612661 4922401.7936890553683
489220.72443905274849 4922385.8163008596748
8 301
489214.70039194042329 4922381.5797772565857
489216.61246659635799 4922381.9674568874761
489218.12427750154166 4922382.667939000763
489219.49729660019511 4922384.071368124336
489220.72443905274849 4922385.8163008596748
489211.70773953612661 4922401.7936890553683
489209.91585572663462 4922401.6348188137636
489213.31670018652221 4922381.927140054293
5 301
489209.15511308860732 4922383.4678112985566
489211.08956007647794 4922382.4303325992078
489213.31670018652221 4922381.927140054293
489209.91585572663462 4922401.6348188137636
489207.28045386768645 4922384.8203888423741
4 301
489205.17002465965925 4922385.9396528406069
489207.28045386768645 4922384.8203888423741
489209.91585572663462 4922401.6348188137636
489207.74806254508439 4922401.5350771360099
5 301
489203.55045548040653 4922386.4014125205576
489205.17002465965925 4922385.9396528406069
489207.74806254508439 4922401.5350771360099
489206.27866694401018 4922401.623562105
489202.28387351724086 4922386.9074532687664
14 301
489198.38048734347103 4922387.8538391916081
489200.33440504834289 4922386.9647485371679
489202.28387351724086 4922386.9074532687664
489206.27866694401018 4922401.623562105
489203.99235847592354 4922401.9305165773258
489202.59032109257532 4922401.8200979838148
489199.98545577988261 4922401.2042786665261
489198.27331935963593 4922400.1180867450312
489196.67243322473951 4922398.5706027913839
489195.78821267030435 4922396.8438259344548
489195.10124781198101 4922394.4631374953315
489195.19445492536761 4922392.910846138373
489195.64548821863718 4922391.0398796265945
489196.52205255965237 4922389.1745892493054
3 301
489196.52205255965237 4922389.1745892493054
489196.52205255965237 4922389.1745892493054
489195.64548821863718 4922391.0398796265945
