8
5 7
488905.1664220179664 4922474.664926818572
488910.54171753791161 4922477.3311709500849
488910.60291926504578 4922481.7766003329307
488908.27449959696969 4922484.4403851889074
488903.25477796827909 4922485.6247317502275
13 7
488870.00577346159844 4922478.2878774022684
488876.63695674366318 4922475.292433318682
488885.61478331271792 4922472.3000599741936
488893.00065779266879 4922471.7026293510571
488899.19199366692919 4922471.7042689006776
488900.37834011559607 4922472.0004978710786
488905.1664220179664 4922474.664926818572
488903.25477796827909 4922485.6247317502275
488898.23960380261997 4922487.699065502733
488891.39194381074049 4922490.0854284856468
488880.61897477635648 4922493.3852292234078
488876.14427169749979 4922494.5827913526446
488869.63429535756586 4922495.47313275747
5 7
488861.35151939996285 4922480.9794724984095
488870.00577346159844 4922478.2878774022684
488869.63429535756586 4922495.47313275747
488865.73284535604762 4922496.0820354567841
488857.90336404222762 4922494.928692387417
4 7
488855.05978009960381 4922481.2921718098223
488861.35151939996285 4922480.9794724984095
488857.90336404222762 4922494.928692387417
488827.5861148404656 4922483.6764453845099
3 7
488850.61868319084169 4922479.5111070061103
488855.05978009960381 4922481.2921718098223
488827.5861148404656 4922483.6764453845099
4 7
488846.18150728289038 4922476.5405282825232
488850.61868319084169 4922479.5111070061103
488827.5861148404656 4922483.6764453845099
488841.4651436911081 4922474.1646009348333
7 7
488823.47961453767493 4922473.5808873502538
488827.32289545825915 4922470.9052703529596
488832.0585824791342 4922469.4152637328953
488837.6256263894029 4922470.8993307584897
488841.4651436911081 4922474.1646009348333
488827.5861148404656 4922483.6764453845099
488823.16232237633085 4922479.5199845992029
3 7
488827.5861148404656 4922483.6764453845099
488827.5861148404656 4922483.6764453845099
488823.16232237633085 4922479.5199845992029
