3
3 1
488831.50002292171121 4922471.5826338063926
488834.77539044758305 4922472.9780259188265
488835.79688599193469 4922475.4167131995782
12 1
488836.96438119903905 4922477.8773532360792
488836.51591076841578 4922480.298331216909
488834.84537645691307 4922481.7473236396909
488832.20642873278121 4922483.0746756428853
488829.62342049565632 4922482.5914489142597
488826.1926123064477 4922481.0110248988494
488825.06345912674442 4922478.2265873914585
488825.46240108064376 4922475.1345978174359
488826.81473647686653 4922473.4850186770782
488828.76028660265729 4922472.4027752168477
488831.50002292171121 4922471.5826338063926
488835.79688599193469 4922475.4167131995782
3 1
488831.50002292171121 4922471.5826338063926
488831.50002292171121 4922471.5826338063926
488835.79688599193469 4922475.4167131995782
