9
14 302
489194.14941340894438 4922406.8507595118135
489195.67340952495579 4922406.6472023921087
489197.34052171400981 4922406.981310791336
489198.63067830243381 4922407.7427739007398
489199.29180269112112 4922408.8514370955527
489199.65358794794884 4922410.2373835342005
489199.04652110603638 4922411.7780626537278
489198.06329259916674 4922413.0482679186389
489196.91454341594363 4922413.4354548994452
489195.7305389129906 4922413.5771586280316
489194.25329474831233 4922413.302786950022
489193.08545514626894 4922412.407918414101
489192.46813947183546 4922411.6737362677231
489193.00811528298073 4922407.4101248886436
4 302
489191.55081895767944 4922407.8855902235955
489193.00811528298073 4922407.4101248886436
489192.46813947183546 4922411.6737362677231
489191.77799103513826 4922411.556181864813
4 302
489191.55081895767944 4922407.8855902235955
489191.77799103513826 4922411.556181864813
489190.59357900504256 4922411.8697613617405
489190.58122496923897 4922407.4163301205263
11 302
489190.58122496923897 4922407.4163301205263
489190.59357900504256 4922411.8697613617405
489189.38356247957563 4922412.2482445305213
489187.73619736474939 4922412.4513818481937
489186.23684387363028 4922412.067792144604
489184.92635833960958 4922411.1149803781882
489184.43934230675222 4922409.9444657154381
489184.24838057672605 4922408.1222875686362
489185.10946631547995 4922406.3751989165321
489186.47715900593903 4922405.2193925017491
489190.2979479751084 4922406.7457992043346
4 302
489190.2979479751084 4922406.7457992043346
489186.47715900593903 4922405.2193925017491
489187.59478488750756 4922403.979015971534
489190.52318074420327 4922405.8693410474807
4 302
489190.52318074420327 4922405.8693410474807
489187.59478488750756 4922403.979015971534
489188.76510054059327 4922402.3245399100706
489191.1291971228784 4922405.3545241449028
4 302
489191.94514787330991 4922404.8644845075905
489191.1291971228784 4922405.3545241449028
489188.76510054059327 4922402.3245399100706
489189.73608582012821 4922401.0655596451834
11 302
489193.28350137133384 4922399.6912256320938
489193.87447627726942 4922400.4440608583391
489194.03618102445034 4922401.6205103443936
489193.949660770013 4922402.6641662232578
489193.50312002317514 4922403.6146811181679
489192.80558391154045 4922404.4332558419555
489191.94514787330991 4922404.8644845075905
489189.73608582012821 4922401.0655596451834
489190.29622893070336 4922400.0770989404991
489191.13772212591721 4922399.3861594581977
489192.02071923529729 4922399.1744803534821
3 302
489192.02071923529729 4922399.1744803534821
489192.02071923529729 4922399.1744803534821
489191.13772212591721 4922399.3861594581977
