1
23 21
489481.03965877316659 4922064.9263806603849
489472.78077311132802 4922078.4415913196281
489470.37490439182147 4922090.3217136869207
489469.64555943134474 4922100.070835089311
489445.64305974374292 4922133.5866955509409
489439.66752535651904 4922143.6708480371162
489433.99196499021491 4922155.2258594734594
489418.21019034186611 4922175.9141533477232
489403.11102112312801 4922201.857486281544
489385.85306867200416 4922228.0274025890976
489379.3039134220453 4922246.5452380832285
489373.12238081439864 4922258.5015681628138
489366.37173311959486 4922271.3213100889698
489363.13913180178497 4922282.2307055685669
489360.41081871266942 4922292.7434828290716
489350.36469542252598 4922303.9136617146432
489340.15874246857129 4922312.6971789011732
489328.29532715439564 4922315.6158564072102
489311.88970221905038 4922325.0201789233834
489284.50783303409116 4922355.2095599612221
489270.56038148142397 4922367.3342636357993
489264.81174260692205 4922375.607514033094
489259.17921204684535 4922382.948866548948
