10
4 301
489286.52000989794033 4922411.3708871994168
489284.30778533156263 4922412.2633824916556
489282.03969021618832 4922411.2163146091625
489279.72911352693336 4922410.0859153242782
8 301
489293.37689717247849 4922380.1292044408619
489294.94420991628431 4922381.4439576091245
489296.6203804910183 4922383.4266898063943
489297.79906338511501 4922386.088860867545
489297.74884569027927 4922388.3076542364433
489297.08941595209762 4922389.8474203431979
489295.08648745151004 4922391.1849101455882
489290.83170606748899 4922379.311163761653
7 301
489284.4329703982221 4922381.0734435962513
489286.68015302985441 4922379.8568612597883
489288.78773749078391 4922379.1923250323161
489290.83170606748899 4922379.311163761653
489295.08648745151004 4922391.1849101455882
489293.33040302729933 4922392.7778751067817
489281.70497241977137 4922382.9371250197291
5 301
489278.94344939396251 4922384.783867825754
489281.70497241977137 4922382.9371250197291
489293.33040302729933 4922392.7778751067817
489291.70213036233326 4922394.7336615081877
489276.83188421087107 4922386.4177857581526
7 301
489274.02138150320388 4922392.4705228032544
489274.00326748500811 4922390.0162684470415
489274.80513232620433 4922388.0626775007695
489276.83188421087107 4922386.4177857581526
489291.70213036233326 4922394.7336615081877
489290.97947504511103 4922396.7872282983735
489274.3693258544663 4922395.6072837254032
4 301
489274.3693258544663 4922395.6072837254032
489290.97947504511103 4922396.7872282983735
489290.83004263427574 4922398.9477357268333
489274.12364024494309 4922397.5634658765048
4 301
489274.12364024494309 4922397.5634658765048
489290.83004263427574 4922398.9477357268333
489291.23496549599804 4922401.5236174799502
489273.50497361330781 4922398.7640895396471
15 301
489273.79409037629375 4922408.4181103082374
489272.22955074283527 4922406.6763997469097
489271.59328536584508 4922404.4499536305666
489271.70329188369215 4922401.939214611426
489272.37506172206486 4922400.4523953711614
489273.50497361330781 4922398.7640895396471
489291.23496549599804 4922401.5236174799502
489292.15157766832272 4922403.6094694193453
489292.4502566291485 4922405.3767191721126
489291.72620003903285 4922407.2954457988963
489290.42595491110114 4922408.6943518640473
489288.38852410326945 4922410.2988336496055
489286.52000989794033 4922411.3708871994168
489279.72911352693336 4922410.0859153242782
489276.86586492887 4922409.3690651878715
3 301
489273.79409037629375 4922408.4181103082374
489276.86586492887 4922409.3690651878715
489275.13717035081936 4922409.0417247787118
3 301
489273.79409037629375 4922408.4181103082374
489273.79409037629375 4922408.4181103082374
489275.13717035081936 4922409.0417247787118
