1
12 22
489397.95102936262265 4922153.7926142169163
489385.58982994750841 4922188.4575897222385
489376.4996465521981 4922208.9920589625835
489373.12174722383497 4922224.57852059789
489370.95856754132546 4922234.2052742568776
489367.73263979225885 4922249.3254748135805
489356.0838809934794 4922270.5317141367123
489343.89761902653845 4922287.5313867582008
489321.30462693073787 4922307.1720834737644
489296.97281739220489 4922322.7358693573624
489278.9001055462868 4922333.4187226854265
489262.19603153166827 4922337.5677307071164
