6
9 7
489478.03555630496703 4922084.9298743177205
489481.52238870866131 4922075.599729096517
489485.25920569949085 4922069.4678013902158
489490.74231722118566 4922066.5076892971992
489497.40549752709921 4922067.7478721858934
489501.1082209040178 4922070.5370979169384
489501.48293992481194 4922076.1077073141932
489500.22966661164537 4922081.0534643474966
489493.62611507979454 4922096.5868063075468
9 7
489461.09164940612391 4922153.3841823656112
489456.62674138852162 4922160.1035062437877
489451.43758975993842 4922162.2540911184624
489446.60434361040825 4922161.4721780344844
489444.06252950121416 4922159.4680058965459
489443.15443703817436 4922154.6595625821501
489444.55755718960427 4922148.4368448173627
489452.12685447692638 4922133.9681633645669
489465.5235828430159 4922145.1788128213957
5 7
489472.45928739622468 4922137.4971935758367
489465.5235828430159 4922145.1788128213957
489452.12685447692638 4922133.9681633645669
489463.89718848356279 4922116.6132794823498
489479.13980676996289 4922126.5383458845317
5 7
489487.30452563596191 4922113.6549752289429
489479.13980676996289 4922126.5383458845317
489463.89718848356279 4922116.6132794823498
489469.83119653223548 4922106.6504730079323
489493.62611507979454 4922096.5868063075468
4 7
489493.62611507979454 4922096.5868063075468
489469.83119653223548 4922106.6504730079323
489472.40981629374437 4922097.8172801686451
489478.03555630496703 4922084.9298743177205
3 7
489497.40549752709921 4922067.7478721858934
489497.40549752709921 4922067.7478721858934
489501.48293992481194 4922076.1077073141932
