1
22 1
489488.13191502122208 4922082.5533367395401
489485.83911899442319 4922080.5896833790466
489485.08935622056015 4922078.4268982987851
489484.13671930599958 4922075.5159828187898
489484.7473559207283 4922073.2931316811591
489485.92772472294746 4922071.2732784142718
489487.35364505893085 4922069.6775152673945
489489.10513558390085 4922068.6461550788954
489490.8983269581222 4922068.0806651962921
489492.58866345160641 4922068.0616857977584
489494.64312449563295 4922068.5491049904376
489495.82399001519661 4922069.158515826799
489497.14741782419151 4922069.9506632685661
489498.57194935233565 4922071.7774761170149
489499.05504963482963 4922074.2094028126448
489498.90359958086628 4922077.1842352906242
489498.20409190043574 4922079.5281343329698
489496.87481477542315 4922081.6256918674335
489495.14234800444683 4922082.7512098727748
489493.16873605188448 4922083.18917784933
489490.6695419754833 4922083.3657198706642
489488.13191502122208 4922082.5533367395401
