22 1
489223.8028984531411 4922435.6785092204809
489226.54742703423835 4922435.2673111287877
489228.82956268830458 4922435.5269802380353
489230.78386721917195 4922436.0654432252049
489232.65639414545149 4922437.4997739046812
489233.43135927285766 4922439.9560018563643
489233.47432713792659 4922442.8525411775336
489232.83182279200992 4922444.7955849813297
489231.02564749721205 4922446.4565592650324
489228.46891311317449 4922447.5677962088957
489226.64343674678821 4922448.1349252294749
489224.33832310995786 4922448.3704761303961
489220.87679613288492 4922448.1267131958157
489218.34907474031206 4922447.3513689329848
489216.5795044322731 4922445.6338966684416
489215.78215747827198 4922444.1844205884263
489215.59467773808865 4922442.5789102204144
489215.92261215060716 4922440.7119393190369
489217.2158166487352 4922439.3113386547193
489218.74877543072216 4922437.5249832039699
489221.14572222979041 4922436.2947206441313
489223.8028984531411 4922435.6785092204809
