23 1
489161.80950781848514 4922454.0482152402401
489163.74404014111497 4922452.7645028270781
489169.39925289334496 4922450.6299964720383
489178.96753379661823 4922446.9752654824406
489187.67089901590953 4922443.4756837291643
489191.08065179816913 4922442.2108438294381
489193.52512210764689 4922441.7814862783998
489194.77673024986871 4922442.5714579802006
489195.51379934180295 4922443.5256389696151
489195.90821768232854 4922445.0572050493211
489195.70081397215836 4922446.5466134119779
489194.78574159031268 4922448.086045418866
489190.94335047813365 4922449.820919804275
489179.59090960834874 4922453.8396766548976
489169.32961308403173 4922458.6780149713159
489165.44972590781981 4922460.2404032442719
489163.66295567952329 4922461.0300110271201
489162.63355852069799 4922461.1647003879771
489161.10856448824052 4922461.0660574380308
489159.56347586016636 4922459.7554745329544
489159.21697260398651 4922457.4103429643437
489159.98075209517265 4922455.240424612537
489161.80950781848514 4922454.0482152402401
