22
-93.13544958432267 44.45514376864578
-93.13541507897631 44.45514010762972
-93.13538639954152 44.45514247937369
-93.13536184650889 44.45514735614284
-93.13533833998736 44.45516029697448
-93.13532865028847 44.45518242135729
-93.13532817043682 44.45520849885804
-93.13533628667489 44.45522598205479
-93.13535902360088 44.45524090851291
-93.13539118312023 44.4552508746285
-93.13541413991364 44.45525595315701
-93.13544311852574 44.45525803941253
-93.13548662249242 44.45525579327047
-93.13551837808713 44.45524877533709
-93.13554058461375 44.45523328694733
-93.13555057653174 44.45522022576267
-93.13555289958605 44.45520576893481
-93.13554873879598 44.45518896592765
-93.13553245494869 44.45517637593892
-93.13551314953337 44.45516031666379
-93.13548299598312 44.4551492766405
-93.13544958432267 44.45514376864578
