23
-93.13622918204537 44.45530822007002
-93.13620483940529 44.45529669210905
-93.13613371253584 44.45527756039446
-93.13601336933857 44.45524480099176
-93.13590390090862 44.45521342529909
-93.13586101626549 44.45520208923053
-93.135830282005 44.4551982603685
-93.13581456664183 44.45520539100465
-93.13580532210204 44.45521399228668
-93.13580039649072 44.45522778650915
-93.1358030344893 44.45524119220175
-93.13581456844639 44.45525503766903
-93.13586290090127 44.45527059889618
-93.13600567736927 44.45530660899526
-93.1361347561926 44.45535001376103
-93.13618355650247 44.45536402143856
-93.13620603155356 44.45537110331146
-93.13621897321951 44.45537230045775
-93.13623813932979 44.45537138953691
-93.13625753264363 44.45535956750251
-93.13626183886501 44.45533844964135
-93.13625219323819 44.45531892583151
-93.13622918204537 44.45530822007002
