3
19 1
489223.802898 4922435.678509
489226.547427 4922435.267311
489228.829563 4922435.526980
489230.783867 4922436.065443
489232.656394 4922437.499774
489233.431359 4922439.956002
489233.474327 4922442.852541
489232.831823 4922444.795585
489231.025647 4922446.456559
489228.468913 4922447.567796
489226.643437 4922448.134925
489224.338323 4922448.370476
489220.876796 4922448.126713
489218.349075 4922447.351369
489216.579504 4922445.633897
489215.782157 4922444.184421
489215.594678 4922442.578910
489215.922612 4922440.711939
489217.215817 4922439.311339
4 1
489223.802898 4922435.678509
489217.215817 4922439.311339
489218.748775 4922437.524983
489221.145722 4922436.294721
3 1
489223.802898 4922435.678509
489223.802898 4922435.678509
489221.145722 4922436.294721
