5
11 1
489187.670899 4922443.475684
489191.080652 4922442.210844
489193.525122 4922441.781486
489194.776730 4922442.571458
489195.513799 4922443.525639
489195.908218 4922445.057205
489195.700814 4922446.546613
489194.785742 4922448.086045
489190.943350 4922449.820920
489179.590910 4922453.839677
489178.967534 4922446.975265
4 1
489169.399253 4922450.629996
489178.967534 4922446.975265
489179.590910 4922453.839677
489169.329613 4922458.678015
5 1
489163.744040 4922452.764503
489169.399253 4922450.629996
489169.329613 4922458.678015
489165.449726 4922460.240403
489161.809508 4922454.048215
8 1
489161.809508 4922454.048215
489165.449726 4922460.240403
489163.662956 4922461.030011
489162.633559 4922461.164700
489161.108564 4922461.066057
489159.563476 4922459.755475
489159.216973 4922457.410343
489159.980752 4922455.240425
3 1
489161.809508 4922454.048215
489161.809508 4922454.048215
489159.980752 4922455.240425
