16
3 2
488876.153230 4922553.977444
488874.764985 4922553.361507
488882.201885 4922552.153569
4 2
488879.172776 4922563.179080
488877.875283 4922564.646288
488877.310762 4922562.502389
488877.974058 4922560.106893
3 2
488877.397211 4922556.011181
488876.153230 4922553.977444
488882.201885 4922552.153569
5 2
488881.152780 4922561.940621
488879.172776 4922563.179080
488877.974058 4922560.106893
488878.294207 4922558.019354
488882.201885 4922552.153569
3 2
488878.294207 4922558.019354
488877.397211 4922556.011181
488882.201885 4922552.153569
4 2
488884.332974 4922561.308972
488881.152780 4922561.940621
488882.201885 4922552.153569
488888.501408 4922549.632081
4 2
488887.973813 4922561.764623
488884.332974 4922561.308972
488888.501408 4922549.632081
488891.149818 4922561.813418
6 2
488899.176220 4922561.631913
488896.073833 4922562.496812
488891.149818 4922561.813418
488888.501408 4922549.632081
488892.434648 4922546.047391
488903.941094 4922559.821688
6 2
488912.184477 4922555.313640
488903.941094 4922559.821688
488892.434648 4922546.047391
488895.412647 4922542.765711
488899.419731 4922538.465232
488903.891285 4922535.251751
5 2
488924.554472 4922549.866337
488912.184477 4922555.313640
488903.891285 4922535.251751
488913.282462 4922531.298213
488939.372948 4922522.554891
5 2
488970.354346 4922534.265649
488943.613318 4922543.568121
488924.554472 4922549.866337
488939.372948 4922522.554891
488981.426878 4922508.708979
5 2
489002.537592 4922522.731052
488986.600410 4922528.914549
488970.354346 4922534.265649
488981.426878 4922508.708979
489023.820910 4922495.054485
5 2
489042.687823 4922507.858658
489020.862776 4922516.383241
489002.537592 4922522.731052
489023.820910 4922495.054485
489056.776088 4922484.609704
4 2
489064.533377 4922499.348230
489042.687823 4922507.858658
489056.776088 4922484.609704
489066.860612 4922481.513845
11 2
489078.487738 4922478.855351
489082.491771 4922479.185531
489086.207519 4922481.206912
489087.556445 4922483.546398
489088.372074 4922486.355663
489087.297574 4922489.872227
489085.275357 4922492.291439
489082.642199 4922493.638107
489064.533377 4922499.348230
489066.860612 4922481.513845
489072.527984 4922479.580092
3 2
489066.860612 4922481.513845
489066.860612 4922481.513845
489072.527984 4922479.580092
