46
-93.1374232059684 44.45555405698269
-93.13735192979155 44.45553673354855
-93.13727700410007 44.45553029892989
-93.1372266828553 44.4555333319358
-93.13718002081912 44.45555158605877
-93.1371631149471 44.45557266825377
-93.13715292219699 44.45559797171483
-93.13716650211887 44.45562961429282
-93.13719197115989 44.45565136335145
-93.13722509678072 44.4556634473239
-93.13745283450544 44.45571458051759
-93.137727600473 44.45579086711518
-93.13800210969426 44.45586728078632
-93.13823258198462 44.45592415008959
-93.13843303530206 44.45597957603587
-93.13863735375321 44.45602750303942
-93.13897367329766 44.45611084249817
-93.13921336819668 44.45616725210819
-93.13936896966037 44.45621610326076
-93.13947268165745 44.45625656166779
-93.13953261270568 44.45627278553759
-93.13957162682364 44.45628052437011
-93.13963350475511 44.45627429628995
-93.13967342461332 44.456273808193
-93.1397191784872 44.45626965009997
-93.139759165614 44.45627528778369
-93.1397840799398 44.45628640688137
-93.13980042033904 44.45629959583917
-93.13980747006269 44.45628028614487
-93.13979908128304 44.45625873027551
-93.13979501231502 44.45623994158489
-93.13980624400078 44.45622184867975
-93.13982183655379 44.45620352029562
-93.13983927290327 44.45619795379594
-93.13974576870011 44.45618719343069
-93.13966653262771 44.45616458992244
-93.13961701682271 44.45613237825525
-93.13957951447415 44.45610287983086
-93.13952905523993 44.45606422518397
-93.13947278122379 44.45603536362496
-93.13935465430855 44.45599991493995
-93.13902652377311 44.45592160053517
-93.13849763391009 44.4557975912611
-93.13796447546854 44.45567530798229
-93.13755002763646 44.45558177568827
-93.1374232059684 44.45555405698269
