15
-93.13670444676994 44.45550583065199
-93.13667854553555 44.45550171497849
-93.13665754132785 44.45550836987081
-93.13664733764161 44.45552081482015
-93.13664121981293 44.45553574932211
-93.13665305899332 44.45555242865341
-93.13667443593228 44.45556311885726
-93.13669400819393 44.45556844526824
-93.13671326499043 44.4555701275476
-93.13673074951372 44.45556645737192
-93.13674619578184 44.45555470279337
-93.13675095797463 44.45553804571593
-93.13674281700789 44.45552026337662
-93.13672374179225 44.45550755354541
-93.13670444676994 44.45550583065199
