14
11 3
488869.523478 4922554.813420
488871.458846 4922555.245997
488873.308383 4922556.145974
488875.095439 4922557.994314
488875.729370 4922560.001439
488875.224569 4922561.924844
488874.120105 4922563.859139
488872.743220 4922565.471719
488870.777253 4922567.099350
488869.112543 4922567.921639
488866.408921 4922568.371610
4 3
488869.523478 4922554.813420
488866.408921 4922568.371610
488864.590057 4922568.944283
488862.236063 4922569.593951
4 3
488869.523478 4922554.813420
488862.236063 4922569.593951
488860.234546 4922570.327565
488857.998406 4922571.099110
14 3
488869.523478 4922554.813420
488857.998406 4922571.099110
488855.525669 4922572.070628
488853.557498 4922572.772114
488850.751304 4922573.056943
488848.156366 4922572.953322
488846.070345 4922572.201312
488843.974502 4922571.033560
488842.412949 4922569.571683
488840.811238 4922567.879494
488839.813393 4922566.529137
488838.596116 4922564.180309
488861.277790 4922557.024904
488863.639433 4922556.361501
10 3
488838.596116 4922564.180309
488838.252589 4922561.608836
488838.248102 4922559.061715
488838.922838 4922557.430483
488840.162745 4922556.475301
488841.607002 4922555.821365
488843.085613 4922555.574719
488844.255531 4922555.948753
488846.035767 4922556.601493
488847.884698 4922557.320521
3 3
488838.596116 4922564.180309
488847.884698 4922557.320521
488849.819090 4922557.812632
3 3
488838.596116 4922564.180309
488849.819090 4922557.812632
488851.205279 4922558.146971
3 3
488838.596116 4922564.180309
488851.205279 4922558.146971
488852.440119 4922558.116968
4 3
488838.596116 4922564.180309
488852.440119 4922558.116968
488854.521231 4922557.792319
488856.426031 4922557.689675
3 3
488838.596116 4922564.180309
488856.426031 4922557.689675
488858.879764 4922557.388913
3 3
488838.596116 4922564.180309
488858.879764 4922557.388913
488861.277790 4922557.024904
3 3
488869.523478 4922554.813420
488863.639433 4922556.361501
488865.522904 4922555.781994
3 3
488869.523478 4922554.813420
488865.522904 4922555.781994
488867.227468 4922555.247827
3 3
488869.523478 4922554.813420
488869.523478 4922554.813420
488867.227468 4922555.247827
