45
-93.13990518732989 44.45621094434568
-93.13988086997597 44.45621486852411
-93.13985764151914 44.45622299927664
-93.13983521878893 44.4562396669369
-93.13982729369272 44.45625774635895
-93.13983368013039 44.45627505454917
-93.13984760429547 44.45629245154716
-93.13986494576112 44.45630694802892
-93.13988969204506 44.45632157093761
-93.13991063437588 44.45632894817771
-93.13994462735913 44.45633295752839
-93.1399675019691 44.45633808515444
-93.13999710459446 44.45634389769519
-93.14002227854655 44.45635047140571
-93.14005040242556 44.45635738298439
-93.14008150453144 44.45636609120812
-93.14010625866651 44.45637237618113
-93.14014153741689 44.45637489715026
-93.1401741524092 44.45637392425893
-93.14020035656112 44.45636712190508
-93.14022667522345 44.45635657658023
-93.14024627173877 44.45634339154807
-93.14026636806584 44.45632813245729
-93.14027888141497 44.4563159601067
-93.14029413140506 44.45629479538357
-93.1402983939464 44.45627163972603
-93.14029839544003 44.4562487085273
-93.14028987916366 44.45623403335981
-93.14027427354107 44.45622545322225
-93.14025610581774 44.45621958828747
-93.14023751506372 44.45621739061583
-93.14022281781352 44.45622077600347
-93.14020045514921 44.45622667993762
-93.14017723045264 44.45623318169618
-93.1401529266641 44.45623764189127
-93.1401355101133 44.45624067324206
-93.14011998811534 44.45624042217612
-93.14009382253295 44.45623753152379
-93.14006987787971 44.4562366368114
-93.14003902914391 44.45623396694509
-93.14000887926829 44.45623072681024
-93.13997918026925 44.4562247907303
-93.13995549346117 44.45621960258105
-93.13993405642566 44.4562148198553
-93.13990518732989 44.45621094434568
