5
11 4
488855.638100 4922548.589445
488856.715137 4922549.504203
488857.304445 4922550.562933
488857.477459 4922551.590455
488857.121069 4922552.519588
488856.536224 4922553.373170
488855.851368 4922553.859548
488854.782042 4922553.843519
488853.721482 4922553.709783
488852.974547 4922553.361441
488854.359172 4922548.082542
4 4
488854.359172 4922548.082542
488852.974547 4922553.361441
488852.516140 4922553.152172
488852.540951 4922547.722453
3 4
488852.540951 4922547.722453
488852.516140 4922553.152172
488851.630187 4922553.210747
12 4
488852.540951 4922547.722453
488851.630187 4922553.210747
488850.753527 4922553.271638
488849.948413 4922553.159690
488849.153006 4922552.810695
488848.196497 4922552.214326
488847.656890 4922551.468550
488847.377383 4922550.145282
488847.904906 4922548.928988
488848.872245 4922548.273291
488849.885375 4922547.917404
488851.188186 4922547.698477
3 4
488852.540951 4922547.722453
488852.540951 4922547.722453
488851.188186 4922547.698477
