91
-93.13612298780789 44.45502871031028
-93.136042445187 44.45500914679399
-93.13599899349678 44.45502682533872
-93.13594576174765 44.45504957746022
-93.13593508835159 44.45508271189344
-93.13597259846696 44.45513204362324
-93.13603183859084 44.45516474817953
-93.13607410241501 44.4552046472345
-93.13611802208759 44.45523390257937
-93.13619118052041 44.45524870142884
-93.13625667472233 44.455270329347
-93.13634412215819 44.45529107654231
-93.13643714040008 44.45529697740132
-93.13650741119051 44.45531660809875
-93.13657211846134 44.45534072224967
-93.13662979066336 44.45533135379267
-93.13672144805615 44.45535162888571
-93.13681891886998 44.45536953902466
-93.13689644648528 44.45538860723312
-93.13696314845919 44.45541257624418
-93.13704168030435 44.45542758454377
-93.13713915407193 44.45542674663425
-93.13719490870164 44.45542591846756
-93.13732583755611 44.45544232820188
-93.13744150464426 44.45548090905356
-93.13754465109247 44.45547552561322
-93.1376743971569 44.45549439769376
-93.13780936762015 44.45553233806555
-93.13792416131207 44.4555713818906
-93.13808083951551 44.45560824756286
-93.13819591894766 44.4556194527545
-93.13828784045657 44.45563831598083
-93.13842165922699 44.45565304190798
-93.13850369952462 44.45569171611654
-93.13866608256441 44.45574794274814
-93.1387751625836 44.45577711467706
-93.1388890140681 44.45578488260443
-93.13901354546319 44.45580090453002
-93.13910409554771 44.45581617110917
-93.13924063774667 44.45583346371762
-93.13931493822967 44.45584282310541
-93.13949307998183 44.45587752095066
-93.13961453745667 44.45589969331784
-93.13974375458801 44.45593363582997
-93.13987172713834 44.45597770482367
-93.13997338462816 44.45599200840744
-93.14003118024114 44.45601318994496
-93.14008700326752 44.45605993028715
-93.14016661995194 44.45609801400765
-93.14024521065062 44.45613468221404
-93.14030706115281 44.45617256749291
-93.14036074433751 44.45617594228251
-93.14047396938255 44.45615850098513
-93.14048148370777 44.45609630373596
-93.14045249987916 44.45602947763199
-93.1403975210562 44.45595861957925
-93.14027913698945 44.45588855606821
-93.14018415167759 44.45582889781011
-93.13997273171292 44.45578123624458
-93.13974087951163 44.45574025062371
-93.13958065167427 44.45573520838979
-93.13937390716679 44.45567417180281
-93.13919616009041 44.45563488602702
-93.13905377597163 44.45561127416636
-93.13893891923983 44.45560385183693
-93.13877585646469 44.45556023101918
-93.13861675886086 44.45551665204955
-93.13851568432 44.4554723844042
-93.13844050008734 44.45544617971067
-93.13836895425175 44.45545635078058
-93.13822777409084 44.45542710561242
-93.13808368616345 44.45543020776208
-93.13794745380484 44.45542014218712
-93.1377869450121 44.45540077956152
-93.13764486472411 44.45534652770586
-93.13751049364129 44.45534295072925
-93.13741335585547 44.45535027304979
-93.13728324355144 44.45529956237778
-93.13716673011724 44.45527140487584
-93.13709114764553 44.45528401170994
-93.136982918329 44.45529409599082
-93.13689424736179 44.45526480553974
-93.13681400508602 44.45524400058848
-93.13671877718312 44.45520251883054
-93.13659334396826 44.45515545707762
-93.13650325654693 44.45513702805525
-93.13645359722024 44.45509891372742
-93.13632685072103 44.45506762542096
-93.13627990709648 44.45503429100216
-93.13618751653182 44.455025286986
-93.13612298780789 44.45502871031028
