40
-93.13974128674968 44.45608314835869
-93.13972497410033 44.45608615797914
-93.13970820422175 44.4560919015817
-93.13969062564237 44.45610366861914
-93.13967869778611 44.45611187555146
-93.13967060503172 44.45612042703833
-93.13967018033863 44.45612967352492
-93.13967711201526 44.45613743978542
-93.13968178343187 44.4561458324623
-93.13969223828124 44.45615177161976
-93.13970562656064 44.45615701633033
-93.13971642132849 44.45615915943129
-93.13972843560352 44.45615854669277
-93.13974106202802 44.45615681530708
-93.13975297868384 44.45615565188935
-93.13976133022095 44.45615629506094
-93.13977435718409 44.45615831739367
-93.13978760004242 44.45616196811466
-93.13980314425933 44.45616603892526
-93.13981192121435 44.45617044814012
-93.13981919449516 44.45617493147262
-93.13983474451616 44.45617900816244
-93.13985217312738 44.45617975028632
-93.13987776344965 44.45617953973527
-93.13989555567366 44.45617702449384
-93.13990799774719 44.45617370771872
-93.13991930313379 44.45616668140017
-93.13992599055157 44.45615126472771
-93.13992150665607 44.45613692373862
-93.1399044328615 44.45612480367659
-93.13987829061753 44.45612013729365
-93.13985575761829 44.45612125944623
-93.13983900169109 44.45611993494734
-93.13981466271821 44.45611140787688
-93.13979938279084 44.45610295782847
-93.13978883856274 44.45609643227544
-93.13977752990412 44.45608993712112
-93.13976404391454 44.45608411626205
-93.13975398983385 44.4560819324112
-93.13974128674968 44.45608314835869
