25
-93.14011849692011 44.45614684440124
-93.14009565053242 44.45615011422861
-93.14007958593911 44.45615469747401
-93.14006606780455 44.45616294942477
-93.14005868327884 44.45617248999407
-93.14005653068844 44.45618174319561
-93.1400610303275 44.45619010247012
-93.14006839991738 44.45619777804787
-93.14007701869286 44.45620214623735
-93.14009045926734 44.45620198544201
-93.14010378711089 44.45620076510504
-93.14011316823171 44.45619761754124
-93.14011892567628 44.45619572648256
-93.14013006294748 44.45619624015671
-93.14014108345187 44.4561967748194
-93.14015120094059 44.4561957545673
-93.14016119129849 44.45619260037412
-93.14017320131184 44.4561872166523
-93.14017996785049 44.45618049429231
-93.14018345262136 44.45616857691073
-93.14017679572211 44.45615763503996
-93.14016462262308 44.45615174687972
-93.14015188040959 44.45614855854173
-93.1401355000021 44.45614660768371
-93.14011849692011 44.45614684440124
