27
7 5
488842.457624 4922546.388792
488837.544177 4922550.605401
488833.273929 4922550.987588
488824.262719 4922549.065727
488823.653036 4922542.158088
488825.946171 4922534.731305
488830.306644 4922526.853118
6 5
488855.029972 4922538.064029
488848.703116 4922542.305092
488842.457624 4922546.388792
488830.306644 4922526.853118
488839.711654 4922519.054538
488859.462225 4922532.864662
5 5
488859.462225 4922532.864662
488839.711654 4922519.054538
488847.257115 4922512.414942
488864.068165 4922507.092052
488864.056277 4922530.504018
5 5
488872.141185 4922528.901390
488864.056277 4922530.504018
488864.068165 4922507.092052
488882.506055 4922502.507970
488882.314013 4922523.988952
4 5
488892.587792 4922520.201177
488882.314013 4922523.988952
488882.506055 4922502.507970
488895.252494 4922501.926134
6 5
488916.412462 4922513.843588
488902.246471 4922517.721860
488892.587792 4922520.201177
488895.252494 4922501.926134
488911.689109 4922495.118348
488925.822889 4922490.730538
7 5
488940.382691 4922509.146622
488933.181605 4922510.854628
488922.321875 4922512.793914
488916.412462 4922513.843588
488925.822889 4922490.730538
488937.146236 4922488.088546
488946.282620 4922487.248573
3 5
488950.287119 4922507.350131
488940.382691 4922509.146622
488946.282620 4922487.248573
6 5
488968.016119 4922503.216887
488959.343436 4922506.471924
488950.287119 4922507.350131
488946.282620 4922487.248573
488959.247367 4922482.381297
488980.924401 4922496.949534
4 5
488980.924401 4922496.949534
488959.247367 4922482.381297
488971.896679 4922477.519230
488987.444094 4922492.642684
6 5
488987.444094 4922492.642684
488971.896679 4922477.519230
488979.929665 4922472.588506
488985.906268 4922469.667650
488991.600246 4922470.787789
488998.087688 4922490.988971
5 5
489005.397246 4922488.881349
488998.087688 4922490.988971
488991.600246 4922470.787789
489002.826812 4922467.520345
489014.290791 4922467.845563
6 5
489027.008762 4922483.505309
489014.550645 4922487.621253
489005.397246 4922488.881349
489014.290791 4922467.845563
489025.127327 4922466.709227
489036.134231 4922479.153059
4 5
489036.134231 4922479.153059
489025.127327 4922466.709227
489037.893521 4922464.536971
489046.865147 4922474.920689
5 5
489057.183993 4922472.807077
489046.865147 4922474.920689
489037.893521 4922464.536971
489049.187061 4922458.491826
489059.876749 4922458.076529
5 5
489065.391152 4922473.391260
489057.183993 4922472.807077
489059.876749 4922458.076529
489067.606248 4922458.876883
489074.586233 4922469.090373
5 5
489084.999657 4922467.250158
489074.586233 4922469.090373
489067.606248 4922458.876883
489077.948330 4922453.226730
489087.212723 4922450.083540
5 5
489089.435558 4922467.334710
489084.999657 4922467.250158
489087.212723 4922450.083540
489093.228302 4922451.473786
489097.190566 4922467.414788
5 5
489103.435639 4922465.737252
489097.190566 4922467.414788
489093.228302 4922451.473786
489101.840744 4922452.579491
489108.737884 4922463.065972
5 5
489114.902315 4922460.937620
489108.737884 4922463.065972
489101.840744 4922452.579491
489108.889832 4922449.314196
489115.269928 4922446.992572
6 5
489129.941974 4922456.670984
489122.653615 4922458.935256
489114.902315 4922460.937620
489115.269928 4922446.992572
489122.838426 4922442.372250
489132.808996 4922437.128116
5 5
489139.675566 4922455.016827
489134.532024 4922457.703939
489129.941974 4922456.670984
489132.808996 4922437.128116
489139.972820 4922435.069119
3 5
489145.262568 4922452.826988
489139.675566 4922455.016827
489139.972820 4922435.069119
7 5
489159.615222 4922449.843082
489152.661870 4922452.159203
489145.262568 4922452.826988
489139.972820 4922435.069119
489143.916593 4922430.828915
489153.994600 4922427.336702
489164.821847 4922447.432048
8 5
489174.128277 4922442.523154
489170.639494 4922445.778554
489164.821847 4922447.432048
489153.994600 4922427.336702
489157.723212 4922423.627802
489165.072038 4922422.615426
489170.206504 4922422.987133
489177.483361 4922438.085707
7 5
489180.071006 4922422.761350
489184.310265 4922425.281542
489185.165543 4922428.960594
489182.190390 4922434.445158
489177.483361 4922438.085707
489170.206504 4922422.987133
489176.610772 4922420.803424
3 5
489170.206504 4922422.987133
489170.206504 4922422.987133
489176.610772 4922420.803424
