91 5
489170.20650430698879 4922422.9871331602335
489176.6107723081368 4922420.8034237306565
489180.07100609882036 4922422.7613502154127
489184.3102647086489 4922425.2815416259691
489185.16554339398863 4922428.9605937013403
489182.19039037218317 4922434.4451582077891
489177.48336054070387 4922438.0857071364298
489174.12827686744276 4922442.5231539951637
489170.63949370151386 4922445.7785537103191
489164.82184681162471 4922447.4320477042347
489159.6152215176844 4922449.8430816726759
489152.66186993673909 4922452.1592026362196
489145.2625680398196 4922452.8269882490858
489139.67556589067681 4922455.0168273169547
489134.53202398103895 4922457.7039394555613
489129.94197406130843 4922456.6709835259244
489122.6536149456515 4922458.9352564318106
489114.90231492946623 4922460.937619715929
489108.73788394569419 4922463.0659715579823
489103.43563878897112 4922465.7372522363439
489097.19056578777963 4922467.4147875467315
489089.4355577226961 4922467.3347103428096
489084.99965708720265 4922467.2501575788483
489074.5862329157535 4922469.0903734602034
489065.39115224342095 4922473.3912604851648
489057.18399319209857 4922472.8070773947984
489046.86514663009439 4922474.9206887483597
489036.13423066039104 4922479.153059435077
489027.00876195268938 4922483.5053093247116
489014.5506448597298 4922487.6212534913793
489005.39724591898266 4922488.8813486387953
488998.08768811973277 4922490.9889712873846
488987.4440935474704 4922492.6426836717874
488980.92440083844122 4922496.9495340716094
488968.01611850707559 4922503.2168874116614
488959.34343633404933 4922506.4719243329018
488950.28711903904332 4922507.3501313887537
488940.38269129482796 4922509.1466217013076
488933.18160532228649 4922510.8546282751486
488922.32187464321032 4922512.79391420912
488916.41246218403103 4922513.8435878027231
488902.24647055292735 4922517.7218604106456
488892.58779158594552 4922520.2011773306876
488882.31401292560622 4922523.9889520239085
488872.14118522172794 4922528.9013898996636
488864.05627745494712 4922530.5040176464245
488859.46222539694281 4922532.8646619394422
488855.02997218450764 4922538.0640286244452
488848.70311637228588 4922542.3050923747942
488842.45762400102103 4922546.3887917343527
488837.54417681432096 4922550.605401259847
488833.27392870228505 4922550.9875880591571
488824.26271945098415 4922549.0657274173573
488823.65303603891516 4922542.1580882184207
488825.946171465097 4922534.7313053561375
488830.30664353101747 4922526.8531182762235
488839.71165445476072 4922519.0545376623049
488847.25711451342795 4922512.4149415763095
488864.06816471676575 4922507.092051574029
488882.50605547311716 4922502.5079701403156
488895.2524941432639 4922501.9261336447671
488911.68910926574608 4922495.1183482641354
488925.82288898713887 4922490.7305376874283
488937.1462364483159 4922488.0885460469872
488946.28261961927637 4922487.2485728301108
488959.24736665887758 4922482.3812970034778
488971.89667888876284 4922477.5192299289629
488979.92966490099207 4922472.5885059963912
488985.90626814751886 4922469.6676503475755
488991.60024576634169 4922470.7877893829718
489002.82681212539319 4922467.5203450322151
489014.29079148179153 4922467.8455627607182
489025.1273273130646 4922466.7092271568254
489037.89352117991075 4922464.5369707271457
489049.18706057412783 4922458.491825661622
489059.87674906890607 4922458.0765291592106
489067.60624826804269 4922458.8768829945475
489077.94832980562933 4922453.2267302945256
489087.21272257226519 4922450.0835395203903
489093.22830185253406 4922451.4737856080756
489101.84074426977895 4922452.579490869306
489108.88983197894413 4922449.3141961041838
489115.26992802071618 4922446.9925716407597
489122.83842629910214 4922442.3722496405244
489132.80899614130612 4922437.1281163645908
489139.97282039158745 4922435.0691187847406
489143.9165926509886 4922430.8289145203307
489153.99460010684561 4922427.3367017647251
489157.72321237425786 4922423.627802441828
489165.07203761168057 4922422.615425799042
489170.20650430698879 4922422.9871331602335
