11
5 4
488887.523583 4922543.778394
488888.169044 4922544.727166
488888.204585 4922545.754178
488887.654591 4922546.617770
488886.573077 4922542.868416
10 4
488885.172338 4922541.563760
488886.573077 4922542.868416
488887.654591 4922546.617770
488887.284537 4922547.550635
488886.453903 4922548.211758
488885.389762 4922548.796142
488884.531365 4922549.035657
488883.575425 4922548.969228
488882.570572 4922548.778628
488883.837080 4922540.928058
4 4
488883.837080 4922540.928058
488882.570572 4922548.778628
488881.622293 4922548.651018
488882.538716 4922540.595976
3 4
488882.538716 4922540.595976
488881.622293 4922548.651018
488880.957989 4922548.723595
3 4
488882.538716 4922540.595976
488880.957989 4922548.723595
488879.921982 4922548.950000
6 4
488882.538716 4922540.595976
488879.921982 4922548.950000
488878.869108 4922549.357310
488877.633224 4922549.811595
488876.706475 4922543.744924
488877.920503 4922542.804243
11 4
488873.735221 4922551.341275
488871.699283 4922551.321369
488870.283304 4922551.044404
488869.292816 4922550.677680
488868.392054 4922549.898758
488867.857092 4922548.187235
488868.211095 4922546.593675
488869.567139 4922545.245095
488871.646062 4922544.723212
488873.438942 4922544.844793
488875.121654 4922551.256472
5 4
488876.357998 4922550.801532
488875.121654 4922551.256472
488873.438942 4922544.844793
488874.771748 4922544.695393
488876.935790 4922550.302550
4 4
488877.633224 4922549.811595
488876.935790 4922550.302550
488874.771748 4922544.695393
488876.706475 4922543.744924
6 4
488882.538716 4922540.595976
488877.920503 4922542.804243
488878.758136 4922542.077973
488879.656591 4922541.354975
488880.728398 4922540.706580
488881.527860 4922540.462639
3 4
488882.538716 4922540.595976
488882.538716 4922540.595976
488881.527860 4922540.462639
