11
7 5
489130.967163 4922484.124572
489133.181349 4922483.390933
489135.150556 4922483.911119
489135.981940 4922485.620803
489135.026401 4922487.205360
489131.944620 4922489.379975
489129.878019 4922486.595331
4 5
489127.869881 4922489.442638
489129.878019 4922486.595331
489131.944620 4922489.379975
489130.527938 4922490.467851
5 5
489125.750959 4922489.957175
489127.869881 4922489.442638
489130.527938 4922490.467851
489130.202922 4922492.613211
489129.241726 4922494.408835
7 5
489101.651015 4922507.128637
489099.097765 4922505.675005
489096.760395 4922502.943331
489097.463868 4922500.100556
489099.833854 4922497.664834
489102.940276 4922498.117091
489103.985103 4922507.215915
4 5
489103.985103 4922507.215915
489102.940276 4922498.117091
489104.488354 4922497.850848
489107.780949 4922507.851349
3 5
489107.780949 4922507.851349
489104.488354 4922497.850848
489105.767581 4922497.032894
13 5
489127.161468 4922501.097759
489122.863963 4922505.386524
489120.462050 4922506.998432
489115.292019 4922510.218766
489112.247984 4922510.244426
489110.082115 4922510.250724
489108.661027 4922509.183925
489107.780949 4922507.851349
489105.767581 4922497.032894
489109.056628 4922494.628352
489120.892132 4922488.030095
489123.809523 4922489.485604
489128.873530 4922497.137897
4 5
489125.750959 4922489.957175
489129.241726 4922494.408835
489128.873530 4922497.137897
489123.809523 4922489.485604
4 5
489120.892132 4922488.030095
489109.056628 4922494.628352
489111.948420 4922492.213980
489116.143791 4922489.816211
3 5
489120.892132 4922488.030095
489116.143791 4922489.816211
489118.402735 4922488.499047
3 5
489120.892132 4922488.030095
489120.892132 4922488.030095
489118.402735 4922488.499047
