56
-93.13728193395063 44.45577806483645
-93.13724488507191 44.45579360136497
-93.13723301489038 44.45580599199805
-93.13723370816403 44.45581977254628
-93.13719765330234 44.4558348301072
-93.13718000733462 44.45586109654019
-93.1371800737286 44.45589763223466
-93.13718510526586 44.45593788324029
-93.13719166671333 44.45597534513551
-93.13720576875272 44.45600706423306
-93.13725146163372 44.45603395747672
-93.13728991068015 44.45604090947784
-93.13732805973167 44.45604456554749
-93.13737979971874 44.4560483047964
-93.13741916233549 44.45604922466813
-93.13746329070182 44.45605680028598
-93.13751223216389 44.45607170909847
-93.1375504391408 44.45608442047382
-93.1375684075647 44.45610000908786
-93.13761145052526 44.45611180605474
-93.13765288273089 44.45612451421717
-93.1376821424671 44.45612057886437
-93.13772180316491 44.45613075854849
-93.13771935673503 44.45614744438587
-93.13771857220613 44.45616058707572
-93.13774381671966 44.45617748204766
-93.13777267537188 44.45618882021738
-93.13782278799496 44.45618723836365
-93.13786078702421 44.45617753886577
-93.13787960126403 44.45615410195909
-93.13789013234592 44.45612356666313
-93.13789242470259 44.4560929404895
-93.13788805308228 44.45605420900775
-93.13787974153726 44.45602468544406
-93.13784895287907 44.45599485718862
-93.13780855520233 44.45596613091541
-93.13777236796733 44.45593921546201
-93.13771846428565 44.45591751593033
-93.13768027576776 44.45588936318671
-93.13765653072915 44.45586744322583
-93.13762303021009 44.45584897975885
-93.13758006101455 44.45583468407857
-93.13757319130957 44.45581396579036
-93.13754455972786 44.45579482818759
-93.13751849124718 44.45578133096422
-93.13747513273447 44.45577969173688
-93.13744437237406 44.4557930943425
-93.13742193444344 44.45581017115492
-93.13740802482975 44.45582441286452
-93.13739405152469 44.45583716529504
-93.13737356940162 44.4558413245332
-93.13735442296313 44.45583081150798
-93.13733382372895 44.45581611949651
-93.1373196326544 44.45579959875109
-93.13730477728494 44.45578587163914
-93.13728193395063 44.45577806483645
