15
14 5
489043.212602 4922545.611902
489043.410354 4922547.464982
489043.475226 4922548.924724
489041.469999 4922550.804743
489039.176203 4922552.068016
489035.189081 4922551.899024
489032.164165 4922550.826730
489030.662967 4922548.225958
489029.819425 4922544.835610
489029.631317 4922541.434063
489029.971860 4922537.131311
489030.627579 4922533.850816
489033.071466 4922530.533464
489036.280032 4922527.337229
5 5
489046.366001 4922544.475865
489043.212602 4922545.611902
489036.280032 4922527.337229
489039.153968 4922524.342700
489043.438361 4922521.925167
4 5
489048.694565 4922544.909074
489046.366001 4922544.475865
489043.438361 4922521.925167
489051.988429 4922543.491948
5 5
489056.837223 4922540.441885
489055.410613 4922542.175820
489051.988429 4922543.491948
489043.438361 4922521.925167
489046.471288 4922518.792939
3 5
489059.874500 4922539.024837
489056.837223 4922540.441885
489046.471288 4922518.792939
6 5
489063.765376 4922537.362271
489059.874500 4922539.024837
489046.471288 4922518.792939
489048.356292 4922516.354963
489051.018068 4922514.299618
489054.433931 4922512.705951
3 5
489067.274705 4922536.514898
489063.765376 4922537.362271
489054.433931 4922512.705951
12 5
489086.266240 4922515.586313
489086.267763 4922519.644587
489085.874963 4922524.116207
489085.359927 4922528.278226
489084.243912 4922531.803361
489080.613709 4922534.796672
489077.556094 4922535.574010
489074.521732 4922535.985208
489070.406125 4922536.407463
489067.274705 4922536.514898
489054.433931 4922512.705951
489070.863188 4922513.415944
7 5
489078.141710 4922506.377028
489081.092135 4922508.097829
489082.038810 4922509.472555
489081.986222 4922511.003346
489074.020565 4922510.610943
489075.146496 4922508.773978
489076.325798 4922507.247232
8 5
489054.433931 4922512.705951
489054.976600 4922510.403713
489057.250892 4922508.274141
489059.322324 4922506.771428
489062.771529 4922506.583550
489065.221259 4922508.068155
489067.009559 4922509.961992
489068.118835 4922511.542056
3 5
489054.433931 4922512.705951
489068.118835 4922511.542056
489069.232899 4922512.956687
5 5
489081.986222 4922511.003346
489084.857473 4922512.671079
489086.266240 4922515.586313
489070.863188 4922513.415944
489072.384475 4922512.245635
3 5
489054.433931 4922512.705951
489069.232899 4922512.956687
489070.863188 4922513.415944
3 5
489081.986222 4922511.003346
489072.384475 4922512.245635
489074.020565 4922510.610943
3 5
489078.141710 4922506.377028
489078.141710 4922506.377028
489074.020565 4922510.610943
