37
-93.13674420000996 44.45561353632706
-93.13670756072953 44.45562668382329
-93.1366831679497 44.45563095847436
-93.13665652357031 44.45562635808629
-93.13663122271758 44.45560075465359
-93.13661748097795 44.4555785273702
-93.1365896346172 44.45557195587959
-93.13656489380202 44.45557666858313
-93.13655447968893 44.45559207295337
-93.13656652347575 44.45560632398965
-93.13660530524395 44.45562585521402
-93.13662313491633 44.45563562780016
-93.13662726521304 44.45565493708801
-93.13663938456899 44.4556710882084
-93.13664406986589 44.45569565177092
-93.13666567262382 44.45573127572516
-93.13671977987177 44.45576982181159
-93.13675000441225 44.4557842973
-93.13681505646753 44.45581321137659
-93.13685331880725 44.45581339655187
-93.13688054270187 44.4558134206277
-93.13689838254437 44.45580379508718
-93.1369094165931 44.45579178496151
-93.13695711486167 44.45578600709719
-93.13698645118056 44.45578518617375
-93.13701851348657 44.45577206097374
-93.13704783536883 44.45574743311796
-93.13703893327076 44.45572185089173
-93.13700909265154 44.45569995840015
-93.13697005625666 44.45570407679779
-93.13695059223065 44.45570170320696
-93.13693449587615 44.45569435864146
-93.13689310391786 44.45567276067275
-93.13685670503831 44.45565106821314
-93.13680392132954 44.45562954483918
-93.13677550007287 44.45561772072892
-93.13674420000996 44.45561353632706
