18
-93.13975710420053 44.45629575614806
-93.13973789271031 44.4563010870428
-93.1397230406688 44.45631154984418
-93.13971575606944 44.4563285779328
-93.13972650350826 44.45634297221042
-93.13974525792611 44.45635364029083
-93.13976124037286 44.45636015682222
-93.1397747959451 44.45636573393882
-93.13979077622399 44.4563663907848
-93.13980717662781 44.45636437353227
-93.1398249911792 44.45635542841939
-93.13983425284039 44.45634376446075
-93.13982799888966 44.45632762803697
-93.13981202531832 44.45631253120737
-93.1397965829119 44.45630270280848
-93.13978238048568 44.45629759638027
-93.13976774603823 44.45629571492
-93.13975710420053 44.45629575614806
