18
6 5
489014.800051 4922532.968651
489016.851466 4922534.886808
489019.208540 4922537.927987
489018.778911 4922542.122052
489017.270003 4922544.728139
489010.421174 4922531.678904
5 5
489010.421174 4922531.678904
489017.270003 4922544.728139
489016.259220 4922547.787151
489013.478758 4922551.126474
489009.799946 4922551.942234
5 5
489010.421174 4922531.678904
489009.799946 4922551.942234
489006.841648 4922553.775282
489004.198520 4922554.543841
488998.278751 4922555.351491
5 5
489010.421174 4922531.678904
488998.278751 4922555.351491
488992.952455 4922556.895270
488987.685616 4922557.484710
488983.280962 4922557.585471
5 5
489010.421174 4922531.678904
488983.280962 4922557.585471
488977.787734 4922558.014283
488968.759847 4922545.784260
489004.460321 4922533.542864
11 5
488892.413689 4922584.671587
488889.746355 4922586.244054
488886.394237 4922587.764783
488883.084762 4922587.398264
488880.674483 4922586.125925
488879.136206 4922583.821857
488879.133254 4922580.807194
488880.596708 4922578.719174
488883.104133 4922576.311684
488887.236102 4922572.480669
488894.349041 4922569.379824
8 5
488908.450199 4922577.309221
488902.880729 4922580.812693
488898.341811 4922583.290683
488892.413689 4922584.671587
488894.349041 4922569.379824
488901.527361 4922566.653209
488908.351539 4922565.021910
488913.771858 4922565.124933
9 5
488932.730858 4922573.966803
488926.418569 4922576.576190
488921.266763 4922577.292503
488916.437496 4922577.613153
488908.450199 4922577.309221
488913.771858 4922565.124933
488919.891329 4922562.234476
488926.171938 4922559.619884
488938.449648 4922556.176619
3 5
488938.472049 4922571.724100
488932.730858 4922573.966803
488938.449648 4922556.176619
5 5
488947.662025 4922569.859515
488938.472049 4922571.724100
488938.449648 4922556.176619
488948.373613 4922551.885169
488952.582240 4922567.152540
5 5
488959.984561 4922564.479885
488952.582240 4922567.152540
488948.373613 4922551.885169
488955.023219 4922550.301241
488966.122384 4922561.731726
4 5
488966.122384 4922561.731726
488955.023219 4922550.301241
488963.518755 4922547.611331
488973.360861 4922558.659504
4 5
488973.360861 4922558.659504
488963.518755 4922547.611331
488968.759847 4922545.784260
488977.787734 4922558.014283
4 5
488968.759847 4922545.784260
488970.709188 4922543.455322
488974.556766 4922541.542325
488978.695517 4922541.301433
3 5
488968.759847 4922545.784260
488978.695517 4922541.301433
488982.884356 4922540.111261
5 5
488987.351803 4922538.673059
488992.664819 4922536.752124
488998.516054 4922534.871027
489004.460321 4922533.542864
488968.759847 4922545.784260
3 5
488968.759847 4922545.784260
488982.884356 4922540.111261
488987.351803 4922538.673059
3 5
489010.421174 4922531.678904
489010.421174 4922531.678904
489004.460321 4922533.542864
