18 4
488881.3206639282289 4922564.2138993786648
488882.85008717444725 4922564.8034267574549
488884.0336583845783 4922565.9635821599513
488884.61643060296774 4922567.8540164725855
488883.76412608899409 4922569.4543458400294
488882.27410305209924 4922570.6418697023764
488881.0038226651377 4922571.3678767308593
488879.92643931339262 4922571.9892070144415
488878.65521972847637 4922572.064339610748
488877.35006864788011 4922571.8424995010719
488875.93109677010216 4922570.8513279845938
488875.1920514080557 4922569.5569932144135
488875.68653405667283 4922567.7637618677691
488876.95447963703191 4922566.0846836948767
488878.18116790527711 4922564.9908779468387
488879.31010345742106 4922564.4217419698834
488880.47402160562342 4922564.2107663052157
488881.3206639282289 4922564.2138993786648
