3
7 4
488881.320664 4922564.213899
488882.850087 4922564.803427
488884.033658 4922565.963582
488884.616431 4922567.854016
488883.764126 4922569.454346
488882.274103 4922570.641870
488881.003823 4922571.367877
12 4
488881.320664 4922564.213899
488881.003823 4922571.367877
488879.926439 4922571.989207
488878.655220 4922572.064340
488877.350069 4922571.842500
488875.931097 4922570.851328
488875.192051 4922569.556993
488875.686534 4922567.763762
488876.954480 4922566.084684
488878.181168 4922564.990878
488879.310103 4922564.421742
488880.474022 4922564.210766
3 4
488881.320664 4922564.213899
488881.320664 4922564.213899
488880.474022 4922564.210766
