56 5
489078.14171000610804 4922506.3770281644538
489081.09213516680757 4922508.0978289917111
489082.0388100509299 4922509.472555427812
489081.98622243071441 4922511.003345807083
489084.8574734517606 4922512.6710788682103
489086.26624007197097 4922515.5863134320825
489086.26776296197204 4922519.6445868033916
489085.87496270576958 4922524.1162071125582
489085.35992747935234 4922528.2782263951376
489084.24391203001142 4922531.8033608114347
489080.61370948178228 4922534.7966715777293
489077.55609437450767 4922535.5740096634254
489074.52173228433821 4922535.9852079106495
489070.40612514317036 4922536.4074625046924
489067.2747051375336 4922536.5148984109983
489063.76537633460248 4922537.3622712641954
489059.87449982296675 4922539.0248367618769
489056.83722321217647 4922540.4418845567852
489055.4106128179701 4922542.1758201979101
489051.98842941666953 4922543.4919477635995
489048.69456517783692 4922544.9090741109103
489046.36600087647093 4922544.4758653501049
489043.21260208211606 4922545.6119022369385
489043.4103537632036 4922547.4649824853987
489043.47522636706708 4922548.924724153243
489041.46999942848925 4922550.8047433262691
489039.17620303150034 4922552.0680160382763
489035.1890812398633 4922551.8990243244916
489032.16416481189663 4922550.8267297400162
489030.66296652361052 4922548.2259578118101
489029.81942452775547 4922544.8356097508222
489029.63131658203201 4922541.4340625908226
489029.97186024335679 4922537.1313108978793
489030.6275789263309 4922533.8508161725476
489033.0714659508667 4922530.5334639390931
489036.28003230772447 4922527.3372293869033
489039.15396767330822 4922524.3427004516125
489043.43836059782188 4922521.9251673016697
489046.4712878591381 4922518.7929394850507
489048.35629211110063 4922516.3549634926021
489051.01806803862564 4922514.2996183224022
489054.4339312830125 4922512.7059513535351
489054.9765998829389 4922510.403713109903
489057.25089225370903 4922508.2741411486641
489059.32232439029031 4922506.7714275075123
489062.77152929001022 4922506.5835499279201
489065.22125922259875 4922508.0681551964954
489067.0095590967685 4922509.961992344819
489068.11883480520919 4922511.5420556943864
489069.23289929953171 4922512.9566865144297
489070.86318759253481 4922513.4159444952384
489072.38447526108939 4922512.2456346526742
489074.02056548965629 4922510.6109431292862
489075.14649623061996 4922508.7739780182019
489076.3257983016083 4922507.2472319966182
489078.14171000610804 4922506.3770281644538
