24
6 5
489187.928886 4922480.387924
489187.092677 4922483.627200
489185.451111 4922485.055949
489183.893547 4922484.441971
489183.190524 4922483.150896
489182.858220 4922480.931740
7 5
489189.590980 4922475.657835
489188.905479 4922477.809943
489187.928886 4922480.387924
489182.858220 4922480.931740
489181.033621 4922480.004501
489184.867438 4922474.967818
489186.879113 4922474.296361
8 5
489174.627105 4922467.950569
489175.405078 4922466.516301
489177.122172 4922465.374480
489179.434310 4922465.097940
489180.579144 4922466.448424
489181.223550 4922468.215185
489180.363028 4922470.071858
489173.968171 4922469.764439
6 5
489142.522398 4922484.546833
489140.333898 4922484.979551
489139.144767 4922483.780866
489138.754173 4922481.379783
489139.937768 4922479.244129
489142.940817 4922476.629675
5 5
489144.042095 4922485.251403
489142.522398 4922484.546833
489142.940817 4922476.629675
489146.030738 4922475.206338
489147.799854 4922475.705611
8 5
489189.098529 4922461.345973
489192.009533 4922459.782247
489194.574260 4922459.251414
489196.301997 4922460.904073
489197.773766 4922463.557018
489190.826020 4922463.868428
489189.770911 4922462.742942
489189.253788 4922462.030986
6 5
489172.341706 4922470.690364
489173.968171 4922469.764439
489180.363028 4922470.071858
489180.648204 4922472.061908
489181.033621 4922480.004501
489178.578914 4922481.460294
7 5
489146.970453 4922487.377242
489144.916225 4922486.722051
489144.042095 4922485.251403
489147.799854 4922475.705611
489149.428443 4922474.923754
489153.272411 4922474.961717
489155.449719 4922476.151382
4 5
489148.093271 4922488.553816
489146.970453 4922487.377242
489155.449719 4922476.151382
489157.227384 4922476.493379
7 5
489152.578017 4922494.162657
489151.001117 4922493.323262
489149.303414 4922491.973837
489148.401597 4922489.682034
489148.093271 4922488.553816
489157.227384 4922476.493379
489154.300382 4922493.975005
3 5
489149.303414 4922491.973837
489148.314650 4922491.044947
489148.401597 4922489.682034
4 5
489156.606443 4922493.898368
489154.300382 4922493.975005
489157.227384 4922476.493379
489158.513522 4922493.133951
7 5
489166.585623 4922488.023426
489165.385548 4922490.210343
489163.081234 4922491.377592
489160.708438 4922492.468226
489158.513522 4922493.133951
489157.227384 4922476.493379
489159.493210 4922474.116337
4 5
489169.290002 4922486.436578
489166.585623 4922488.023426
489159.493210 4922474.116337
489163.097791 4922471.904650
7 5
489174.063960 4922484.766099
489172.078923 4922485.663889
489169.290002 4922486.436578
489163.097791 4922471.904650
489164.790235 4922470.230671
489168.496233 4922469.523099
489169.866985 4922470.068259
5 5
489176.736697 4922483.470984
489174.063960 4922484.766099
489169.866985 4922470.068259
489172.341706 4922470.690364
489178.578914 4922481.460294
3 5
489181.033621 4922480.004501
489180.648204 4922472.061908
489181.841926 4922473.505312
3 5
489181.033621 4922480.004501
489181.841926 4922473.505312
489182.949880 4922474.320052
3 5
489181.033621 4922480.004501
489182.949880 4922474.320052
489184.867438 4922474.967818
4 5
489189.590980 4922475.657835
489186.879113 4922474.296361
489188.340669 4922472.264352
489190.350645 4922474.242177
7 5
489193.799260 4922472.650006
489192.036961 4922473.551721
489190.350645 4922474.242177
489188.340669 4922472.264352
489188.953174 4922469.952046
489190.087192 4922469.297977
489196.502969 4922470.070051
5 5
489197.160598 4922467.485421
489196.502969 4922470.070051
489190.087192 4922469.297977
489191.158095 4922467.087767
489197.773766 4922463.557018
3 5
489197.773766 4922463.557018
489191.158095 4922467.087767
489190.826020 4922463.868428
3 5
489189.098529 4922461.345973
489189.098529 4922461.345973
489189.253788 4922462.030986
