1
21 1
488472.09292567439843 4922135.86319307331
488473.93669392645825 4922136.7015140242875
488474.99203038070118 4922137.5808547772467
488476.27000266348477 4922139.0187118938193
488477.00614171021152 4922140.3234897153452
488477.44263046205742 4922141.5011296225712
488477.3327381433337 4922142.4787077195942
488476.84142655343749 4922143.6269072378054
488476.23781732725911 4922144.5266474718228
488475.33031562285032 4922145.2917584395036
488474.30222107499139 4922145.990565892309
488472.55145283776801 4922146.3510833838955
488470.58075882733101 4922146.3319926476106
488468.38814678438939 4922146.0579204130918
488466.44688330305507 4922144.8773996997625
488465.60402557242196 4922143.1469100015238
488465.36405295174336 4922141.3869491759688
488466.26136254461017 4922139.4837381448597
488468.22744313068688 4922137.6039639506489
488470.05598214897327 4922136.3992503490299
488472.09292567439843 4922135.86319307331
