1
18 1
488469.0361913657398 4922161.0727596860379
488470.80943152680993 4922162.4438819056377
488471.65550064010313 4922163.9718129402027
488471.92906650691293 4922165.8556479485705
488471.66032620274927 4922167.4700360763818
488470.72904322529212 4922168.7440238092095
488469.69481374573661 4922169.6372156506404
488468.33127627545036 4922170.139765324071
488467.23537411529105 4922170.2781634647399
488465.93510390986921 4922169.7223629076034
488465.03144437592709 4922168.5026493547484
488464.31853511679219 4922167.1084170835093
488464.0902140592807 4922165.6121899336576
488464.4411506082979 4922164.5097942790017
488465.10590976884123 4922163.1071292972192
488466.05702864500927 4922162.0213350849226
488467.3036955264979 4922161.3818450476974
488469.0361913657398 4922161.0727596860379
