8
8 4
488485.00425719621126 4922497.8735511479899
488485.69878272461938 4922499.6542420340702
488485.83062693692045 4922500.4799786545336
488485.12355851620669 4922501.3631984218955
488484.3622861141921 4922502.1896581109613
488479.48658793477807 4922497.0355748459697
488480.89005419082241 4922496.1063095340505
488484.24438826477854 4922496.1864873403683
7 4
488477.47379755118163 4922511.0451830374077
488476.06237449304899 4922510.100535819307
488475.17110995395342 4922508.5753986928612
488474.50600063690217 4922506.5219394117594
488475.18451350391842 4922504.853919878602
488476.14072985661915 4922504.2929221726954
488479.42058284539962 4922511.580430210568
9 4
488484.7936173658818 4922506.46529706195
488484.95107985060895 4922507.998082398437
488484.38521543750539 4922509.4915026072413
488482.85622231219895 4922511.0980293238536
488481.0479606835288 4922511.7176865013316
488479.42058284539962 4922511.580430210568
488476.14072985661915 4922504.2929221726954
488476.77619412180502 4922503.7210395168513
488484.07658294995781 4922504.9537929231301
4 4
488484.07658294995781 4922504.9537929231301
488476.77619412180502 4922503.7210395168513
488477.19832804147154 4922503.0867419000715
488483.84886318794452 4922503.7410059245303
4 4
488483.84886318794452 4922503.7410059245303
488477.19832804147154 4922503.0867419000715
488477.08971055189613 4922501.2903618561104
488484.3622861141921 4922502.1896581109613
6 4
488484.3622861141921 4922502.1896581109613
488477.08971055189613 4922501.2903618561104
488476.75320445268881 4922499.7061968063936
488477.17434641806176 4922498.715161992237
488478.09030547295697 4922497.8651630589738
488479.48658793477807 4922497.0355748459697
5 4
488483.14275554852793 4922495.2631604084745
488484.24438826477854 4922496.1864873403683
488480.89005419082241 4922496.1063095340505
488481.76521048694849 4922495.5209456086159
488482.4856455620029 4922495.3410577587783
3 4
488483.14275554852793 4922495.2631604084745
488483.14275554852793 4922495.2631604084745
488482.4856455620029 4922495.3410577587783
