7
10 5
488619.71823801810388 4922256.8878620723262
488623.87577181163942 4922258.7543921153992
488626.16448519926053 4922262.4515597764403
488627.09553401061567 4922266.7732036272064
488624.81652876851149 4922269.747007727623
488621.52942699217238 4922270.8105128277093
488618.18206779944012 4922268.7442732583731
488616.48875400330871 4922265.4782220376655
488614.71018988534342 4922261.7429424105212
488616.35025059373584 4922257.6862450912595
5 5
488613.10614934575278 4922255.1477586934343
488616.35025059373584 4922257.6862450912595
488614.71018988534342 4922261.7429424105212
488610.77691714320099 4922259.3248147061095
488607.65926332282834 4922256.2979939533398
5 5
488607.38820693676826 4922250.6521777836606
488610.38190529006533 4922253.0000815615058
488613.10614934575278 4922255.1477586934343
488607.65926332282834 4922256.2979939533398
488604.39185769227333 4922253.7592648090795
7 5
488605.53599734808085 4922246.6687764730304
488607.38820693676826 4922250.6521777836606
488604.39185769227333 4922253.7592648090795
488600.85012383654248 4922251.0193759771064
488599.46685480512679 4922248.9619937846437
488598.39168997376692 4922244.9931937847286
488599.05094303732039 4922238.4515715595335
4 5
488606.7147109513171 4922243.8410643534735
488605.53599734808085 4922246.6687764730304
488599.05094303732039 4922238.4515715595335
488602.85832653177204 4922235.4833880625665
5 5
488608.73678875732003 4922238.9461092157289
488608.47411479864968 4922241.6272783577442
488606.7147109513171 4922243.8410643534735
488602.85832653177204 4922235.4833880625665
488606.94181030517211 4922236.341248315759
3 5
488602.85832653177204 4922235.4833880625665
488602.85832653177204 4922235.4833880625665
488606.94181030517211 4922236.341248315759
