5
9 1
488717.56058881763602 4922472.8703427193686
488718.05725978274131 4922475.4864512346685
488717.00524381961441 4922478.8277963837609
488713.88419461122248 4922480.5254751350731
488710.44064481504029 4922480.9644436575472
488707.17002272658283 4922480.8796239672229
488704.25210286449874 4922479.6142050148919
488701.71616090455791 4922476.8462531678379
488700.90958802512614 4922471.1388295171782
6 1
488713.78537338285241 4922456.883478381671
488716.7725717589492 4922466.7229352779686
488717.56058881763602 4922472.8703427193686
488700.90958802512614 4922471.1388295171782
488699.34015395975439 4922459.019465116784
488711.16556648386177 4922449.4688707301393
6 1
488710.51214616256766 4922445.1972654042765
488711.16556648386177 4922449.4688707301393
488699.34015395975439 4922459.019465116784
488697.36356354621239 4922454.271096771583
488695.82505513774231 4922446.7280800016597
488696.36393492191564 4922440.5287596946582
7 1
488705.74827888573054 4922435.0597652858123
488709.52000532875536 4922437.9154774807394
488710.74075743980939 4922441.9494516327977
488710.51214616256766 4922445.1972654042765
488696.36393492191564 4922440.5287596946582
488698.25093574915081 4922436.7152726911008
488701.82265511789592 4922434.3742031250149
3 1
488701.82265511789592 4922434.3742031250149
488701.82265511789592 4922434.3742031250149
488705.74827888573054 4922435.0597652858123
