8
10 302
488708.94465821387712 4922353.6576601816341
488710.13774216768797 4922352.9282633299008
488711.58661797805689 4922352.0541974902153
488713.15014650137164 4922351.8393255556002
488714.78706337552285 4922352.9297869578004
488715.32763616956072 4922354.5126203494146
488715.07979907980189 4922356.8529486926273
488714.37398662604392 4922358.7544940961525
488713.34409650147427 4922359.4960462730378
488712.15733992832247 4922360.1456609554589
5 302
488707.420727155637 4922354.44566712901
488708.94465821387712 4922353.6576601816341
488712.15733992832247 4922360.1456609554589
488711.46277274016757 4922360.7483872910962
488710.68696897302289 4922361.3457355359569
7 302
488702.98874561057892 4922358.2076054252684
488703.26669806666905 4922356.5968289943412
488704.34554437373299 4922355.2065759040415
488705.69736827386077 4922354.5688846111298
488707.420727155637 4922354.44566712901
488710.68696897302289 4922361.3457355359569
488703.40183569956571 4922359.2969075990841
4 302
488703.67637690482661 4922361.1921266820282
488703.40183569956571 4922359.2969075990841
488710.68696897302289 4922361.3457355359569
488709.93794646346942 4922362.764130464755
4 302
488703.5313582062372 4922362.081949277781
488703.67637690482661 4922361.1921266820282
488709.93794646346942 4922362.764130464755
488709.75639742444037 4922364.222839073278
8 302
488702.612199839612 4922363.4930612072349
488703.5313582062372 4922362.081949277781
488709.75639742444037 4922364.222839073278
488709.72599386895308 4922365.8570716297254
488709.13185481651453 4922367.3740256773308
488707.90797330741771 4922368.5236199526116
488706.78664969105739 4922369.3555134581402
488705.35989822086412 4922369.8389255208895
7 302
488700.71159853768768 4922368.2844154750928
488700.68412836128846 4922366.3913558740169
488701.38385244924575 4922364.6359307449311
488702.612199839612 4922363.4930612072349
488705.35989822086412 4922369.8389255208895
488703.37080796580995 4922370.1188622135669
488701.67837585776579 4922369.6724012969062
3 302
488703.37080796580995 4922370.1188622135669
488703.37080796580995 4922370.1188622135669
488701.67837585776579 4922369.6724012969062
