15
-93.14509048457381 44.45233845893533
-93.145016865741 44.45230167663652
-93.14498749411418 44.45231853656541
-93.14496460399739 44.45233646446216
-93.14495799664505 44.45235521807321
-93.14496283402153 44.4523736771779
-93.14497709576644 44.45239091678719
-93.14499577870933 44.45240340261005
-93.14502042729985 44.45240867356856
-93.14503951742415 44.45240591651844
-93.14506167908452 44.45240193051573
-93.14507699024334 44.45239225680741
-93.14508545158921 44.45237692106968
-93.14509247785786 44.45236396582715
-93.14509048457381 44.45233845893533
