15 1
26.486547815729863942 3.8220278508961200714
32.519195307366317138 0
34.770776662160642445 1.9744872786104679108
36.501919117785291746 4.0446275556460022926
36.93476848429418169 6.1489729862660169601
36.459389817697228864 8.1802768297493457794
35.240925218589836732 10.04302038811147213
33.694449909991817549 11.362656086683273315
31.709320925059728324 11.860637573525309563
30.205528127931756899 11.48737243190407753
28.463646522839553654 10.966901904903352261
27.294274890329688787 9.839438646100461483
26.697232016129419208 8.1078291516751050949
26.202535279298899695 6.6454384252429008484
26.486547815729863942 3.8220278508961200714
