18
-93.14493035286098 44.45265991407251
-93.14490809595844 44.45267228624085
-93.14489749593039 44.45268605533497
-93.14489409947925 44.45270301941991
-93.14489751315013 44.45271754909125
-93.14490924659339 44.45272900365335
-93.14492226547462 44.45273702835678
-93.14493941465952 44.45274153094712
-93.1449531918895 44.45274275943345
-93.14496952231551 44.45273773495057
-93.1449808530417 44.45272673974052
-93.14498978238007 44.4527141764218
-93.14499261876662 44.45270070259824
-93.14498818337218 44.45269078358884
-93.14497979692959 44.45267816633183
-93.14496781836138 44.45266840635529
-93.14495213506449 44.45266266906309
-93.14493035286098 44.45265991407251
