1
18 1
488469.036191 4922161.072760
488470.809432 4922162.443882
488471.655501 4922163.971813
488471.929067 4922165.855648
488471.660326 4922167.470036
488470.729043 4922168.744024
488469.694814 4922169.637216
488468.331276 4922170.139765
488467.235374 4922170.278163
488465.935104 4922169.722363
488465.031444 4922168.502649
488464.318535 4922167.108417
488464.090214 4922165.612190
488464.441151 4922164.509794
488465.105910 4922163.107129
488466.057029 4922162.021335
488467.303696 4922161.381845
488469.036191 4922161.072760
