18 1
37.631850959296571091 40.057858484797179699
39.340004730533109978 41.509260394610464573
40.114744904654799029 43.074566707015037537
40.301185051037464291 44.969009289517998695
39.958315550960833207 46.569293915294110775
38.969298290816368535 47.799000215716660023
37.8949966520012822 48.643570089712738991
36.509743613860337064 49.082733643241226673
35.40862688931520097 49.170469320379197598
34.135358276747865602 48.555323884822428226
33.288881682878127322 47.295252823270857334
32.640997009904822335 45.869641133584082127
32.481886886147549376 44.364479959942400455
32.883265087526524439 43.27943241223692894
33.611973174614831805 41.90890028327703476
34.612130512483417988 40.868101797997951508
35.886949421401368454 40.286756315268576145
37.631850959296571091 40.057858484797179699
