21
-93.14489137236367 44.45243300701569
-93.14486821723393 44.45244058361653
-93.14485497258359 44.4524485169373
-93.14483894211109 44.45246148199647
-93.14482971881975 44.45247324033679
-93.14482425891681 44.45248384930829
-93.14482566187273 44.4524926484628
-93.1448318625789 44.45250297760318
-93.14483946919702 44.45251106813284
-93.14485089236317 44.45251794178259
-93.14486382975517 44.45252421659387
-93.14488584271074 44.45252743433733
-93.14491061140554 44.45252723104606
-93.14493816365034 44.4525247286716
-93.14496253657435 44.45251406975746
-93.14497309168181 44.45249847712017
-93.14497606863323 44.45248262877838
-93.14496474821523 44.45246550893121
-93.14493999525043 44.452448617126
-93.14491698604867 44.4524378005339
-93.14489137236367 44.45243300701569
