21 1
41.847365324589191005 15.015987307764589787
43.650531571824103594 15.938405254855751991
44.664213269774336368 16.865456820465624332
45.874549467524047941 18.360693434253334999
46.549762618727982044 19.698016529902815819
46.93150437471922487 20.894524537026882172
46.776667627214919776 21.86599807720631361
46.232952275109710172 22.990330247208476067
45.5885113243421074 23.861290893517434597
44.646706616360461339 24.583757521584630013
43.587493491708301008 25.234432411380112171
41.821968225965974852 25.513865441083908081
39.854248905932763591 25.403956311754882336
37.676600749749923125 25.029107450507581234
35.791816522716544569 23.760359455831348896
35.029621212568599731 21.992857812903821468
34.871028653258690611 20.223706217482686043
35.855112542631104589 18.36387944221496582
37.905751082173082978 16.576729345135390759
39.787877488764934242 15.457582350820302963
41.847365324589191005 15.015987307764589787
