1
21 1
488472.092926 4922135.863193
488473.936694 4922136.701514
488474.992030 4922137.580855
488476.270003 4922139.018712
488477.006142 4922140.323490
488477.442630 4922141.501130
488477.332738 4922142.478708
488476.841427 4922143.626907
488476.237817 4922144.526647
488475.330316 4922145.291758
488474.302221 4922145.990566
488472.551453 4922146.351083
488470.580759 4922146.331993
488468.388147 4922146.057920
488466.446883 4922144.877400
488465.604026 4922143.146910
488465.364053 4922141.386949
488466.261363 4922139.483738
488468.227443 4922137.603964
488470.055982 4922136.399250
488472.092926 4922135.863193
