9
4 6
488549.100802 4922291.835108
488547.620843 4922293.349476
488545.822329 4922289.650078
488548.207489 4922289.409638
5 6
488549.549620 4922284.996008
488548.207489 4922289.409638
488545.822329 4922289.650078
488547.888825 4922284.033666
488550.576649 4922280.910538
6 6
488554.473656 4922279.009490
488552.667820 4922283.475224
488549.549620 4922284.996008
488550.576649 4922280.910538
488552.299955 4922275.354642
488557.121957 4922272.363411
5 6
488558.771789 4922265.816819
488557.121957 4922272.363411
488552.299955 4922275.354642
488555.491147 4922264.933221
488560.626696 4922257.558638
5 6
488560.626696 4922257.558638
488555.491147 4922264.933221
488556.402360 4922258.709742
488560.030317 4922249.077142
488562.026422 4922251.126791
5 6
488564.701027 4922246.347383
488562.026422 4922251.126791
488560.030317 4922249.077142
488562.652084 4922242.827644
488567.270256 4922241.197287
5 6
488569.380624 4922235.291274
488567.270256 4922241.197287
488562.652084 4922242.827644
488565.019926 4922234.137378
488568.222617 4922225.727207
5 6
488573.430276 4922227.267428
488569.380624 4922235.291274
488568.222617 4922225.727207
488571.812974 4922216.861966
488576.715373 4922219.730771
3 6
488571.812974 4922216.861966
488571.812974 4922216.861966
488576.715373 4922219.730771
