27
-93.14363980741844 44.45316380296213
-93.14357825309607 44.4531897076173
-93.1436197093574 44.45325750644633
-93.14367078607508 44.45332967923046
-93.14369744146768 44.45338281630779
-93.14372984760674 44.4534291407709
-93.1437635700661 44.45347212635021
-93.14378130521028 44.45353000860194
-93.14380480188522 44.45360432570401
-93.14382568320326 44.45366323700767
-93.14385911652084 44.45372302817017
-93.14388191276838 44.4537632035246
-93.1439211390326 44.45377684540515
-93.14393810587551 44.45381655901147
-93.14392693145196 44.45383840909528
-93.14394556655667 44.4538520191558
-93.14396809028125 44.45381868585825
-93.1439419922782 44.45376815536432
-93.14390813997818 44.45374008115561
-93.14388635694175 44.45369009002724
-93.14384601660839 44.45359631895843
-93.14383442608991 44.45354030486745
-93.143788613697 44.4534536422588
-93.14375552287221 44.45339742098658
-93.1437255697834 44.45331922202337
-93.14368512983484 44.45324355788563
-93.14363980741844 44.45316380296213
