27 6
137.72779859037837014 100.52523639984428883
142.49274997584871016 103.6169678857550025
138.8637438818695955 110.99418738484382629
134.44853928362135775 118.82283724378794432
132.06817808165214956 124.62529602646827698
129.26428745678276755 129.65148933045566082
126.37222018203465268 134.30253243539482355
124.67750692585832439 140.66302250791341066
122.44391237289528362 148.82692424487322569
120.49407129152677953 155.29050839878618717
117.54223539671511389 161.80745077878236771
115.53247154984273948 166.18519816547632217
112.34748596005374566 167.56063293945044279
110.8033363284484949 171.90770608000457287
111.58389819072908722 174.37177535239607096
110.03570832402328961 175.81631593033671379
108.40962883096653968 172.03794774226844311
110.73281534417765215 166.52275999449193478
113.56174233392812312 163.52684674318879843
115.53931462264154106 158.0562917273491621
119.20748759704292752 147.79304510354995728
120.40460155054461211 141.61818294413387775
124.47271508444100618 132.16305157542228699
127.37976448927656747 126.04104652628302574
130.1456649127358105 117.46916249115020037
133.73261627778992988 109.21555844601243734
137.72779859037837014 100.52523639984428883
