9
4 6
111.583898 174.371775
110.035708 175.816316
108.409629 172.037948
110.803336 171.907706
5 6
112.347486 167.560633
110.803336 171.907706
108.409629 172.037948
110.732815 166.522760
113.561742 163.526847
6 6
117.542235 161.807451
115.532472 166.185198
112.347486 167.560633
113.561742 163.526847
115.539315 158.056292
120.494071 155.290508
5 6
122.443912 148.826924
120.494071 155.290508
115.539315 158.056292
119.207488 147.793045
124.677507 140.663023
5 6
124.677507 140.663023
119.207488 147.793045
120.404602 141.618183
124.472715 132.163052
126.372220 134.302532
5 6
129.264287 129.651489
126.372220 134.302532
124.472715 132.163052
127.379764 126.041047
132.068178 124.625296
5 6
134.448539 118.822837
132.068178 124.625296
127.379764 126.041047
130.145665 117.469162
133.732616 109.215558
5 6
138.863744 110.994187
134.448539 118.822837
133.732616 109.215558
137.727799 100.525236
142.492750 103.616968
3 6
137.727799 100.525236
137.727799 100.525236
142.492750 103.616968
