27 6
488571.81297394639114 4922216.8619655100629
488576.71537317632465 4922219.7307713720948
488573.43027568538673 4922227.2674276102334
488569.38062394130975 4922235.2912740074098
488567.27025589044206 4922241.1972873890772
488564.70102682051947 4922246.3473828984424
488562.02642236440443 4922251.1267914483324
488560.62669578776695 4922257.558638188988
488558.77178855077364 4922265.8168193046004
488557.12195742951008 4922272.363410603255
488554.47365607903339 4922279.0094901314005
488552.66781972214812 4922283.4752238839865
488549.54961989325238 4922284.9960078438744
488548.20748891460244 4922289.4096375759691
488549.10080179892248 4922291.835107899271
488547.62084331188817 4922293.3494764873758
488545.82232921698596 4922289.6500781942159
488547.88882504362846 4922284.0336659522727
488550.57664915651549 4922280.9105384079739
488552.29995545744896 4922275.3546424647793
488555.49114744376857 4922264.9332213550806
488556.40236010611989 4922258.7097419435158
488560.03031742956955 4922249.0771419527009
488562.65208443987649 4922242.8276443881914
488565.01992589444853 4922234.1373781142756
488568.22261661454104 4922225.7272073682398
488571.81297394639114 4922216.8619655100629
