13
4 2
488492.841931 4922509.413830
488490.685908 4922510.461518
488489.792685 4922507.293305
488490.503800 4922501.845052
6 2
488503.567528 4922501.823037
488501.152496 4922505.259993
488495.552785 4922509.593729
488492.841931 4922509.413830
488490.503800 4922501.845052
488489.700389 4922497.339618
13 2
488562.379629 4922280.802202
488566.444637 4922258.399673
488572.567563 4922247.692643
488577.503006 4922243.503895
488582.188444 4922241.692833
488586.947497 4922242.194198
488590.047648 4922244.653787
488593.518396 4922247.444479
488595.275278 4922251.839510
488596.177812 4922257.025587
488592.323745 4922277.140396
488585.838546 4922300.895365
488558.944096 4922302.849454
5 2
488556.402657 4922316.636768
488558.944096 4922302.849454
488585.838546 4922300.895365
488581.876196 4922321.790746
488576.567639 4922348.174430
4 2
488550.729125 4922343.064804
488556.402657 4922316.636768
488576.567639 4922348.174430
488567.479749 4922379.558434
6 2
488539.447147 4922390.086060
488542.081313 4922378.705822
488550.729125 4922343.064804
488567.479749 4922379.558434
488562.416385 4922397.998306
488553.055344 4922424.160790
3 2
488530.945950 4922406.160488
488539.447147 4922390.086060
488553.055344 4922424.160790
6 2
488514.751691 4922437.579973
488520.651020 4922425.582694
488530.945950 4922406.160488
488553.055344 4922424.160790
488546.373982 4922444.932852
488539.338652 4922463.815167
6 2
488505.681077 4922456.100307
488509.220015 4922447.460561
488514.751691 4922437.579973
488539.338652 4922463.815167
488531.710094 4922477.510085
488523.387477 4922486.906954
10 2
488485.359072 4922484.870739
488485.894611 4922479.003334
488489.802205 4922471.037889
488493.860060 4922466.457666
488499.139241 4922460.564889
488505.681077 4922456.100307
488523.387477 4922486.906954
488516.372554 4922492.442765
488509.783868 4922496.997862
488487.054772 4922491.416758
4 2
488487.054772 4922491.416758
488509.783868 4922496.997862
488503.567528 4922501.823037
488489.700389 4922497.339618
3 2
488495.552785 4922509.593729
488501.152496 4922505.259993
488498.873077 4922511.325729
3 2
488498.873077 4922511.325729
488498.873077 4922511.325729
488495.552785 4922509.593729
