39
-93.144513573227 44.45304668314623
-93.14448663272933 44.45301781132616
-93.14444574015729 44.45299968980514
-93.1443906650546 44.4529870103155
-93.1443339899002 44.45297404389595
-93.14427646918732 44.4529718866328
-93.14423375981247 44.45298607157657
-93.1441698074493 44.45301584582013
-93.14404215432039 44.45308199371078
-93.14395097347492 44.45312734655706
-93.14387187884803 44.45316732326582
-93.1438365488595 44.45319741588868
-93.14383151698627 44.45323099590812
-93.14384088557634 44.45326969532424
-93.14385783688323 44.45330764002335
-93.14388321285604 44.45333586827758
-93.14391678905818 44.4533719547294
-93.14393244343287 44.4534027334051
-93.14394691808629 44.45344037575727
-93.14397300227226 44.45346330205122
-93.14401579612186 44.45347359205787
-93.14404785816841 44.45346970551288
-93.14407110935917 44.45345474514787
-93.14407040128556 44.45343096665705
-93.14406567100697 44.45341088186321
-93.14408590362783 44.45337939900008
-93.14410856311991 44.45334930205354
-93.14413330121644 44.4533153138387
-93.14416856283908 44.45327933786886
-93.14419163631398 44.45325138271296
-93.14423118399053 44.45321402965943
-93.14426976120635 44.45318121511295
-93.14433800082672 44.45314019245377
-93.14437567786112 44.45312736227278
-93.14442803306012 44.45311658300049
-93.1444687283569 44.45309877832825
-93.14450399622693 44.45307825989107
-93.1445118629243 44.45306534807507
-93.144513573227 44.45304668314623
