10
8 2
488547.432864 4922247.625691
488545.362061 4922250.175919
488541.959351 4922251.324891
488539.407702 4922250.897678
488537.554887 4922249.239188
488537.606571 4922246.597853
488537.978989 4922244.366239
488548.577127 4922243.442479
4 2
488548.577127 4922243.442479
488537.978989 4922244.366239
488536.363101 4922240.872063
488549.816592 4922240.021495
8 2
488555.835589 4922228.652242
488554.494333 4922232.869384
488552.480904 4922236.008434
488549.816592 4922240.021495
488536.363101 4922240.872063
488534.554397 4922237.532170
488532.579554 4922233.760340
488556.573409 4922224.352330
8 2
488547.049035 4922212.856023
488553.349728 4922217.285433
488556.166509 4922220.623078
488556.573409 4922224.352330
488532.579554 4922233.760340
488529.767055 4922229.769192
488527.925827 4922226.667262
488539.785683 4922207.831149
4 2
488539.785683 4922207.831149
488527.925827 4922226.667262
488524.772048 4922222.523757
488529.616456 4922200.501553
3 2
488529.616456 4922200.501553
488524.772048 4922222.523757
488521.696365 4922218.884238
6 2
488521.121664 4922195.633673
488524.522472 4922197.203298
488529.616456 4922200.501553
488521.696365 4922218.884238
488516.259086 4922214.337155
488516.545642 4922195.881367
4 2
488516.545642 4922195.881367
488516.259086 4922214.337155
488513.258931 4922212.917311
488512.039014 4922197.329590
9 2
488502.271943 4922203.975114
488504.409708 4922200.764343
488507.659633 4922198.745720
488512.039014 4922197.329590
488513.258931 4922212.917311
488509.091361 4922211.727337
488505.850090 4922209.755371
488503.040099 4922207.481207
488502.411680 4922206.048111
3 2
488502.271943 4922203.975114
488502.271943 4922203.975114
488502.411680 4922206.048111
