13
4 2
52.064159 388.179483
43.116872 387.401066
42.962008 374.922234
56.783972 382.497231
6 2
67.337800 373.416813
56.783972 382.497231
42.962008 374.922234
39.413411 361.758534
43.254973 354.772386
49.959892 343.645724
6 2
87.050558 357.649640
76.544108 367.530971
67.337800 373.416813
49.959892 343.645724
59.430105 334.915923
93.111293 347.922080
4 2
93.111293 347.922080
59.430105 334.915923
70.730361 319.688445
101.787844 327.256167
4 2
101.787844 327.256167
70.730361 319.688445
80.910216 303.360756
113.253511 300.214668
4 2
113.253511 300.214668
80.910216 303.360756
90.718916 284.759843
126.390891 268.899859
3 2
126.390891 268.899859
90.718916 284.759843
99.774600 262.968455
5 2
132.806752 251.343662
126.390891 268.899859
99.774600 262.968455
103.862482 241.986877
136.566627 230.977972
6 2
141.516416 212.045305
136.566627 230.977972
103.862482 241.986877
106.720027 224.712765
113.145785 204.696393
120.902497 180.954003
5 2
149.902871 179.699881
146.422844 200.435375
141.516416 212.045305
120.902497 180.954003
127.039668 158.700098
5 2
154.074677 165.335254
149.902871 179.699881
127.039668 158.700098
133.123426 137.405822
157.324361 150.348950
7 2
160.016261 138.442903
157.324361 150.348950
133.123426 137.405822
138.655360 129.593854
145.284007 127.316770
152.029298 127.305895
159.063677 131.268540
3 2
152.029298 127.305895
152.029298 127.305895
159.063677 131.268540
