39 2
68.854701318923616782 84.446604613214731216
71.138193662860430777 81.337786412797868252
74.477712663938291371 79.471113781444728374
78.917714066337794065 78.258355366997420788
83.486307997343828902 77.019403703510761261
88.068883434956660494 76.982903984375298023
91.393724683235632256 78.707619523629546165
96.330262259842129424 82.237174663692712784
106.15082349453587085 90.02772865816950798
113.17483445396646857 95.382063929922878742
119.2646584668837022 100.09719435404986143
121.92459711356787011 103.56113081239163876
122.15916583087528124 107.30517516750842333
121.22392681005294435 111.56650711596012115
119.68970781596726738 115.71734123025089502
117.53372496689553373 118.7602465245872736
114.68726436042925343 122.64623113069683313
113.29142714763293043 126.00644542183727026
111.95555655367206782 130.13246720843017101
109.76940179127268493 132.58453111816197634
106.31734685314586386 133.57543475273996592
103.78810270372196101 133.03105764463543892
102.01370532138389535 131.28892548661679029
102.18708597548538819 128.65278092212975025
102.66197331488365307 126.44070498924702406
101.20886597107164562 122.87575871031731367
99.55603662709472701 119.45604417007416487
97.757154305523727089 115.59719338081777096
95.131615334830712527 111.48064693342894316
93.435327554383547977 108.2971431277692318
90.475894461618736386 104.01266877446323633
87.571243357844650745 100.23524610232561827
82.349340765067609027 95.442365863360464573
79.417822472663829103 93.88573935255408287
75.309533409337745979 92.504927693866193295
72.162605375691782683 90.385651382617652416
69.46042864621267654 87.984379022382199764
68.898734945367323235 86.523839684203267097
68.854701318923616782 84.446604613214731216
