38 2
152.02929810856585391 127.30589468684047461
159.06367665695142932 131.26854037493467331
160.01626082218717784 138.44290256407111883
157.32436085047083907 150.34894983656704426
154.07467655383516103 165.33525429386645555
149.90287148929201066 179.69988062977790833
146.42284350405680016 200.43537461943924427
141.51641601769370027 212.04530467558652163
136.56662745052017272 230.97797150816768408
132.80675170928589068 251.34366163983941078
126.39089138782583177 268.89985872060060501
113.25351087615126744 300.21466800943017006
101.7878441134816967 327.2561672804877162
93.111292908317409456 347.92208033334463835
87.050558327871840447 357.64963984303176403
76.544107629655627534 367.53097128588706255
67.337800146720837802 373.41681295074522495
56.783971541852224618 382.4972306489944458
52.064159498811932281 388.179483313113451
43.11687246136716567 387.40106577984988689
42.962008172005880624 374.92223378922790289
39.413411228364566341 361.7585344510152936
43.254973163537215441 354.77238638792186975
49.959892135841073468 343.64572437666356564
59.430104949278756976 334.91592275910079479
70.730360725166974589 319.6884448304772377
80.910215701325796545 303.36075561214238405
90.71891565655823797 284.75984270125627518
99.774600191245554015 262.96845509950071573
103.8624822492711246 241.9868768248707056
106.72002688312204555 224.7127651683986187
113.14578530649305321 204.69639302045106888
120.90249708193005063 180.95400291960686445
127.03966847853735089 158.70009829197078943
133.12342579363030382 137.40582243073731661
138.65536041255109012 129.59385409578680992
145.28400686185341328 127.31676972005516291
152.02929810856585391 127.30589468684047461
