10
8 2
111.955557 130.132467
109.769402 132.584531
106.317347 133.575435
103.788103 133.031058
102.013705 131.288925
102.187086 128.652781
102.661973 126.440705
113.291427 126.006445
4 2
113.291427 126.006445
102.661973 126.440705
101.208866 122.875759
114.687264 122.646231
8 2
121.223927 111.566507
119.689708 115.717341
117.533725 118.760247
114.687264 122.646231
101.208866 122.875759
99.556037 119.456044
97.757154 115.597193
122.159166 107.305175
8 2
113.174834 95.382064
119.264658 100.097194
121.924597 103.561131
122.159166 107.305175
97.757154 115.597193
95.131615 111.480647
93.435328 108.297143
106.150823 90.027729
4 2
106.150823 90.027729
93.435328 108.297143
90.475894 104.012669
96.330262 82.237175
3 2
96.330262 82.237175
90.475894 104.012669
87.571243 100.235246
6 2
88.068883 76.982904
91.393725 78.707620
96.330262 82.237175
87.571243 100.235246
82.349341 95.442366
83.486308 77.019404
4 2
83.486308 77.019404
82.349341 95.442366
79.417822 93.885739
78.917714 78.258355
9 2
68.854701 84.446605
71.138194 81.337786
74.477713 79.471114
78.917714 78.258355
79.417822 93.885739
75.309533 92.504928
72.162605 90.385651
69.460429 87.984379
68.898735 86.523840
3 2
68.854701 84.446605
68.854701 84.446605
68.898735 86.523840
