49 2
488498.87307749310276 4922511.3257290851325
488495.5527847809135 4922509.5937291532755
488492.84193133731605 4922509.4138303594664
488490.68590848753229 4922510.4615183593705
488489.79268463642802 4922507.2933051344007
488490.50380026613129 4922501.8450522702187
488489.70038917666534 4922497.3396181678399
488487.05477197811706 4922491.4167580753565
488485.35907206626143 4922484.8707393845543
488485.89461087121163 4922479.0033339848742
488489.80220491718501 4922471.0378887066618
488493.86005976540036 4922466.4576657963917
488499.1392412565765 4922460.5648894328624
488505.68107681855327 4922456.1003068406135
488509.22001464152709 4922447.4605608498678
488514.75169054785511 4922437.5799730867147
488520.65101989469258 4922425.5826943414286
488530.94595039723208 4922406.1604878585786
488539.4471473688609 4922390.0860598962754
488542.08131334348582 4922378.7058218568563
488550.7291250321432 4922343.0648038713261
488556.40265732159605 4922316.6367675932124
488558.94409618328791 4922302.8494537975639
488562.37962862383574 4922280.8022015504539
488566.444636727334 4922258.3996731303632
488572.56756316020619 4922247.6926425406709
488577.50300583819626 4922243.5038947798312
488582.1884436707478 4922241.6928330762312
488586.94749701535329 4922242.1941983485594
488590.04764755687211 4922244.6537870662287
488593.51839598541846 4922247.4444788768888
488595.27527752699098 4922251.8395100841299
488596.17781169898808 4922257.0255872970447
488592.32374452595832 4922277.140396236442
488585.83854645927204 4922300.8953648600727
488581.87619648285909 4922321.7907457649708
488576.56763871508883 4922348.1744296494871
488567.47974875749787 4922379.5584337860346
488562.41638474154752 4922397.9983055600896
488553.05534420022741 4922424.1607904685661
488546.3739819334005 4922444.9328523669392
488539.33865242992761 4922463.8151672696695
488531.71009370649699 4922477.5100849531591
488523.38747683825204 4922486.9069537995383
488516.37255390704377 4922492.4427652880549
488509.78386782185407 4922496.9978616759181
488503.56752798549132 4922501.8230370050296
488501.15249621664407 4922505.2599926292896
488498.87307749310276 4922511.3257290851325
