49
-93.14456311917161 44.4558136335223
-93.14460481489235 44.45579798791407
-93.14463888478005 44.45579632518501
-93.14466600804688 44.45580572294785
-93.14467716493861 44.45577718606464
-93.14466810552284 44.45572814807399
-93.14467810378063 44.45568757394162
-93.14471122593282 44.45563420972754
-93.14473239429199 44.4555752504862
-93.14472553243196 44.45552243617215
-93.14467623937011 44.45545078740135
-93.14462513297076 44.45540961734562
-93.14455864622258 44.45535665009218
-93.14447632058739 44.45531656056193
-93.14443164679599 44.45523883525304
-93.14436189828963 44.45514997058363
-93.14428748193509 44.45504205564445
-93.14415765201353 44.45486736554579
-93.14405044274403 44.4547227861137
-93.14401708157848 44.45462037429303
-93.14390759768044 44.45429964368444
-93.14383570241493 44.45406180817043
-93.14380345431461 44.45393772447413
-93.14375978605298 44.45373929263969
-93.14370819839841 44.45353767226855
-93.14363100339789 44.45344137620223
-93.14356887779351 44.45340374388456
-93.14350994697945 44.45338751333128
-93.14345014189321 44.45339210214405
-93.14341123055301 44.45341429417163
-93.14336766845898 44.45343947287572
-93.14334568313403 44.45347906801956
-93.14333445344211 44.45352577128443
-93.14338333809195 44.4537067993572
-93.14346537402041 44.45392055736509
-93.14351563763172 44.45410861096256
-93.14358294326952 44.45434605315045
-93.14369786292188 44.45462845222856
-93.1437619125452 44.45479438191759
-93.14388015182428 44.45502976837524
-93.14396459109942 44.45521666846791
-93.14405343822654 44.45538654994026
-93.14414962750531 44.45550972103333
-93.14425444582007 44.4555941867215
-93.14434274187386 44.45564391291169
-93.14442565877019 44.45568481666479
-93.14450390160374 44.4557281577343
-93.14453433346671 44.45575906141254
-93.14456311917161 44.4558136335223
