9
7 3
488500.602609 4922517.377595
488501.920356 4922519.440612
488502.026761 4922521.879901
488501.397355 4922523.798247
488500.283343 4922525.640330
488499.001813 4922526.393521
488497.314220 4922526.533856
6 3
488498.904670 4922515.296611
488500.602609 4922517.377595
488497.314220 4922526.533856
488495.675744 4922526.784554
488494.863518 4922526.748152
488497.398635 4922513.766218
5 3
488495.769127 4922512.615045
488497.398635 4922513.766218
488494.863518 4922526.748152
488493.335416 4922526.949832
488493.090657 4922511.730792
3 3
488493.090657 4922511.730792
488493.335416 4922526.949832
488491.145569 4922527.392040
13 3
488493.090657 4922511.730792
488491.145569 4922527.392040
488488.295410 4922528.944261
488485.786920 4922529.974478
488483.785188 4922530.648109
488481.755106 4922530.616986
488479.956678 4922530.215834
488478.670426 4922529.346911
488477.609271 4922528.323275
488476.368728 4922526.256119
488475.936299 4922523.403924
488482.708857 4922517.626426
488484.917294 4922516.214182
5 3
488475.936299 4922523.403924
488476.536733 4922520.978236
488478.056370 4922519.087255
488480.821348 4922517.915070
488482.708857 4922517.626426
3 3
488493.090657 4922511.730792
488484.917294 4922516.214182
488486.806454 4922514.631393
5 3
488493.090657 4922511.730792
488486.806454 4922514.631393
488488.512137 4922513.143136
488490.130798 4922512.243289
488491.835378 4922511.834995
3 3
488493.090657 4922511.730792
488493.090657 4922511.730792
488491.835378 4922511.834995
