34 3
45.497247867635451257 391.45195157639682293
48.132111400802386925 392.45872802846133709
49.70682369195856154 393.68378856219351292
51.140714517154265195 395.28197602275758982
52.740926486469106749 397.43901384342461824
53.962178842019056901 399.56057969573885202
53.95603261876385659 402.00218045897781849
53.238869205059017986 403.8894744198769331
52.041131255042273551 405.67825013212859631
50.726245688740164042 406.37156831193715334
49.03397764140390791 406.43396452441811562
47.385686902300221846 406.60887121222913265
46.57600206695497036 406.53506815992295742
45.04022771239397116 406.66609691362828016
42.832325722323730588 407.00689390115439892
39.913646985456580296 408.42608775291591883
37.360335308621870354 409.33958123158663511
35.329679932096041739 409.92022704984992743
33.303190568665741012 409.795560740865767
31.525165144383208826 409.31193738617002964
30.280333481670822948 408.38464870024472475
29.267489875230239704 407.31318698916584253
28.123550925636664033 405.19104501698166132
27.823053238680586219 402.321949802339077
28.53466002395725809 399.92651646118611097
30.139846299192868173 398.1075925724580884
32.955916826642351225 397.06410517357289791
34.854724389791954309 396.86277161538600922
37.125911188137251884 395.55382617749273777
39.08602108177728951 394.05980014335364103
40.858492128027137369 392.65174836758524179
42.516910992795601487 391.82746922504156828
44.238499871600652114 391.49818179290741682
45.497247867635451257 391.45195157639682293
