34
-93.14463580992299 44.45581718819507
-93.14460216271361 44.45582519153867
-93.14458170629575 44.45583558119546
-93.144562810275 44.45584938292388
-93.14454151434056 44.45586814452945
-93.14452499679643 44.45588673833889
-93.14452371350488 44.45590870036225
-93.14453166740421 44.4559259607541
-93.14454571083753 44.45594252687249
-93.14456183570448 44.4559492872801
-93.14458305096254 44.45595052382964
-93.1446036513028 44.45595275473524
-93.14461385974136 44.45595241408796
-93.144633071649 44.4559542054501
-93.14466060667178 44.45595815167999
-93.1446964661552 44.45597208057547
-93.14472801945482 44.45598131542173
-93.1447531951503 44.45598734807759
-93.14477871151377 44.45598703554136
-93.14480130787877 44.45598339541427
-93.14481745604741 44.45597555221379
-93.14483077143406 44.4559663197528
-93.14484631839002 44.45594768986546
-93.14485169030738 44.45592200535415
-93.14484408920215 44.45590017703466
-93.14482494611673 44.4558831772064
-93.14479016579023 44.45587266837376
-93.14476643442762 44.45587009984774
-93.14473864418919 44.45585742093414
-93.1447148633105 44.45584320155489
-93.14469339074056 44.45582983029846
-93.14467302507812 44.45582175496035
-93.14465159038775 44.45581810632674
-93.14463580992299 44.45581718819507
