9
7 3
52.740926 397.439014
53.962179 399.560580
53.956033 402.002180
53.238869 403.889474
52.041131 405.678250
50.726246 406.371568
49.033978 406.433965
6 3
51.140715 395.281976
52.740926 397.439014
49.033978 406.433965
47.385687 406.608871
46.576002 406.535068
49.706824 393.683789
5 3
48.132111 392.458728
49.706824 393.683789
46.576002 406.535068
45.040228 406.666097
45.497248 391.451952
3 3
45.497248 391.451952
45.040228 406.666097
42.832326 407.006894
13 3
45.497248 391.451952
42.832326 407.006894
39.913647 408.426088
37.360335 409.339581
35.329680 409.920227
33.303191 409.795561
31.525165 409.311937
30.280333 408.384649
29.267490 407.313187
28.123551 405.191045
27.823053 402.321950
34.854724 396.862772
37.125911 395.553826
5 3
27.823053 402.321950
28.534660 399.926516
30.139846 398.107593
32.955917 397.064105
34.854724 396.862772
3 3
45.497248 391.451952
37.125911 395.553826
39.086021 394.059800
5 3
45.497248 391.451952
39.086021 394.059800
40.858492 392.651748
42.516911 391.827469
44.238500 391.498182
3 3
45.497248 391.451952
45.497248 391.451952
44.238500 391.498182
