13 4
488468.41162706998875 4922522.0009605241939
488469.71235041489126 4922522.82801194489
488470.51074867974967 4922524.3940179385245
488470.76717258361168 4922526.2049647420645
488470.20849583926611 4922527.7076903469861
488469.22066319285659 4922528.3642687844113
488467.72254754562164 4922528.5027722455561
488465.93940636201296 4922527.2731034010649
488465.27534559706692 4922525.7655341448262
488465.39906851935666 4922524.1393673568964
488465.981453741726 4922522.8626452097669
488466.96518852864392 4922522.2030731216073
488468.41162706998875 4922522.0009605241939
