8
8 4
38.058189 377.236699
38.669896 379.047511
38.763538 379.878447
38.016509 380.728136
37.217951 381.518627
32.585011 376.145278
34.029820 375.281693
37.376893 375.516402
7 4
29.928591 390.047216
28.562211 389.038513
27.742195 387.473915
27.172446 385.391980
27.927125 383.757009
28.908184 383.240684
31.848634 390.671630
9 4
37.451739 385.809603
37.538380 387.348017
36.904279 388.813767
35.302858 390.348107
33.467956 390.883754
31.848634 390.671630
28.908184 383.240684
29.569333 382.698701
36.805139 384.266654
4 4
36.805139 384.266654
29.569333 382.698701
30.020256 382.084536
36.633564 383.044659
4 4
36.633564 383.044659
30.020256 382.084536
29.994558 380.285059
37.217951 381.518627
6 4
37.217951 381.518627
29.994558 380.285059
29.731431 378.687066
30.197807 377.716497
31.151973 376.909623
32.585011 376.145278
5 4
36.318992 374.543277
37.376893 375.516402
34.029820 375.281693
34.931028 374.737291
35.658989 374.590803
3 4
36.318992 374.543277
36.318992 374.543277
35.658989 374.590803
