13
4 5
11.426378 408.877449
9.929518 419.895682
0.000000 417.597787
7.926509 383.306321
3 5
16.498139 393.098679
11.426378 408.877449
7.926509 383.306321
4 5
24.804685 371.063329
16.498139 393.098679
7.926509 383.306321
21.803512 356.144216
4 5
37.105642 346.567487
24.804685 371.063329
21.803512 356.144216
35.469517 330.998985
4 5
50.020307 329.377808
37.105642 346.567487
35.469517 330.998985
48.643301 307.466247
9 5
94.836084 259.424333
83.592205 283.505474
66.080348 310.960690
50.020307 329.377808
48.643301 307.466247
59.191184 285.948679
69.548430 266.794229
80.470555 246.781074
99.013951 238.193368
3 5
99.013951 238.193368
80.470555 246.781074
85.930296 235.129745
4 5
99.013951 238.193368
85.930296 235.129745
92.999788 212.041307
107.680488 210.009469
4 5
107.680488 210.009469
92.999788 212.041307
94.459359 193.570868
104.504832 181.180654
4 5
104.504832 181.180654
94.459359 193.570868
82.112349 171.777478
94.952940 170.173903
6 5
79.567505 127.894538
92.254027 145.093948
94.952940 170.173903
82.112349 171.777478
66.116320 150.372925
54.669517 126.591597
4 5
68.753940 110.699266
79.567505 127.894538
54.669517 126.591597
45.717428 103.157328
3 5
45.717428 103.157328
45.717428 103.157328
68.753940 110.699266
