70
-93.14485211224944 44.45324284868207
-93.14472230252009 44.45324854049155
-93.14462109077176 44.45326273893907
-93.14449206259904 44.45331635302554
-93.14436315198621 44.45332696271321
-93.14427576191007 44.45338005655012
-93.14419988707664 44.45347322941709
-93.14419330592956 44.4535654202848
-93.14416805857357 44.45362769376654
-93.14418417450058 44.4536760956881
-93.14423301879414 44.45369625256124
-93.14425962455785 44.45372231114642
-93.14425129288904 44.45375347991743
-93.14420356010906 44.45377325098411
-93.14413242544447 44.45381805189125
-93.14406119639796 44.45385549133277
-93.14399895302627 44.45390463576015
-93.14396526189402 44.45394735090487
-93.14392146108051 44.45397959283646
-93.14391113087981 44.4540432614765
-93.14393652937598 44.45414859563542
-93.14397780012449 44.45423763429791
-93.14398800241258 44.4543439772464
-93.14403004464667 44.45438943194096
-93.14408230080403 44.45441190712967
-93.14410838097143 44.45445525392469
-93.14410217094945 44.45451570108008
-93.14408274344014 44.45457981229735
-93.14409093499387 44.4546504782839
-93.14413192170899 44.45471888328946
-93.14418061084736 44.45478436040648
-93.14422241961341 44.45486386565234
-93.14428220196261 44.45490713076885
-93.1443114621776 44.45496685651779
-93.14436617064933 44.45501913880557
-93.14441149880443 44.45506497493685
-93.14447500876524 44.45511692115301
-93.14455310281794 44.45518489797609
-93.14460454198452 44.45526055957514
-93.14466817761013 44.45531213608656
-93.14475435507194 44.45536741753114
-93.14478212930045 44.45548091135652
-93.14483251098156 44.45556703820747
-93.1449140311212 44.45564422856127
-93.1449895464757 44.45580217750911
-93.14504329854087 44.45591552652233
-93.14509308978582 44.45599995689214
-93.14513751471154 44.45603478482587
-93.14518485617425 44.45600674829014
-93.14520071973479 44.45592134806491
-93.14514966110609 44.4556842695908
-93.14507631573949 44.45552895936753
-93.14503281897652 44.45537314715818
-93.14495245634345 44.45514670982016
-93.14484823169751 44.45503496912065
-93.14472118581138 44.45497300687659
-93.1446395171625 44.45484789841066
-93.14457894876284 44.45474107283034
-93.1445086184107 44.45458025932161
-93.14449307450964 44.45441080323751
-93.14451368670143 44.45422392039892
-93.1445404605567 44.45405105192759
-93.14457911359833 44.45389055895187
-93.14466467048854 44.45372597495708
-93.14473239385671 44.45361138475803
-93.1447902730699 44.4534947047154
-93.14484251055737 44.45341482256436
-93.14487783119628 44.45334779602047
-93.14488135541059 44.45328697794454
-93.14485211224944 44.45324284868207
