8
8 4
488485.004257 4922497.873551
488485.698783 4922499.654242
488485.830627 4922500.479979
488485.123559 4922501.363198
488484.362286 4922502.189658
488479.486588 4922497.035575
488480.890054 4922496.106310
488484.244388 4922496.186487
7 4
488477.473798 4922511.045183
488476.062374 4922510.100536
488475.171110 4922508.575399
488474.506001 4922506.521939
488475.184514 4922504.853920
488476.140730 4922504.292922
488479.420583 4922511.580430
9 4
488484.793617 4922506.465297
488484.951080 4922507.998082
488484.385215 4922509.491503
488482.856222 4922511.098029
488481.047961 4922511.717687
488479.420583 4922511.580430
488476.140730 4922504.292922
488476.776194 4922503.721040
488484.076583 4922504.953793
4 4
488484.076583 4922504.953793
488476.776194 4922503.721040
488477.198328 4922503.086742
488483.848863 4922503.741006
4 4
488483.848863 4922503.741006
488477.198328 4922503.086742
488477.089711 4922501.290362
488484.362286 4922502.189658
6 4
488484.362286 4922502.189658
488477.089711 4922501.290362
488476.753204 4922499.706197
488477.174346 4922498.715162
488478.090305 4922497.865163
488479.486588 4922497.035575
5 4
488483.142756 4922495.263160
488484.244388 4922496.186487
488480.890054 4922496.106310
488481.765210 4922495.520946
488482.485646 4922495.341058
3 4
488483.142756 4922495.263160
488483.142756 4922495.263160
488482.485646 4922495.341058
