13 4
20.37104851778713055 400.57362920790910721
21.63226654235040769 401.45975807402282953
22.35763148230034858 403.06090149749070406
22.530307651381008327 404.88174319453537464
21.902956951089436188 406.35711943358182907
20.885909469099715352 406.96746605820953846
19.383001927082659677 407.03676700498908758
17.658437396748922765 405.72621173039078712
17.064573537587421015 404.18963518459349871
17.263122733507771045 402.57089987583458424
17.903739134228089824 401.32237970642745495
18.916831104113953188 400.70885372254997492
20.37104851778713055 400.57362920790910721
