32 5
45.717427526862593368 103.15732842497527599
68.753940310241887346 110.69926637504249811
79.567505219107260928 127.89453786239027977
92.25402665525325574 145.09394786972552538
94.952940086630405858 170.17390300426632166
104.50483200445887633 181.18065396044403315
107.68048835036461242 210.00946854241192341
99.013951119472039863 238.19336780905723572
94.836084142152685672 259.42433340847492218
83.592205482884310186 283.50547384470701218
66.08034830933320336 310.96069028321653605
50.02030722942436114 329.3778081014752388
37.105642442184034735 346.56748742703348398
24.80468537044362165 371.06332869082689285
16.498138673196081072 393.09867923893034458
11.426378125237533823 408.87744862399995327
9.929517823358764872 419.89568249695003033
0 417.59778716694563627
7.9265089791733771563 383.30632135923951864
21.80351170600624755 356.14421624224632978
35.469517465942772105 330.99898537341505289
48.643300785945029929 307.46624721214175224
59.191184173920191824 285.94867865275591612
69.548429792834213004 266.79422865901142359
80.470555205654818565 246.78107356559485197
85.930295628029853106 235.12974508758634329
92.999788052722578868 212.04130674060434103
94.459359440777916461 193.57086800038814545
82.112348754279082641 171.77747836709022522
66.116320130793610588 150.37292531970888376
54.669516730034956709 126.59159683994948864
45.717427526862593368 103.15732842497527599
