32
-93.14476048316553 44.45566877565554
-93.14474665683377 44.45567710569474
-93.14473714325004 44.45569230602856
-93.14472845307145 44.45570834822296
-93.14472681422858 44.45571578423133
-93.14473572130461 44.45572372438525
-93.1447453084332 44.45573115267773
-93.14475179636212 44.45574511091118
-93.14474896102891 44.45575603296863
-93.14473998193409 44.45576965209864
-93.1447380368074 44.45578345390487
-93.14474518261179 44.45579688979498
-93.14476443691765 44.4558113286126
-93.1447871795273 44.45581687842801
-93.14480763169355 44.45581561681131
-93.1448320897737 44.45581076708397
-93.1448498095389 44.45580224015514
-93.14486097828286 44.45578849550462
-93.14486929262075 44.45576999810105
-93.14486072697922 44.45575499213867
-93.14484869540756 44.45574995685384
-93.14484069526331 44.4557448184607
-93.14483537516993 44.45573911475995
-93.1448367004534 44.45572294065069
-93.14484089488442 44.45570867342967
-93.14483557932412 44.45569975809375
-93.14482404734578 44.45569212035596
-93.14480647844432 44.45568467402411
-93.14478881703391 44.45567633043499
-93.14477780381917 44.4556710744878
-93.14476874437861 44.45566946647843
-93.14476048316553 44.45566877565554
