32 4
36.318991573760285974 374.54327743127942085
37.376892791333375499 375.51640243828296661
38.058189219824271277 377.23669900000095367
38.669895982224261388 379.04751113243401051
38.763537914754124358 379.87844738271087408
38.01650924637215212 380.72813619393855333
37.217950554302660748 381.5186267402023077
36.63356434105662629 383.04465947020798922
36.805138916766736656 384.2666540527716279
37.451738742180168629 385.80960310623049736
37.538380469632102177 387.34801739826798439
36.904278670641360804 388.81376681849360466
35.302858278388157487 390.34810732584446669
33.467955748608801514 390.88375444989651442
31.848634494206635281 390.67163044866174459
29.928590588795486838 390.04721558652818203
28.5622110681142658 389.03851324040442705
27.742194723134161904 387.47391459345817566
27.172446100943489 385.39197993278503418
27.92712473202846013 383.75700927991420031
28.908183754479978234 383.24068444594740868
29.569333365303464234 382.69870123919099569
30.020256388757843524 382.08453600108623505
29.994558074831729755 380.28505868278443813
29.731431379565037787 378.68706631753593683
30.197807221760740504 377.71649734489619732
31.151973181811627001 376.90962282009422779
32.58501117181731388 376.14527771808207035
34.029819913033861667 375.28169260174036026
34.931028195249382406 374.73729100357741117
35.658989387971814722 374.59080264996737242
36.318991573760285974 374.54327743127942085
