21
7 5
488460.691117 4922522.711286
488456.746474 4922532.096558
488453.218998 4922535.971399
488449.447101 4922532.863876
488448.168199 4922523.380140
488452.183582 4922497.039037
488464.945193 4922510.113271
4 5
488470.921954 4922492.558178
488464.945193 4922510.113271
488452.183582 4922497.039037
488457.988200 4922479.777339
7 5
488483.571066 4922461.788432
488481.383702 4922474.398862
488477.392359 4922483.972643
488470.921954 4922492.558178
488457.988200 4922479.777339
488461.418042 4922462.464098
488467.767002 4922437.300856
7 5
488499.546557 4922441.486453
488495.468980 4922449.897926
488490.416351 4922455.635825
488483.571066 4922461.788432
488467.767002 4922437.300856
488476.037007 4922424.874382
488486.132461 4922417.973933
3 5
488505.746282 4922433.924837
488499.546557 4922441.486453
488486.132461 4922417.973933
5 5
488510.788871 4922428.145903
488505.746282 4922433.924837
488486.132461 4922417.973933
488492.605365 4922404.065809
488514.386142 4922423.048212
5 5
488521.044657 4922410.594945
488518.728445 4922417.233190
488514.386142 4922423.048212
488492.605365 4922404.065809
488497.403165 4922392.191460
5 5
488529.103117 4922396.943771
488525.792412 4922405.780813
488521.044657 4922410.594945
488497.403165 4922392.191460
488502.967045 4922374.318943
7 5
488535.291171 4922367.090990
488536.849357 4922374.209528
488536.211466 4922382.060019
488532.963974 4922389.663964
488529.103117 4922396.943771
488502.967045 4922374.318943
488504.170465 4922355.494140
4 5
488534.785277 4922360.377591
488535.291171 4922367.090990
488504.170465 4922355.494140
488502.493897 4922334.738713
3 5
488536.851727 4922355.559118
488534.785277 4922360.377591
488502.493897 4922334.738713
6 5
488545.131705 4922336.186835
488544.340801 4922348.000484
488541.004817 4922353.055328
488536.851727 4922355.559118
488502.493897 4922334.738713
488500.329845 4922315.540821
6 5
488549.563615 4922307.516562
488550.397929 4922314.587216
488548.397804 4922326.290939
488545.131705 4922336.186835
488500.329845 4922315.540821
488546.072506 4922303.941367
6 5
488532.747612 4922289.602680
488538.421956 4922293.751347
488543.383677 4922299.201428
488546.072506 4922303.941367
488500.329845 4922315.540821
488497.223096 4922297.719230
5 5
488523.277808 4922282.446909
488527.079328 4922284.636318
488532.747612 4922289.602680
488497.223096 4922297.719230
488490.383826 4922279.449822
4 5
488522.608830 4922278.985955
488523.277808 4922282.446909
488490.383826 4922279.449822
488484.973193 4922266.731055
4 5
488524.720500 4922276.087722
488522.608830 4922278.985955
488484.973193 4922266.731055
488480.345338 4922253.778774
5 5
488529.875361 4922268.463330
488528.602640 4922273.841914
488524.720500 4922276.087722
488480.345338 4922253.778774
488527.854470 4922261.549740
6 5
488514.294630 4922235.086501
488521.257890 4922240.971722
488527.312819 4922251.310409
488527.854470 4922261.549740
488480.345338 4922253.778774
488504.036265 4922233.926118
8 5
488475.375822 4922225.812157
488485.704773 4922226.426107
488493.760100 4922227.988983
488504.036265 4922233.926118
488480.345338 4922253.778774
488476.173564 4922244.913088
488473.350231 4922237.472980
488473.057878 4922230.718008
3 5
488475.375822 4922225.812157
488475.375822 4922225.812157
488473.057878 4922230.718008
