70 5
488475.37582154449774 4922225.8121573831886
488485.70477282925276 4922226.4261069437489
488493.76009983208496 4922227.9889834402129
488504.03626539418474 4922233.9261181699112
488514.2946300546173 4922235.0865008765832
488521.25788971612928 4922240.971721669659
488527.31281857844442 4922251.3104093642905
488527.85446958686225 4922261.5497400248423
488529.87536065431777 4922268.4633303722367
488528.60263985197525 4922273.8419137997553
488524.72049954609247 4922276.0877219149843
488522.6088302412536 4922278.9859547531232
488523.27780778787564 4922282.4469090020284
488527.0793283925741 4922284.6363181872293
488532.74761177913751 4922289.6026803534478
488538.42195573518984 4922293.7513472074643
488543.38367670035223 4922299.201428106986
488546.07250649208436 4922303.9413665542379
488549.56361516419565 4922307.5165615156293
488550.39792941615451 4922314.5872161351144
488548.39780415466521 4922326.2909385710955
488545.13170523295412 4922336.1868345756084
488544.34080110950163 4922348.0004840763286
488541.00481728400337 4922353.0553282676265
488536.85172666591825 4922355.5591181889176
488534.78527682891581 4922360.3775907261297
488535.29117068403866 4922367.090989629738
488536.84935707552359 4922374.209528372623
488536.2114659860963 4922382.0600193534046
488532.96397365297889 4922389.6639644633979
488529.10311701090541 4922396.9437711071223
488525.79241243313299 4922405.7808131640777
488521.04465713514946 4922410.5949453264475
488518.72844451881247 4922417.2331895688549
488514.38614248903468 4922423.0482121631503
488510.78887136583216 4922428.1459026103839
488505.74628216464771 4922433.9248374672607
488499.54655678517884 4922441.4864531354979
488495.46897971112048 4922449.8979256199673
488490.41635070362827 4922455.6358247036114
488483.57106553955236 4922461.7884324984625
488481.38370183523512 4922474.3988617919385
488477.39235861151246 4922483.9726428566501
488470.92195403337246 4922492.5581776844338
488464.94519314193167 4922510.1132707092911
488460.69111712946324 4922522.7112859655172
488456.74647376482608 4922532.096557714045
488453.21899778029183 4922535.9713992606848
488449.44710141036194 4922532.8638762300834
488448.16819870838663 4922523.3801403939724
488452.18358176283073 4922497.0390366250649
488457.9881998768542 4922479.7773391632363
488461.41804232343566 4922462.4640979263932
488467.76700197765604 4922437.3008559932932
488476.03700694208965 4922424.8743824241683
488486.13246054342017 4922417.9739334601909
488492.60536480520386 4922404.0658090086654
488497.40316458657617 4922392.1914601111785
488502.96704470604891 4922374.3189432611689
488504.17046548298094 4922355.4941401472315
488502.49389691255055 4922334.7387125650421
488500.32984483864857 4922315.5408213911578
488497.2230961160385 4922297.7192304348573
488490.38382621685741 4922279.4498222302645
488484.97319291089661 4922266.7310552960262
488480.34533828526037 4922253.7787740752101
488476.17356385453604 4922244.9130884353071
488473.35023143619765 4922237.4729798436165
488473.05787759291707 4922230.7180079650134
488475.37582154449774 4922225.8121573831886
