28 5
168.71287284474237822 122.84548351168632507
174.75784111890243366 139.05854237359017134
189.40364174527348951 146.73203344643115997
191.45208247361006215 171.12002050876617432
183.0490659361530561 198.6271062484011054
166.4633088955306448 209.01897377800196409
155.05719886330189183 234.81589038763195276
150.65863193172845058 260.98567569628357887
144.41377141210250556 290.20710342936217785
132.66569164709653705 311.08917082007974386
122.00991946150315925 333.54290123470127583
113.77135512474342249 354.07275889907032251
103.10601985969697125 370.88994126860052347
94.290207718266174197 381.08424586057662964
93.019893433316610754 367.81597273796796799
108.14899200852960348 337.55884615704417229
113.51684532206854783 317.28630916681140661
125.58974804237368517 292.87400937266647816
133.72276299353688955 268.8638455243781209
140.29065237482427619 240.42494917847216129
148.1405084491125308 215.30809988919645548
155.63689374335808679 198.01106015313416719
165.64308591894223355 187.71363079641014338
173.03675576284877025 175.42758049536496401
179.05682435884955339 165.39118177443742752
170.38302748234127648 152.46693582087755203
163.83196777870762162 137.43524500168859959
168.71287284474237822 122.84548351168632507
