24 5
488583.53642508742632 4922375.0263819843531
488586.00587233930128 4922376.7882598657161
488587.49989912024466 4922380.6846891380847
488586.24667675228557 4922385.02083473932
488585.89507278118981 4922387.6121367225423
488587.15136419073679 4922390.8893432859331
488587.62194371316582 4922395.0815159743652
488586.11103851831285 4922398.7911073379219
488585.51058427669341 4922407.5906125931069
488583.07972034392878 4922412.1612621722743
488580.41365431022132 4922416.9131487682462
488578.60573308169842 4922418.1683270437643
488575.75587366463151 4922418.1318276487291
488573.32771477289498 4922416.0065786894411
488571.40860765840625 4922412.9787360979244
488571.45458446774865 4922407.8610734473914
488574.24956622649916 4922404.5504988059402
488576.39270865294384 4922401.3571298671886
488577.74916631943779 4922395.2170330071822
488578.42107522964943 4922390.5482352534309
488578.62445262639085 4922384.7593706641346
488578.12622335349442 4922378.8272838955745
488580.60728085343726 4922376.0229512620717
488583.53642508742632 4922375.0263819843531
