28
-93.143238301887 44.45335217989434
-93.14315336085211 44.45349558547669
-93.14296518215839 44.45355875284139
-93.14292586614589 44.45377727856129
-93.14301604699398 44.45402803009512
-93.14321851717801 44.45412811554806
-93.14334736221218 44.45436468461737
-93.14338800793399 44.45460180957782
-93.14345013681547 44.45486711780461
-93.14358601775723 44.45505961932923
-93.14370730759211 44.45526582006767
-93.14379931755239 44.45545375263043
-93.14392387025694 44.45560926227494
-93.14402888979781 44.45570446790592
-93.14405223530176 44.45558564113823
-93.14387912084986 44.4553074720707
-93.14382301481709 44.45512299979683
-93.14368502166398 44.45489861826128
-93.14359627801429 44.45467942612236
-93.1435296563278 44.45442102703868
-93.14344508635676 44.45419199435785
-93.14336059698296 44.4540334334669
-93.14324069177823 44.45393682445244
-93.1431546999876 44.45382337285047
-93.1430847023754 44.45373070278153
-93.14320081995876 44.45361792611373
-93.14329145737491 44.45348534767709
-93.143238301887 44.45335217989434
