11
7 4
57.163625 393.582472
55.160852 392.257556
54.517847 389.819612
55.524598 387.746447
57.143897 386.710866
59.108195 386.041664
61.622916 385.807125
3 4
58.747526 394.706531
57.163625 393.582472
61.622916 385.807125
3 4
60.225573 396.360127
58.747526 394.706531
61.622916 385.807125
5 4
67.714927 395.180225
61.368890 398.088431
60.225573 396.360127
61.622916 385.807125
67.372230 394.233957
10 4
68.770763 397.105999
69.570688 398.897764
69.509745 400.770810
68.348650 402.440703
67.254930 403.313548
65.556410 403.704238
63.967273 403.402571
62.939411 402.230754
62.120359 399.941132
67.714927 395.180225
3 4
67.714927 395.180225
62.120359 399.941132
61.368890 398.088431
3 4
67.682398 393.188248
67.372230 394.233957
61.622916 385.807125
5 4
64.810585 388.168192
68.286717 391.849344
67.682398 393.188248
61.622916 385.807125
64.256448 387.737288
7 4
65.911979 387.900368
66.978236 388.005405
67.829566 388.681360
68.636850 389.786664
68.808192 390.825929
68.286717 391.849344
64.810585 388.168192
3 4
63.264075 386.778499
64.256448 387.737288
61.622916 385.807125
3 4
61.622916 385.807125
61.622916 385.807125
63.264075 386.778499
