34
-93.14311648383116 44.45373086305516
-93.14306765346336 44.45373283548777
-93.14304616086626 44.4537535069351
-93.14302013945051 44.45377959064689
-93.14302200394793 44.45383522638855
-93.14304133421381 44.45387945846672
-93.14307291723995 44.45392744959111
-93.14310789859195 44.45397447664092
-93.14315031422673 44.45402467441333
-93.14320741263094 44.45407658532112
-93.14325159069358 44.45412115608886
-93.14329962646826 44.45415805415833
-93.14334451341782 44.45420901771583
-93.14338317736478 44.45423916924415
-93.14340219335863 44.45425246097584
-93.14342468552933 44.45425905711875
-93.14344544498339 44.45425222506755
-93.14345858843915 44.45422751829707
-93.14346348225486 44.45418725627574
-93.14344537160069 44.45415611428449
-93.14341091614578 44.45414939833625
-93.14337530031489 44.45412101695965
-93.14334891122753 44.45408426247793
-93.14331877374369 44.45404231021487
-93.14330754907249 44.45400620962702
-93.14330148358414 44.45398277558876
-93.14325159709988 44.45395916756545
-93.14321018160355 44.45393030827832
-93.14318965589771 44.4539050500255
-93.14315946298528 44.45387139446079
-93.14314938125793 44.45383032398518
-93.14315574836573 44.45379710372093
-93.14314446382267 44.45376063005592
-93.14311648383116 44.45373086305516
