28 5
488603.79395990667399 4922237.7302379515022
488610.5798400118365 4922253.6474220715463
488625.56378099316498 4922260.6376619739458
488628.73420300288126 4922284.9053039411083
488621.60805103415623 4922312.7704867133871
488605.51893420424312 4922323.9158250661567
488595.31405096442904 4922350.2110833972692
488592.12644960253965 4922376.5558030139655
488587.23518188361777 4922406.0340258534998
488576.46214356145356 4922427.4354221168905
488566.85269721748773 4922450.3564611719921
488559.56920893263305 4922471.2442517783493
488549.6903942944482 4922488.5351748457178
488541.35385684779612 4922499.1250064410269
488539.47329483297653 4922485.9293913915753
488553.19161699619144 4922455.007053677924
488557.6193067561253 4922434.5086349928752
488568.55409752303967 4922409.5657860729843
488575.57172470440855 4922385.2062538741156
488580.82174853183096 4922356.4948407066986
488587.50550540431868 4922331.0428515365347
488594.19661952543538 4922313.4186531743035
488603.71751820482314 4922302.6709361346439
488610.53700645483332 4922290.0571355279535
488616.08805066696368 4922279.7539111133665
488606.82773328799522 4922267.243219374679
488599.59075457946165 4922252.5294757550582
488603.79395990667399 4922237.7302379515022
