7
7 5
488587.499899 4922380.684689
488586.246677 4922385.020835
488578.624453 4922384.759371
488578.126223 4922378.827284
488580.607281 4922376.022951
488583.536425 4922375.026382
488586.005872 4922376.788260
9 5
488583.079720 4922412.161262
488580.413654 4922416.913149
488578.605733 4922418.168327
488575.755874 4922418.131828
488573.327715 4922416.006579
488571.408608 4922412.978736
488571.454584 4922407.861073
488574.249566 4922404.550499
488585.510584 4922407.590613
4 5
488585.510584 4922407.590613
488574.249566 4922404.550499
488576.392709 4922401.357130
488586.111039 4922398.791107
4 5
488586.111039 4922398.791107
488576.392709 4922401.357130
488577.749166 4922395.217033
488587.621944 4922395.081516
5 5
488587.151364 4922390.889343
488587.621944 4922395.081516
488577.749166 4922395.217033
488578.421075 4922390.548235
488585.895073 4922387.612137
4 5
488585.895073 4922387.612137
488578.421075 4922390.548235
488578.624453 4922384.759371
488586.246677 4922385.020835
3 5
488583.536425 4922375.026382
488583.536425 4922375.026382
488586.005872 4922376.788260
