7
10 5
488619.718238 4922256.887862
488623.875772 4922258.754392
488626.164485 4922262.451560
488627.095534 4922266.773204
488624.816529 4922269.747008
488621.529427 4922270.810513
488618.182068 4922268.744273
488616.488754 4922265.478222
488614.710190 4922261.742942
488616.350251 4922257.686245
5 5
488613.106149 4922255.147759
488616.350251 4922257.686245
488614.710190 4922261.742942
488610.776917 4922259.324815
488607.659263 4922256.297994
5 5
488607.388207 4922250.652178
488610.381905 4922253.000082
488613.106149 4922255.147759
488607.659263 4922256.297994
488604.391858 4922253.759265
7 5
488605.535997 4922246.668776
488607.388207 4922250.652178
488604.391858 4922253.759265
488600.850124 4922251.019376
488599.466855 4922248.961994
488598.391690 4922244.993194
488599.050943 4922238.451572
4 5
488606.714711 4922243.841064
488605.535997 4922246.668776
488599.050943 4922238.451572
488602.858327 4922235.483388
5 5
488608.736789 4922238.946109
488608.474115 4922241.627278
488606.714711 4922243.841064
488602.858327 4922235.483388
488606.941810 4922236.341248
3 5
488602.858327 4922235.483388
488602.858327 4922235.483388
488606.941810 4922236.341248
