34 5
488613.55952841689577 4922279.7761365696788
488617.44488751754398 4922279.9884328367189
488619.15886722906725 4922282.2815581653267
488621.23421219136799 4922285.1752303298563
488621.09667515353067 4922291.3553222343326
488619.56733956135577 4922296.2711627185345
488617.06390209397068 4922301.6062506521121
488614.28990953392349 4922306.8347263466567
488610.92506423947634 4922312.4164314875379
488606.39239395683398 4922318.1904725134373
488602.88624795363285 4922323.147398439236
488599.07169468770735 4922327.2526061087847
488595.5104042859748 4922332.9197246981785
488592.44017022266053 4922336.2742466041818
488590.92984635027824 4922337.7532996525988
488589.14165495161433 4922338.489114176482
488587.48870350810466 4922337.733128355816
488586.43819858547067 4922334.9906160766259
488586.04100435145665 4922330.5191274983808
488587.47582344699185 4922327.0574522176757
488590.21579438750632 4922326.3066611541435
488593.04386812145822 4922323.1491858102381
488595.1362337571336 4922319.0629412932321
488597.5258138787467 4922314.3988228011876
488598.41182719165226 4922310.3873254079372
488598.88983975944575 4922307.7835052357987
488602.85423234984046 4922305.1542538115755
488606.14365211321274 4922301.9428916508332
488607.77177466003923 4922299.1344307372347
488610.16739375772886 4922295.3918789327145
488610.96151838451624 4922290.828503950499
488610.44849116972182 4922287.1393942032009
488611.33920717635192 4922283.0864502592012
488613.55952841689577 4922279.7761365696788
