10
10 5
488595.510404 4922332.919725
488592.440170 4922336.274247
488590.929846 4922337.753300
488589.141655 4922338.489114
488587.488704 4922337.733128
488586.438199 4922334.990616
488586.041004 4922330.519127
488587.475823 4922327.057452
488590.215794 4922326.306661
488599.071695 4922327.252606
9 5
488610.961518 4922290.828504
488610.448491 4922287.139394
488611.339207 4922283.086450
488613.559528 4922279.776137
488617.444888 4922279.988433
488619.158867 4922282.281558
488621.234212 4922285.175230
488621.096675 4922291.355322
488619.567340 4922296.271163
3 5
488599.071695 4922327.252606
488590.215794 4922326.306661
488593.043868 4922323.149186
6 5
488602.886248 4922323.147398
488599.071695 4922327.252606
488593.043868 4922323.149186
488595.136234 4922319.062941
488597.525814 4922314.398823
488606.392394 4922318.190473
4 5
488606.392394 4922318.190473
488597.525814 4922314.398823
488598.411827 4922310.387325
488610.925064 4922312.416431
5 5
488610.925064 4922312.416431
488598.411827 4922310.387325
488598.889840 4922307.783505
488602.854232 4922305.154254
488614.289910 4922306.834726
4 5
488614.289910 4922306.834726
488602.854232 4922305.154254
488606.143652 4922301.942892
488617.063902 4922301.606251
5 5
488617.063902 4922301.606251
488606.143652 4922301.942892
488607.771775 4922299.134431
488610.167394 4922295.391879
488619.567340 4922296.271163
3 5
488619.567340 4922296.271163
488610.167394 4922295.391879
488610.961518 4922290.828504
3 5
488613.559528 4922279.776137
488613.559528 4922279.776137
488611.339207 4922283.086450
