25
-93.14345560941139 44.45425244314315
-93.14340188855692 44.45427014684845
-93.14337386777258 44.45428778420266
-93.14333072232428 44.4542990598762
-93.14331236428363 44.45431955324582
-93.14329879742817 44.4543751468449
-93.14328976327538 44.45443951747477
-93.14328517315936 44.45449952452991
-93.14328923781012 44.45454507681539
-93.14330884477423 44.45458197854261
-93.14333494650688 44.45459233411589
-93.14338121651278 44.45459679992786
-93.14341945391487 44.45458589895851
-93.14345235048879 44.45456230788364
-93.14347910439992 44.4545223069297
-93.14350734195865 44.45451234373468
-93.14352369071786 44.4544877565122
-93.14353253777233 44.45444533406766
-93.1435148476923 44.45441314447235
-93.14349423323161 44.45437938972232
-93.14348368280044 44.45434669677656
-93.14349433754879 44.45432478559702
-93.14349546829077 44.45429236341862
-93.14348559147047 44.45426973237305
-93.14345560941139 44.45425244314315
