32
-93.1444364637221 44.45575998344008
-93.14441531428466 44.45576806491383
-93.14440231871353 44.45577629212777
-93.14439512024987 44.45577994648108
-93.14438143919273 44.45577709811811
-93.14436799157956 44.4557776172627
-93.14435692468672 44.45578335697409
-93.14434617163967 44.45579297579548
-93.14434344096796 44.45580225447665
-93.14434941891034 44.45581166711792
-93.14435626132213 44.45582395030835
-93.14435957342691 44.45583347913339
-93.14435474286049 44.45584185301955
-93.14434041151188 44.4558587518838
-93.14432936834655 44.4558745476139
-93.14432908987931 44.45589141796777
-93.144342739368 44.45590690026969
-93.14435598695954 44.45591518708674
-93.14437709778112 44.45591937881935
-93.14439722086163 44.45591729988261
-93.1444107807993 44.45590717087686
-93.14442234156016 44.45588690508486
-93.14443281020159 44.45587054194869
-93.14444812999821 44.45585545400883
-93.14446761139668 44.45584117158101
-93.14448812693003 44.45583169401657
-93.14451401421374 44.45582057711824
-93.14452344692258 44.45579890705433
-93.14451196022425 44.4557798593814
-93.14449220357923 44.45576989918784
-93.14446791060668 44.45576309649503
-93.1444364637221 44.45575998344008
