11
7 4
488504.842840 4922513.321289
488502.781124 4922512.090099
488502.026426 4922509.684385
488502.936545 4922507.567018
488504.506388 4922506.457896
488506.437751 4922505.698862
488508.938988 4922505.348657
3 4
488506.476870 4922514.371143
488504.842840 4922513.321289
488508.938988 4922505.348657
3 4
488508.029568 4922515.954852
488506.476870 4922514.371143
488508.938988 4922505.348657
5 4
488515.456575 4922514.430984
488509.251336 4922517.628618
488508.029568 4922515.954852
488508.938988 4922505.348657
488515.070624 4922513.501519
10 4
488516.600057 4922516.306043
488517.481722 4922518.059030
488517.507182 4922519.932894
488516.424294 4922521.654533
488515.371970 4922522.576865
488513.693264 4922523.045433
488512.091911 4922522.817337
488511.011127 4922521.694145
488510.087406 4922519.444711
488515.456575 4922514.430984
3 4
488515.456575 4922514.430984
488510.087406 4922519.444711
488509.251336 4922517.628618
3 4
488515.332260 4922512.442623
488515.070624 4922513.501519
488508.938988 4922505.348657
5 4
488512.232102 4922507.560279
488515.874220 4922511.077286
488515.332260 4922512.442623
488508.938988 4922505.348657
488511.658691 4922507.155377
7 4
488513.319979 4922507.241971
488514.389945 4922507.297748
488515.271528 4922507.933743
488516.128903 4922509.000660
488516.347968 4922510.030922
488515.874220 4922511.077286
488512.232102 4922507.560279
3 4
488510.623178 4922506.243350
488511.658691 4922507.155377
488508.938988 4922505.348657
3 4
488508.938988 4922505.348657
488508.938988 4922505.348657
488510.623178 4922506.243350
