24
-93.14349594373854 44.45458790497135
-93.14346494366542 44.45460380572928
-93.14344625085273 44.45463890794042
-93.14346209840787 44.45467792544379
-93.14346657490267 44.45470124876791
-93.14345085655705 44.4547307725113
-93.14344503413727 44.45476852107227
-93.14346410678857 44.45480189378822
-93.14347184799459 44.45488110415776
-93.1435025028664 44.45492221424327
-93.14353611809268 44.4549649522388
-93.14355886999657 44.45497622375044
-93.14359468980219 44.45497585012775
-93.14362516305447 44.45495667864486
-93.14364921796889 44.45492938936573
-93.14364852712819 44.45488331699581
-93.14361332329797 44.45485355685823
-93.14358631520285 44.4548248415853
-93.14356913014741 44.45476958518783
-93.1435605818057 44.45472756372857
-93.14355789783528 44.45467545117167
-93.14356402933105 44.45462203813512
-93.14353278263296 44.45459683058793
-93.14349594373854 44.45458790497135
