5
10 5
488599.911169 4922358.515241
488600.288031 4922365.179985
488599.973511 4922370.240348
488598.420770 4922374.342002
488596.346145 4922375.495903
488592.665796 4922375.998401
488589.621526 4922374.792890
488586.999696 4922372.177060
488584.863375 4922367.737620
488599.179891 4922351.366424
7 5
488599.179891 4922351.366424
488584.863375 4922367.737620
488582.614866 4922366.634881
488581.309374 4922363.906096
488580.597239 4922359.195187
488581.998383 4922355.617205
488583.631888 4922351.864962
6 5
488596.625146 4922342.919386
488598.089697 4922345.193163
488599.179891 4922351.366424
488583.631888 4922351.864962
488584.464909 4922348.232066
488593.190304 4922341.672936
7 5
488586.680065 4922337.758769
488590.957540 4922339.717745
488593.190304 4922341.672936
488584.464909 4922348.232066
488583.612950 4922345.799732
488583.516672 4922342.198542
488584.298062 4922339.683383
3 5
488586.680065 4922337.758769
488586.680065 4922337.758769
488584.298062 4922339.683383
