10
6 5
488559.569209 4922471.244252
488549.690394 4922488.535175
488541.353857 4922499.125006
488539.473295 4922485.929391
488553.191617 4922455.007054
488566.852697 4922450.356461
5 5
488576.462144 4922427.435422
488566.852697 4922450.356461
488553.191617 4922455.007054
488557.619307 4922434.508635
488568.554098 4922409.565786
5 5
488587.235182 4922406.034026
488576.462144 4922427.435422
488568.554098 4922409.565786
488575.571725 4922385.206254
488592.126450 4922376.555803
5 5
488595.314051 4922350.211083
488592.126450 4922376.555803
488575.571725 4922385.206254
488580.821749 4922356.494841
488587.505505 4922331.042852
5 5
488605.518934 4922323.915825
488595.314051 4922350.211083
488587.505505 4922331.042852
488594.196620 4922313.418653
488603.717518 4922302.670936
5 5
488628.734203 4922284.905304
488621.608051 4922312.770487
488605.518934 4922323.915825
488603.717518 4922302.670936
488610.537006 4922290.057136
3 5
488628.734203 4922284.905304
488610.537006 4922290.057136
488616.088051 4922279.753911
6 5
488610.579840 4922253.647422
488625.563781 4922260.637662
488628.734203 4922284.905304
488616.088051 4922279.753911
488606.827733 4922267.243219
488599.590755 4922252.529476
3 5
488603.793960 4922237.730238
488610.579840 4922253.647422
488599.590755 4922252.529476
3 5
488603.793960 4922237.730238
488603.793960 4922237.730238
488599.590755 4922252.529476
