27
-93.14325001232835 44.45333193728636
-93.14319870628992 44.45333972475812
-93.14317620267416 44.45336320398933
-93.14317956317649 44.45338733778432
-93.14320172567729 44.45340724025475
-93.14321660304991 44.45343267890463
-93.14319341039807 44.45346856971486
-93.14315583444426 44.45348975450476
-93.14312164081595 44.45350913244536
-93.14308092169915 44.45353203692451
-93.1430385721027 44.45352490229131
-93.14298635729401 44.45354177164934
-93.14295767177458 44.4535750923853
-93.1429460643717 44.45361401377075
-93.14297477442663 44.4536407503744
-93.14301611327502 44.45365027313545
-93.14305814072408 44.45363161858088
-93.14307935213679 44.45360218843422
-93.14310162471969 44.45356853258848
-93.1431510086619 44.45354670080705
-93.14319012770814 44.45351940193647
-93.14323113967939 44.45349649486569
-93.14327559520386 44.45347177246185
-93.14329293612768 44.45345322852517
-93.14330636241962 44.45341748140102
-93.14329793230607 44.45335859911503
-93.14325001232835 44.45333193728636
