26
-93.14368928393242 44.45494876177704
-93.14364327289093 44.45495556299682
-93.14360910763688 44.4549698171204
-93.14358266065427 44.45498739054808
-93.1435757255081 44.45500845332233
-93.14358106681753 44.45503460157994
-93.14359893702196 44.45507087195452
-93.14361438197047 44.45508977708164
-93.14363513643477 44.45511415258314
-93.14365003380729 44.45513528499403
-93.14366826778654 44.45517001975371
-93.14368858082139 44.45520371941339
-93.14369751552688 44.45523599507655
-93.14372925893824 44.45526509207495
-93.14374910556539 44.45527473554676
-93.1437863385581 44.45526970830046
-93.14381117272498 44.45525465938132
-93.14382091932053 44.45521834883243
-93.14381587012083 44.45517779214194
-93.14379737935131 44.45514173461136
-93.14377841105069 44.45510081629264
-93.14376977442018 44.45506710371923
-93.14375028695889 44.45503057733708
-93.14373009725722 44.45499637390697
-93.14371211590877 44.45496619614364
-93.14368928393242 44.45494876177704
