5
9 5
488568.330457 4922443.455909
488567.625921 4922447.042231
488565.106137 4922450.278666
488563.529050 4922451.352605
488560.565866 4922450.799401
488558.587157 4922449.131290
488557.804641 4922445.099397
488558.198429 4922440.593788
488559.662490 4922436.586051
5 5
488569.939961 4922439.709824
488568.330457 4922443.455909
488559.662490 4922436.586051
488561.163597 4922432.038327
488571.383858 4922435.849055
5 5
488572.564953 4922433.499655
488571.383858 4922435.849055
488561.163597 4922432.038327
488561.844136 4922428.292439
488563.387407 4922424.232485
12 5
488571.886697 4922415.885186
488574.607629 4922417.463715
488576.715150 4922419.412020
488577.271009 4922421.750634
488576.851158 4922424.655842
488575.436496 4922428.687131
488574.211400 4922430.789206
488572.564953 4922433.499655
488563.387407 4922424.232485
488564.987002 4922420.430459
488566.411691 4922417.075900
488568.224778 4922415.136157
3 5
488568.224778 4922415.136157
488568.224778 4922415.136157
488566.411691 4922417.075900
