32 4
61.622916206164518371 385.80712501611560583
63.264074785751290619 386.77849931921809912
64.256447685824241489 387.73728840332478285
64.810585226339753717 388.168191934004426
65.911978619929868728 387.90036793705075979
66.97823559632524848 388.00540524907410145
67.82956597933662124 388.68136015068739653
68.636849985981825739 389.78666403796523809
68.808192294294713065 390.82592868525534868
68.286716540926136076 391.84934350848197937
67.682397812634008005 393.18824757821857929
67.372230265027610585 394.23395743686705828
67.714927031192928553 395.18022531736642122
68.770763423177413642 397.10599918104708195
69.570687665895093232 398.89776360709220171
69.509745475021190941 400.77080963365733624
68.348650021274806932 402.44070316851139069
67.254930208844598383 403.31354817375540733
65.55640958744334057 403.7042382163926959
63.967272507346933708 403.40257077943533659
62.939411300176288933 402.23075384180992842
62.12035881620249711 399.94113233033567667
61.36888968019047752 398.08843135926872492
60.225572565017500892 396.36012663226574659
58.747525511513231322 394.70653053466230631
57.163625386514468119 393.58247209433466196
55.160851619351888075 392.25755579769611359
54.517846635397290811 389.81961170583963394
55.524598375923233107 387.7464470099657774
57.143897039262810722 386.71086568012833595
59.108194786182139069 386.04166426230221987
61.622916206164518371 385.80712501611560583
