10
6 5
113.771355 354.072759
103.106020 370.889941
94.290208 381.084246
93.019893 367.815973
108.148992 337.558846
122.009919 333.542901
5 5
132.665692 311.089171
122.009919 333.542901
108.148992 337.558846
113.516845 317.286309
125.589748 292.874009
5 5
144.413771 290.207103
132.665692 311.089171
125.589748 292.874009
133.722763 268.863846
150.658632 260.985676
5 5
155.057199 234.815890
150.658632 260.985676
133.722763 268.863846
140.290652 240.424949
148.140508 215.308100
5 5
166.463309 209.018974
155.057199 234.815890
148.140508 215.308100
155.636894 198.011060
165.643086 187.713631
5 5
191.452082 171.120021
183.049066 198.627106
166.463309 209.018974
165.643086 187.713631
173.036756 175.427580
3 5
191.452082 171.120021
173.036756 175.427580
179.056824 165.391182
6 5
174.757841 139.058542
189.403642 146.732033
191.452082 171.120021
179.056824 165.391182
170.383027 152.466936
163.831968 137.435245
3 5
168.712873 122.845484
174.757841 139.058542
163.831968 137.435245
3 5
168.712873 122.845484
168.712873 122.845484
163.831968 137.435245
