1
18 1
488502.472241 4922173.894782
488504.624407 4922175.251906
488506.305569 4922177.226866
488507.990613 4922179.273562
488508.592206 4922181.407023
488508.016285 4922182.786852
488506.936160 4922184.015454
488505.051691 4922184.756966
488502.315355 4922184.817212
488500.207994 4922183.887739
488498.434216 4922182.723025
488497.008995 4922180.943823
488496.149327 4922179.257881
488496.301882 4922177.429322
488497.059417 4922176.134101
488498.635059 4922174.873548
488500.440545 4922174.063273
488502.472241 4922173.894782
