18
-93.14451038789785 44.45277588019421
-93.14448336791892 44.45278813228129
-93.14446228158585 44.45280593910621
-93.1444411480347 44.4528243918131
-93.14443363408562 44.45284360842681
-93.14444090333262 44.45285602154773
-93.14445450647315 44.45286706519249
-93.14447820844622 44.45287371089218
-93.14451260226467 44.45287420975949
-93.14453906862332 44.45286580842041
-93.14456133703133 44.45285529455999
-93.14457921082786 44.4528392541537
-93.144589978366 44.45282406233299
-93.1445880203193 44.45280760267803
-93.14457847025226 44.45279595415939
-93.14455863834498 44.45278463075918
-93.14453592759426 44.45277736476777
-93.14451038789785 44.45277588019421
