18 1
70.441332669521216303 54.407479110173881054
72.528654377645580098 55.862364014610648155
74.116994062176672742 57.912717336788773537
75.705905356910079718 60.034909574314951897
76.208516726299421862 62.193833663128316402
75.56960547502967529 63.54564896784722805
74.433996465057134628 64.723156825639307499
72.51735103054670617 65.377016441896557808
69.781145740329520777 65.311067089438438416
67.718869306321721524 64.285444015637040138
66.000663139304379001 63.040206074714660645
64.658969134441576898 61.197200404480099678
63.877928353584138677 59.473423761315643787
64.114607957395492122 57.653840797021985054
64.931040707509964705 56.394914780743420124
66.563113122858339921 55.208330057561397552
68.404028940247371793 54.482140376232564449
70.441332669521216303 54.407479110173881054
