18 1
488502.47224138071761 4922173.8947822088376
488504.62440699804574 4922175.2519060634077
488506.30556895316113 4922177.2268658541143
488507.99061330920085 4922179.2735618539155
488508.59220554545755 4922181.4070234047249
488508.01628502539825 4922182.7868522927165
488506.93616003956413 4922184.015454178676
488505.05169137055054 4922184.7569661177695
488502.31535455147969 4922184.8172116149217
488500.20799431187334 4922183.8877388611436
488498.43421552045038 4922182.7230248358101
488497.00899472029414 4922180.9438232248649
488496.1493270440842 4922179.2578807268292
488496.30188181810081 4922177.4293221589178
488497.05941685452126 4922176.1341010117903
488498.63505914452253 4922174.8735475428402
488500.44054465403315 4922174.0632731607184
488502.47224138071761 4922173.8947822088376
