30 2
-4228719.8256071871147 2566741.7984367609024
-4228714.9089846611023 2566743.7446095142514
-4228711.9046050282195 2566745.6345377471298
-4228709.0647396622226 2566748.1125361500308
-4228706.6480629146099 2566751.8819313654676
-4228707.1423290651292 2566760.8885295419022
-4228707.1547380760312 2566766.3000418874435
-4228707.8773083360866 2566771.9958275235258
-4228710.8040555957705 2566777.7157192099839
-4228712.4758707620203 2566782.1462662350386
-4228713.8513110475615 2566786.2417929563671
-4228710.6349167898297 2566797.6544615952298
-4228712.3913652515039 2566798.9293441791087
-4228716.7502359068021 2566794.8851662338711
-4228723.2216356275603 2566790.2349177910946
-4228729.424750758335 2566788.7758580334485
-4228731.3584184059873 2566785.0258174124174
-4228730.9491631854326 2566780.4596428922378
-4228729.909636949189 2566775.6313349422999
-4228730.9344707475975 2566768.2539971629158
-4228733.5466801216826 2566763.1274564145133
-4228736.0617829421535 2566757.8000393733382
-4228738.7579240519553 2566753.0558726168238
-4228739.3211762905121 2566749.1532629295252
-4228737.3919033873826 2566745.6467436375096
-4228733.2307080840692 2566742.8027600264177
-4228729.0506614511833 2566741.5960078425705
-4228724.2316212523729 2566740.959198106546
-4228721.6413193438202 2566741.0572344614193
-4228719.8256071871147 2566741.7984367609024
