30 2
33.420938746072351933 116.38699648343026638
38.337561272084712982 118.33316923677921295
41.341940904967486858 120.22309746965765953
44.181806270964443684 122.70109587255865335
46.598483018577098846 126.47049108799546957
46.104216868057847023 135.47708926443010569
46.091807857155799866 140.88860160997137427
45.369237597100436687 146.58438724605366588
42.442490337416529655 152.30427893251180649
40.770675171166658401 156.73482595756649971
39.39523488562554121 160.83035267889499664
42.611629143357276917 172.24302131775766611
40.855180681683123112 173.51790390163660049
36.496310026384890079 169.47372595639899373
30.024910305626690388 164.82347751362249255
23.821795174852013588 163.36441775597631931
21.888127527199685574 159.6143771349452436
22.297382747754454613 155.04820261476561427
23.336908983998000622 150.21989466482773423
22.312075185589492321 142.84255688544362783
19.699865811504423618 137.71601613704115152
17.184762991033494473 132.3885990958660841
14.488621881231665611 127.64443233935162425
13.925369642674922943 123.74182265205308795
15.854642545804381371 120.23530336003750563
20.015837849117815495 117.39131974894553423
24.195884482003748417 116.18456756509840488
29.014924680814146996 115.54775782907381654
31.605226589366793633 115.64579418394714594
33.420938746072351933 116.38699648343026638
