77 4
-4228738.8703611465171 2566765.6483803219162
-4228738.0318963015452 2566766.1060305181891
-4228737.5057453503832 2566766.5873590717092
-4228737.0180176645517 2566767.2362239374779
-4228736.526973570697 2566768.1815531263128
-4228736.2995372777805 2566768.9636982758529
-4228736.2188912201673 2566769.9416076322086
-4228736.3485281206667 2566771.0757411746308
-4228736.7500972859561 2566772.4457182670012
-4228737.6200536908582 2566773.7405980462208
-4228738.4154435675591 2566774.51994762104
-4228739.5960814245045 2566775.2619540854357
-4228740.7144228667021 2566775.6984029314481
-4228741.6711314581335 2566775.9257456171326
-4228742.7020838782191 2566776.1162023772486
-4228743.5128586180508 2566776.8558835033327
-4228743.7233567740768 2566777.4221690506674
-4228743.3597177099437 2566778.2072661640123
-4228742.4082282856107 2566778.7940919375978
-4228741.3619839781895 2566779.5058559291065
-4228740.4939287891611 2566780.6403848291375
-4228739.8499882230535 2566781.7800034359097
-4228739.5002371147275 2566782.5158183607273
-4228738.7536047939211 2566783.1675161863677
-4228737.6582881323993 2566783.3903547814116
-4228736.3718428853899 2566783.8524467148818
-4228735.0112578338012 2566784.7775376588106
-4228734.2428767159581 2566786.1183353145607
-4228733.9084789706394 2566787.7040335573256
-4228734.0258988589048 2566788.8442188645713
-4228734.62752249185 2566789.6081030438654
-4228735.5635953377932 2566790.4829066749662
-4228735.9291343884543 2566791.4836450237781
-4228736.1129761040211 2566793.1190684661269
-4228736.770650729537 2566794.6832541208714
-4228738.1368463607505 2566795.2215801388957
-4228739.6924543110654 2566795.0861566476524
-4228741.2532531078905 2566793.9694960876368
-4228742.2750127883628 2566792.761124309618
-4228743.4623300703242 2566791.5658808182925
-4228744.8602556362748 2566790.5549485050142
-4228746.4508414184675 2566790.1085463054478
-4228747.9837579736486 2566790.0683787590824
-4228749.5825443556532 2566789.7746033119038
-4228750.4368764953688 2566788.4908952456899
-4228750.5855981679633 2566787.0662264432758
-4228751.3438375331461 2566786.0213481672108
-4228751.3580233473331 2566785.0644111563452
-4228750.8757773404941 2566783.9739113277756
-4228751.122554496862 2566783.0900327255949
-4228751.9700646363199 2566782.214954873547
-4228752.7477023610845 2566781.3129902267829
-4228753.1721010832116 2566780.0009005242027
-4228753.246545933187 2566778.7154329265468
-4228753.0596499061212 2566777.2403903701343
-4228752.6977519132197 2566775.5765001145191
-4228751.9478901186958 2566774.2416296279989
-4228751.1767135243863 2566773.2243952169083
-4228750.5905487406999 2566772.3548982120119
-4228750.3672588914633 2566771.6101403790526
-4228750.5727983778343 2566770.8827170091681
-4228750.7979329619557 2566770.0372592038475
-4228750.8980039432645 2566768.9212482939474
-4228750.6882019992918 2566767.7246005330235
-4228749.7900191256776 2566766.8300371789373
-4228748.5606569815427 2566766.2204631506465
-4228747.5786641314626 2566766.3672349229455
-4228746.4770396417007 2566766.7707864479162
-4228745.4347177669406 2566767.2850979357027
-4228744.7330635227263 2566767.5552735272795
-4228744.0461009116843 2566767.4520623912103
-4228743.2890782104805 2566766.81682386389
-4228742.4120013937354 2566766.2232480375096
-4228741.4436091482639 2566765.6338691716082
-4228740.5370303960517 2566765.4203937104903
-4228739.7479896098375 2566765.4542764914222
-4228738.8703611465171 2566765.6483803219162
