51
-93.14210754953218 44.45638038745722
-93.14209802872074 44.45637015669698
-93.14208980028766 44.45636549871454
-93.14207938324438 44.45635808232687
-93.14206901615407 44.4563529647694
-93.14205860791938 44.45634866160261
-93.14204800136007 44.45634708181674
-93.14203094236574 44.4563440962209
-93.14201998855386 44.456341142062
-93.14199725918171 44.45633705098749
-93.1419730464261 44.45633425124213
-93.14193352604768 44.45632850021403
-93.14189476884161 44.45632441868644
-93.14186923979884 44.4563249420853
-93.14185572959761 44.45632605234179
-93.14184474070316 44.4563276512004
-93.1418285726527 44.45633249038267
-93.14181427536644 44.45633924137997
-93.14180036104841 44.45634637356953
-93.14178389621128 44.45635682362202
-93.14176158001656 44.45637317353737
-93.14173521169054 44.45639538667603
-93.14172117454427 44.45641030258101
-93.14171739551908 44.45642895944834
-93.1417199435521 44.45644444222015
-93.14172633228931 44.45646100818769
-93.14174048435538 44.45647814377626
-93.14175871646863 44.45648911072725
-93.14178419888884 44.45649854616073
-93.14181120831144 44.45650151726424
-93.14183283109777 44.45649499478732
-93.14185398235087 44.45648340194354
-93.14186761315405 44.45647268280668
-93.14188832955803 44.45646581533899
-93.14190694681832 44.45645628829495
-93.14193030787337 44.45645332624142
-93.1419568262458 44.45645481883102
-93.14198642561388 44.45646003111358
-93.14200752935747 44.45646220738314
-93.1420240552398 44.45646237363354
-93.14203579148396 44.45645979608381
-93.14204740226491 44.45645518099712
-93.14205873388461 44.45645067824197
-93.14206912299815 44.45644522057286
-93.14207954470129 44.45643814315118
-93.14209052008238 44.45642961977542
-93.14209755790873 44.45642114027299
-93.14210334844178 44.45641103802402
-93.1421085285138 44.45640100360082
-93.14211201558437 44.45639108619093
-93.14210754953218 44.45638038745722
