32 1
-4228719.6288470802829 2566625.5471978099085
-4228717.9952210541815 2566625.4114402774721
-4228716.25795954559 2566626.2297799540684
-4228714.7457050904632 2566627.1824226183817
-4228713.9118638308719 2566628.9366142940708
-4228713.3693171469495 2566630.5281791612506
-4228712.7621687073261 2566633.5492867473513
-4228712.2491323053837 2566637.2201509131119
-4228712.336216609925 2566641.7413507001474
-4228712.1460302714258 2566654.8313008653931
-4228712.8485771659762 2566660.7430042857304
-4228714.0779296774417 2566663.4501060442999
-4228715.5923427026719 2566665.1836346252821
-4228717.203553237021 2566666.4597158362158
-4228718.2267313543707 2566667.0836030892096
-4228719.1561111183837 2566667.3532178029418
-4228720.8156449031085 2566667.7378138834611
-4228722.9432507557794 2566667.7277564946562
-4228724.8928922666237 2566667.1357130925171
-4228727.0056231403723 2566666.0084376526065
-4228728.5308066215366 2566664.1786109833047
-4228729.5341981975362 2566662.6293791308999
-4228729.8533973377198 2566660.2755532660522
-4228729.6024208124727 2566635.8899104562588
-4228729.3435252727941 2566632.1935609881766
-4228728.3250757399946 2566630.6359638166614
-4228727.3109979284927 2566629.7039975607768
-4228725.858351226896 2566628.6548770940863
-4228724.3584007639438 2566627.6218612082303
-4228722.8547800807282 2566626.7879158770666
-4228721.3731812387705 2566625.9661838756874
-4228719.6288470802829 2566625.5471978099085
