32 1
33.617698852904140949 0.13575753243640065193
35.251324879005551338 0
36.988586387597024441 0.81833967659622430801
38.500840842723846436 1.7709823409095406532
39.33468210231512785 3.5251740165986120701
39.877228786237537861 5.1167388837784528732
40.484377225860953331 8.1378464698791503906
40.997413627803325653 11.808710635639727116
40.910329323261976242 16.329910422675311565
41.100515661761164665 29.419860587920993567
40.397968767210841179 35.331564008258283138
39.16861625574529171 38.038665766827762127
37.654203230515122414 39.772194347810000181
36.042992696166038513 41.048275558743625879
35.01981457881629467 41.672162811737507582
34.090434814803302288 41.941777525469660759
32.430901030078530312 42.326373605988919735
30.303295177407562733 42.316316217184066772
28.353653666563332081 41.72427281504496932
26.240922792814671993 40.596997375134378672
24.715739311650395393 38.767170705832540989
23.712347735650837421 37.217938853427767754
23.393148595467209816 34.864112988580018282
23.644125120714306831 10.478470178786665201
23.903020660392940044 6.7821207107044756413
24.921470193192362785 5.2245235391892492771
25.935548004694283009 4.2925572833046317101
27.388194706290960312 3.2434368166141211987
28.888145169243216515 2.2104209307581186295
30.391765852458775043 1.3764755995944142342
31.87336469441652298 0.55474359821528196335
33.617698852904140949 0.13575753243640065193
