8
9 5
488733.10528877371689 4922296.7076524849981
488733.48434734385228 4922308.8712574988604
488729.9368772477028 4922315.7074959697202
488722.96019835915649 4922318.148987560533
488718.28170948545448 4922315.627112400718
488716.87204304436455 4922311.2337356731296
488716.26807586866198 4922303.1949159270152
488716.45157671946799 4922290.0943847065791
488718.10525682009757 4922271.4027282604948
9 5
488729.95044830086408 4922063.5155750028789
488733.49119873251766 4922057.107097633183
488736.91092765063513 4922052.6930837985128
488740.2329493231955 4922050.4089851276949
488744.89010350982426 4922050.0485724862665
488747.93729911325499 4922052.4947001859546
488750.23990458692424 4922057.8451104527339
488746.93726151617011 4922071.155282962136
488729.77328276931075 4922082.1171618560329
6 5
488728.71448708942626 4922108.9353169836104
488729.77328276931075 4922082.1171618560329
488746.93726151617011 4922071.155282962136
488745.64134039502824 4922083.0269766217098
488743.29407333384734 4922096.8157185865566
488738.70123537431937 4922106.1011186959222
7 5
488725.80838479968952 4922145.4336333638057
488728.71448708942626 4922108.9353169836104
488738.70123537431937 4922106.1011186959222
488739.92960071167909 4922121.9444606658071
488739.71855908789439 4922138.0413050018251
488737.1285277173738 4922168.2983309635893
488725.41682884248439 4922181.3086696220562
4 5
488725.41682884248439 4922181.3086696220562
488737.1285277173738 4922168.2983309635893
488737.02527406561421 4922194.307968210429
488723.71567174739903 4922211.6786688091233
6 5
488722.23717497190228 4922245.3655655784532
488723.71567174739903 4922211.6786688091233
488737.02527406561421 4922194.307968210429
488737.05306470487267 4922223.4887997293845
488736.61031813063892 4922239.6357389241457
488733.53557145938976 4922266.8109315503389
4 5
488718.10525682009757 4922271.4027282604948
488722.23717497190228 4922245.3655655784532
488733.53557145938976 4922266.8109315503389
488733.10528877371689 4922296.7076524849981
3 5
488718.28170948545448 4922315.627112400718
488718.28170948545448 4922315.627112400718
488716.87204304436455 4922311.2337356731296
