11
12 4
488767.06795993976993 4922453.3408641517162
488767.99139577778988 4922454.8030867688358
488768.49858756619506 4922456.2086759246886
488768.35074725857703 4922457.4734081393108
488767.66246509348275 4922459.1051571648568
488767.05408756516408 4922460.0737233003601
488766.24501671560574 4922460.6502612279728
488765.34390766581055 4922460.9701685849577
488763.8038757108734 4922460.4755543647334
488762.62587046466069 4922459.5333881042898
488762.05217763234396 4922457.6810932019725
488765.30135287099984 4922451.7633823342621
5 4
488765.30135287099984 4922451.7633823342621
488762.05217763234396 4922457.6810932019725
488760.91742038837401 4922456.3732206523418
488759.53550128801726 4922454.5378794576973
488764.65115222113673 4922451.0622417824343
6 4
488764.65855340799317 4922451.0018185451627
488764.65115222113673 4922451.0622417824343
488759.53550128801726 4922454.5378794576973
488758.23613542533712 4922453.0199188161641
488757.07955646840855 4922451.3331486089155
488764.01273985346779 4922449.7489586593583
7 4
488763.90394686040236 4922448.6283026244491
488764.01273985346779 4922449.7489586593583
488757.07955646840855 4922451.3331486089155
488756.12119338923367 4922450.0396737847477
488755.97179867274826 4922448.723444676958
488756.44716371636605 4922446.8678903663531
488757.14622519159457 4922445.7208076799288
4 4
488764.2955482568359 4922447.9440485192463
488763.90394686040236 4922448.6283026244491
488757.14622519159457 4922445.7208076799288
488757.38762356305961 4922444.7626525647938
5 4
488765.78671324544121 4922446.7987052928656
488765.02719038835494 4922447.491024156101
488764.2955482568359 4922447.9440485192463
488757.38762356305961 4922444.7626525647938
488757.14012329070829 4922443.7415767302737
9 4
488764.98011568386573 4922440.8559220740572
488766.5405526679242 4922441.1424056980759
488767.42742078908486 4922441.8870839336887
488768.02236165618524 4922443.5048733074218
488767.71889161947183 4922444.9905578484759
488766.97950871870853 4922446.048042437993
488765.78671324544121 4922446.7987052928656
488757.14012329070829 4922443.7415767302737
488763.83072672766866 4922440.6904031354934
6 4
488761.58730253647082 4922438.8307378804311
488762.66077349008992 4922439.6622541286051
488763.83072672766866 4922440.6904031354934
488757.14012329070829 4922443.7415767302737
488756.40165156760486 4922442.161624731496
488755.8162964086514 4922440.8477416913956
5 4
488760.63212681625737 4922437.521448736079
488761.58730253647082 4922438.8307378804311
488755.8162964086514 4922440.8477416913956
488755.03102888911963 4922439.1379523258656
488754.99276900780387 4922437.4790900843218
7 4
488760.14920396055095 4922436.4111226676032
488760.63212681625737 4922437.521448736079
488754.99276900780387 4922437.4790900843218
488755.52784089389024 4922436.2028017649427
488756.51891888579121 4922435.225474646315
488757.79809065751033 4922434.8871525600553
488759.29358202050207 4922435.3265102449805
3 4
488757.79809065751033 4922434.8871525600553
488757.79809065751033 4922434.8871525600553
488759.29358202050207 4922435.3265102449805
