5
4 1
488782.27423344191629 4922022.4077190663666
488784.15005668601952 4922024.2025133538991
488784.39096923946636 4922027.2023501405492
488780.1109605608508 4922021.6044776076451
9 1
488773.30959754501237 4922050.024345304817
488773.41219517507125 4922046.7585388841107
488783.41068350774003 4922049.6207747925073
488783.40409173857188 4922049.7225865852088
488781.74381150963018 4922051.5637639053166
488779.81680608581519 4922052.7752462392673
488778.05856113211485 4922052.9737939061597
488775.90780361689394 4922052.8425023807213
488774.32101845531724 4922051.9270148063079
10 1
488780.1109605608508 4922021.6044776076451
488784.39096923946636 4922027.2023501405492
488784.80683851841604 4922032.2458412190899
488784.83247592486441 4922038.5820357697085
488774.20100651093526 4922040.1587191987783
488775.64630366541678 4922033.3860937980935
488776.46624896506546 4922029.8428222173825
488777.24882671283558 4922026.9068121165037
488777.86225244973321 4922024.763410541229
488778.45542357990053 4922023.1354866856709
7 1
488785.15762100007851 4922043.2952850852162
488784.59213832672685 4922047.2410310907289
488783.41068350774003 4922049.6207747925073
488773.41219517507125 4922046.7585388841107
488773.58834770868998 4922043.7029808806255
488774.20100651093526 4922040.1587191987783
488784.83247592486441 4922038.5820357697085
3 1
488780.1109605608508 4922021.6044776076451
488780.1109605608508 4922021.6044776076451
488778.45542357990053 4922023.1354866856709
