1
18 1
488751.55032295128331 4922076.0853756070137
488753.54397938540205 4922076.7169544436038
488755.09193282097112 4922078.0325420284644
488755.91862262878567 4922079.5065970271826
488756.49033928307472 4922081.6763379350305
488756.57592496700818 4922083.5112973535433
488756.46561980713159 4922085.2326023634523
488755.95050719700521 4922086.9286772301421
488754.55070997896837 4922088.1623482303694
488752.3528004574473 4922089.1425795890391
488751.06108395243064 4922088.6550746131688
488748.9145325049758 4922086.9983690110967
488747.81933398451656 4922084.7969576232135
488747.69198439648608 4922082.0440715020522
488748.15252828720259 4922079.7349374815822
488748.88543079863302 4922077.9517037896439
488749.99240699392976 4922076.7002938454971
488751.55032295128331 4922076.0853756070137
