9
12 2
488722.94462439679774 4922182.280468759127
488722.44436018459965 4922195.8223699545488
488720.70422117609996 4922199.3380203610286
488717.68778148223646 4922201.51442203857
488714.72947216569446 4922202.7062441045418
488711.68861356249545 4922202.5262141823769
488708.02657255314989 4922201.4552846839651
488705.98143470386276 4922198.9565896419808
488704.08741840271978 4922194.2358055133373
488703.9783805111656 4922188.1091160047799
488703.48245891573606 4922158.6850793566555
488722.82461253588554 4922157.5389805240557
5 2
488721.76542966550915 4922131.1944330539554
488722.82461253588554 4922157.5389805240557
488703.48245891573606 4922158.6850793566555
488702.71302036795532 4922139.8210382219404
488702.61627698189113 4922127.9803464543074
6 2
488721.46770107571501 4922117.0348482420668
488721.76542966550915 4922131.1944330539554
488702.61627698189113 4922127.9803464543074
488701.63506537256762 4922122.0048346016556
488701.23819101270055 4922114.7120961248875
488719.51003485935507 4922098.4371808823198
3 2
488719.51003485935507 4922098.4371808823198
488701.23819101270055 4922114.7120961248875
488698.99108366272412 4922106.4317461568862
6 2
488719.09991415555123 4922091.0275181764737
488719.51003485935507 4922098.4371808823198
488698.99108366272412 4922106.4317461568862
488695.69680982729187 4922097.3324487842619
488694.65251988079399 4922091.0907788928598
488696.4761628700071 4922083.3447642661631
4 2
488719.41890750586754 4922085.9125221353024
488719.09991415555123 4922091.0275181764737
488696.4761628700071 4922083.3447642661631
488699.99200320424279 4922072.9413401531056
6 2
488721.38849346671486 4922067.3554859366268
488720.41074951068731 4922080.7961343908682
488719.41890750586754 4922085.9125221353024
488699.99200320424279 4922072.9413401531056
488702.5466012947727 4922064.3317017368972
488720.89479576935992 4922061.2554087582976
10 2
488716.04981231997954 4922051.2195008443668
488718.55274152150378 4922053.2006532857195
488720.1512714982382 4922055.8528351606801
488720.89479576935992 4922061.2554087582976
488702.5466012947727 4922064.3317017368972
488703.68441993108718 4922059.3925340445712
488705.28662924165837 4922054.7345709986985
488706.95227195456391 4922052.3662969674915
488709.44120319391368 4922050.7482704566792
488712.97917783964658 4922050.1119139073417
3 2
488712.97917783964658 4922050.1119139073417
488712.97917783964658 4922050.1119139073417
488716.04981231997954 4922051.2195008443668
