3
4 5
488670.35882247646805 4921980.0539605757222
488665.5888229898992 4921982.1683668382466
488663.33837892423617 4921979.9915288733318
488661.46093323657988 4921974.9658713070676
16 5
488676.89491441717837 4921933.2571140555665
488682.01889433065662 4921941.9249965548515
488684.9514879353228 4921947.8733467618003
488683.96098553470802 4921959.3867251146585
488682.0202685497934 4921967.0845020692796
488676.57080914353719 4921977.3287004921585
488670.35882247646805 4921980.0539605757222
488661.46093323657988 4921974.9658713070676
488658.58331225684378 4921967.4040258536115
488659.674542693072 4921957.8848328143358
488660.54953339591157 4921950.4999984875321
488662.91421392123448 4921941.0484588397667
488665.00155794527382 4921936.4580566100776
488667.80545425612945 4921931.9283305574208
488671.48414220759878 4921930.2855782955885
488674.80502019647975 4921930.6442430429161
3 5
488676.89491441717837 4921933.2571140555665
488676.89491441717837 4921933.2571140555665
488674.80502019647975 4921930.6442430429161
