3
12 1
488713.76933681772789 4922275.6809983812273
488713.91755699756322 4922279.7362385420129
488713.46633693954209 4922283.190906134434
488712.47362646035617 4922285.1831701677293
488710.81880303897196 4922286.3425567531958
488709.266659632558 4922287.1137371957302
488707.60570063546766 4922287.0121146952733
488705.37425693048863 4922285.9259171271697
488704.60290339100175 4922284.220081561245
488704.4034717004979 4922282.0734196566045
488704.122378063621 4922275.375551556237
488713.38245468348032 4922271.5999496271834
10 1
488710.08715349022532 4922264.1281128702685
488711.38393997185631 4922265.1769377179444
488712.46419662097469 4922267.0805158568546
488713.38245468348032 4922271.5999496271834
488704.122378063621 4922275.375551556237
488703.71573577116942 4922269.8334650052711
488703.89520346006611 4922266.8050569230691
488705.11073442240013 4922265.3721595536917
488706.47862510319101 4922264.0279351072386
488708.19951437780401 4922263.5144558222964
3 1
488708.19951437780401 4922263.5144558222964
488708.19951437780401 4922263.5144558222964
488706.47862510319101 4922264.0279351072386
