1
15 1
488717.20414976641769 4922222.9217799268663
488719.23018243501429 4922223.8572011431679
488720.24743373028468 4922225.5272144209594
488720.49169683898799 4922228.0250198515132
488720.36243275599554 4922230.0960547709838
488719.41748016775819 4922232.4297348018736
488718.17361795209581 4922233.1474010525271
488715.62007320043631 4922233.0657639978454
488714.16421249479754 4922232.0150582296774
488713.60342216666322 4922230.6999351978302
488713.16214496264001 4922228.7538427654654
488713.37713519594399 4922226.524889620021
488714.37664498720551 4922224.5847296407446
488715.56746707495768 4922223.4567033313215
488717.20414976641769 4922222.9217799268663
