488772.12069700000575 4921863.2364966459572
488772.12079278897727 4921863.2920349417254
488772.06797247397481 4921863.4217157848179
488771.98856638500001 4921863.5144168408588
488771.98869410599582 4921863.5884679015726
488771.98875796602806 4921863.6254934296012
488772.04173792898655 4921863.5883764130995
488772.10797885101056 4921863.5512365233153
488772.16102267702809 4921863.5511450357735
488772.16099074698286 4921863.5326322708279
488772.25372164999135 4921863.4769338751212
488772.21406650100835 4921863.551053549163
488772.17466679000063 4921863.7732753409073
488772.10848972998792 4921863.8474407605827
488772.04240846098401 4921863.9771444741637
488772.06896230397979 4921863.9956114953384
488772.12200612400193 4921863.9955200068653
488772.10874516901094 4921863.9955428801477
488772.06928160402458 4921864.1807391447946
488771.93673591397237 4921864.217993395403
488771.98958815302467 4921864.1068253144622
488771.96309817198198 4921864.1253838250414
488771.88359630398918 4921864.1625465862453
488771.71123582101427 4921864.181356696412
488771.49925213202368 4921864.2927992502227
488771.39313256001333 4921864.2744694715366
488771.45966085698456 4921864.4039444597438
488771.48618276597699 4921864.4038987141103
488771.5258698349935 4921864.3482917994261
488771.49925213202368 4921864.2927992502227
488771.35338162898552 4921864.2930508553982
488771.24729399097851 4921864.2932338444516
488771.11471637897193 4921864.3119753450155
488770.98220262897667 4921864.36774238199
488770.83642793097533 4921864.4235322931781
488770.78325637802482 4921864.349572731182
488770.71695160400122 4921864.3496871041134
488770.71676000102889 4921864.238610515371
488770.67700907099061 4921864.2571919066831
488770.67688133497722 4921864.183140845038
488770.75635126401903 4921864.1274653021246
488770.82243250199826 4921863.9977615764365
488770.87547632498899 4921863.9976700777188
488770.99476105597569 4921863.9604386799037
488771.04786874400452 4921863.9973727138713
488770.99504845397314 4921864.1270535625517
488770.96699375199387 4921863.2384865963832
488771.13877947197761 4921862.8864467041567
488771.3508270640159 4921862.8120296671987
488771.45669120398816 4921862.6822573281825
488771.62876434501959 4921862.4968323288485
488771.97271907702088 4921862.0149057591334
488772.36952612397727 4921861.4218111364171
488772.51507740101079 4921861.2364319041371
488772.5415993250208 4921861.2363861622289
488772.54188668297138 4921861.4030010458082
488772.5817014920176 4921861.4214451983571
488772.60828727000626 4921861.4584249863401
488772.55543500097701 4921861.5695930570364
488772.51574790402083 4921861.62519996427
488772.50248694501352 4921861.6252228356898
488772.46279985201545 4921861.680829744786
488772.4363737180247 4921861.7364137796685
488772.35725496802479 4921861.995729717426
488772.1726871469873 4921862.6254839207977
488772.04196144000161 4921863.7179657658562
488772.04413268697681 4921864.9768337784335
488771.72724284202559 4921865.7734316056594
488771.76740886602784 4921865.9955161679536
488771.41064046201063 4921866.7366443332285
488770.8288511519786 4921867.7188273277134
488770.39293242397252 4921868.7007587449625
488769.90438522497425 4921869.9234476434067
488769.44232815102441 4921871.127578063868
488768.92716362100327 4921872.2947745006531
488768.42436587600969 4921872.9435906773433
488767.94821787200635 4921873.6664121951908
488767.56515205698088 4921874.5371756982058
488766.85069082397968 4921875.4825623454526
488766.36061137798242 4921875.816638792865
488765.51389260299038 4921876.9658948434517
488764.80035850702552 4921878.4481519125402
488764.13935718702851 4921879.6341132670641
488763.66384923300939 4921880.727190412581
488763.13545754301595 4921881.9129229839891
488762.59370925597614 4921883.0431401953101
488761.93270880699856 4921884.229101783596
488761.35114622797118 4921885.3408750155941
488760.76977562397951 4921886.5637248950079
488760.320854487014 4921887.6937820417807
488759.89858317899052 4921888.8978444887325
488759.58249514101772 4921890.1572620840743
488759.57163167797262 4921891.5457424055785
488759.62700877099996 4921892.8970827134326
488759.6693167409976 4921894.3595225140452
488759.75127950398019 4921895.7478425661102
488759.75370887300232 4921897.1548127699643
488759.92830599297304 4921898.4318959536031
488760.23576758202398 4921899.856852308847
488760.66200162202585 4921900.9483728390187
488761.02116404898698 4921901.595701482147
488761.47407940099947 4921902.7797401063144
488761.82071584201185 4921903.8528853105381
488761.98195563297486 4921905.0744531592354
488762.19652646797476 4921906.4625443387777
488762.25132765498711 4921907.4806549074128
488762.33252272201935 4921908.4246686305851
488762.4140693040099 4921909.572322782129
488762.64151727600256 4921910.7382378987968
488762.85608778998721 4921912.1263291146606
488763.09708405600395 4921913.4588362574577
488763.41764533502283 4921914.7912060720846
488763.68509917997289 4921916.0866419300437
488763.93973942397861 4921917.6412794198841
488764.15405381901655 4921918.8812685590237
488764.40821455797413 4921920.1582145746797
488764.74206803698326 4921921.5090743452311
488765.18232756300131 4921923.0448787147179
488765.46352079801727 4921924.6179832769558
488765.53209335397696 4921925.9322752831504
488765.70713588001672 4921927.4685374125838
488765.76260727702174 4921928.8754161437973
488765.63249106699368 4921930.3196408078074
488765.22415335598635 4921931.9124482097104
488764.81552828097483 4921933.3386407447979
488764.44681363197742 4921934.8388157114387
488763.99843844701536 4921936.2835897337645
488763.470370807976 4921937.654450061731
488762.95553224202013 4921939.0067747756839
488762.28140449797502 4921940.2668104032055
488761.78059422399383 4921942.0634187366813
488761.22584613400977 4921943.3417612090707
488760.67148182098754 4921944.8422569362447
488760.07701575098326 4921946.1576937362552
488759.4427036360139 4921947.4361737519503
488759.08817888697376 4921949.473196416162
488758.52010724600405 4921950.7145365001634
488758.03163245000178 4921951.9742519985884
488757.52970523800468 4921953.1229138337076
488757.22707344999071 4921954.4933853810653
488756.71172593499068 4921955.5495063476264
488756.30275250400882 4921956.7720590298995
488756.05335606302833 4921958.2535156290978
488755.83064114599256 4921959.8274902673438
488755.4880039159907 4921961.0684412540868
488755.23787231900496 4921962.1241042334586
488755.00112947198795 4921963.2537953909487
488754.77841498702765 4921964.8277700785547
488754.38318297499791 4921966.3279915135354
488754.04112205497222 4921967.9021724099293
488753.71241799002746 4921969.5318687250838
488753.35693674598588 4921971.0135087370872
488753.02784919098485 4921972.4210518766195
488752.5389932669932 4921973.4586146166548
488752.40913683001418 4921975.0509417969733
488752.22630152897909 4921976.6803861716762
488752.28270311298547 4921978.6241351831704
488752.40499242598889 4921980.3271036501974
488752.46104207402095 4921982.067212224938
488752.47702167800162 4921983.6407746197656
488752.58595418202458 4921985.2882277118042
488752.81356127397157 4921986.5467064660043
488753.0141990740085 4921987.5460522947833
488753.06852129998151 4921988.2864713910967
488753.05615618900629 4921988.8048518225551
488753.67880145501113 4921988.4520324254408
488753.7313645100221 4921988.174249256961
488753.13485679699806 4921988.3048696033657
488752.8298606480239 4921988.3053965624422
488752.29972044902388 4921988.4729279633611
488752.43207157100551 4921988.3245966890827
488752.56429475097684 4921988.1022143447772
488753.13463290099753 4921988.1752802236006
488753.41310765198432 4921988.1747990995646
488753.3072779100039 4921988.3230845304206
488753.3474118449958 4921988.5266562541947
488752.19453049299773 4921988.9914687825367
488751.53251912497217 4921989.5850230567157
488750.47361471597105 4921990.7161351628602
488749.4413600480184 4921991.9212526828051
488748.34264230902772 4921993.0339211300015
488747.28389902599156 4921994.2575976066291
488747.14004757598741 4921995.4241541894153
488747.16903311701026 4921996.8495915373787
488747.608683775994 4921998.0336522907019
488748.19381776102819 4921998.995307716541
488748.64618480199715 4921999.8646285533905
488749.36357327998849 4922000.6224144268781
488750.42545122100273 4922001.2129896264523
488751.5533444340108 4922001.6368355024606
488752.82745676400373 4922002.2640700079501
488754.12754648900591 4922002.5765418689698
488755.40130661602598 4922003.0001364164054
488756.54201220697723 4922003.1647814856842
488757.85536224301904 4922003.4772311896086
488759.18178101500962 4922003.6785816438496
488759.81886860902887 4922004.0107123795897
488759.96489580802154 4922004.1030243542045
488759.85884241497843 4922004.1217203019187
488759.99164090899285 4922004.2325679427013
488760.20400341501227 4922004.3432782078162
488760.164253371011 4922004.3618596652523
488760.19109436398139 4922004.5469415625557
488760.23135584697593 4922004.824564405717
488760.31076003302587 4922004.7318631839007
488760.35076579201268 4922004.8613838786259
488760.28484603099059 4922005.0836515864357
488760.19224511197535 4922005.2134012468159
488760.19240493798861 4922005.3059650911018
488760.12619749602163 4922005.361617882736
488759.5562765019713 4922005.5292173912749
488758.54884944402147 4922005.7531109405681
488757.95320648298366 4922006.3835756136104
488757.76778097299393 4922006.5134856197983
488757.66156776301796 4922006.4396177539602
488757.59510457300348 4922006.3471684176475
488757.36944944999414 4922006.2179683735594
488757.2368108209921 4922006.1996846282855
488757.10404429200571 4922006.1073498101905
488757.01058014598675 4922005.7372547518462
488756.98428263398819 4922005.8668899424374
488756.89158586697886 4922005.9411013396457
488756.8117340959725 4922005.7746238382533
488756.75875538098626 4922005.8117409944534
488756.93155971297529 4922006.0521092452109
488757.41031853301683 4922006.8473338130862
488757.83408429898554 4922006.5133711108938
488758.32431328902021 4922006.2718577766791
488758.74827095301589 4922006.0489717489108
488758.9070153189823 4922005.8265437269583
488759.03879080299521 4922005.344982739538
488759.21050814900082 4922004.955916906707
488759.24939505400835 4922004.437490677461
488759.31502707698382 4922004.0486080376431
488759.42085669998778 4922003.9003226980567
488759.4207288310281 4922003.8262716224417
488759.43376573000569 4922003.6966593414545
488759.5000690810266 4922003.6965448511764
488759.60599461599486 4922003.6037978231907
488759.64542499301024 4922003.4000886715949
488759.75147839798592 4922003.3813927229494
488759.8313301220187 4922003.547870256938
488759.85756376897916 4922003.3812095429748
488759.91051055700518 4922003.3255796469748
488759.89721791999182 4922003.3070897730067
488759.80426535400329 4922003.2331989798695
488759.73789806099376 4922003.1962879300117
488759.67159470100887 4922003.1964024165645
488759.73754643002758 4922002.9926474709064
488759.71086525399005 4922002.9001294206828
488759.64452992397128 4922002.8817311404273
