488774.29290596902138 4922046.2875402709469
488774.01596616901224 4922047.1766334781423
488773.80478658800712 4922047.7508952561766
488773.83140353299677 4922047.8063878277317
488773.75180811900645 4922047.7880122708157
488773.72515925002517 4922047.7140069305897
488773.80456309899455 4922047.621305863373
488773.88380732102087 4922047.4360409481451
488773.76468557602493 4922047.565836161375
488773.81775982899126 4922047.58425745368
488773.83092462999048 4922047.5286962734535
488773.85728615702828 4922047.4360866853967
488773.88380732102087 4922047.4360409481451
488773.91020077798748 4922047.3619441287592
488773.91029655799503 4922047.4174824403599
488773.95014215598349 4922047.4544393736869
488774.01644506398588 4922047.4543250296265
488774.02980142401066 4922047.50984047167
488774.04315778502496 4922047.5653559146449
488774.08300337998662 4922047.6023128479719
488774.14930628699949 4922047.6021985067055
488774.2023486130056 4922047.6021070331335
488774.24209842999699 4922047.5835256604478
488774.26861959300004 4922047.5834799222648
488774.28188017301727 4922047.583457053639
488774.26874729502015 4922047.6575310025364
488774.28207172598923 4922047.694533675909
488774.34827885701088 4922047.6388810258359
488774.33495442499407 4922047.6018783524632
488774.34821500600083 4922047.6018554838374
488774.37470424297499 4922047.5832969779149
488774.40125733200694 4922047.6017640121281
488774.41454983799485 4922047.6202539149672
488774.45433158101514 4922047.6201853118837
488774.4411348500289 4922047.657233719714
488774.46771986200474 4922047.6942135253921
488774.48107621801319 4922047.7497289692983
488774.5076293059974 4922047.7681960044429
488774.54731527302647 4922047.7125890897587
488774.54731527302647 4922047.7125890897587
488774.52082603698364 4922047.7311475928873
488774.53411854297156 4922047.7496374994516
488774.5340866179904 4922047.7311247242615
488774.52082603698364 4922047.7311475928873
488774.520857962023 4922047.7496603671461
488774.49433680000948 4922047.7497061016038
488774.42806582100457 4922047.7683332106099
488774.34856618498452 4922047.8054959569126
488774.26900269999169 4922047.8056331649423
488774.24241768702632 4922047.7686533620581
488774.17598707799334 4922047.6947166221216
488774.09635973902186 4922047.6578282900155
488774.05645029200241 4922047.5838458156213
488773.990051604982 4922047.5284218480811
488773.92362099298043 4922047.4544851109385
488773.88377539400244 4922047.4175281776115
488773.83076499501476 4922047.4361324235797
488773.77759496000363 4922047.3621728178114
488773.72445685300045 4922047.3067259863019
488773.72432914399542 4922047.2326749060303
488773.71090892399661 4922047.1401339219883
488773.73730238201097 4922047.0660371007398
488773.76379161799559 4922047.0474785920233
488773.80344565701671 4922046.9733589049429
488773.84322740597418 4922046.9732902981341
488773.88300915301079 4922046.9732216913253
488773.86971664399607 4922046.9547317875549
488773.94921628700104 4922046.9175690365955
488773.98896610701922 4922046.8989876601845
488774.05523709597765 4922046.8803605474532
488774.10827942797914 4922046.8802690738812
488774.08179018599913 4922046.8988275798038
488774.08175826002844 4922046.8803148102015
488774.06852960400283 4922046.8988504465669
488774.04210421798052 4922046.9544344935566
488774.05539672699524 4922046.972924397327
488774.02897134097293 4922047.0285084461793
488774.01574268500553 4922047.0470440825447
488773.96279613301158 4922047.1026738714427
488773.93630689702695 4922047.1212323773652
488773.89662092801882 4922047.1768392976373
488773.93637075001607 4922047.158257920295
488773.94963133201236 4922047.1582350516692
488774.04235962801613 4922047.1025366587564
488773.97624827397522 4922047.2137276232243
488773.98960463597905 4922047.2692430634052
488774.02935445599724 4922047.2506616888568
488774.12205082597211 4922047.1764505300671
488774.16186449798988 4922047.1948946919292
488774.18838566099294 4922047.1948489556089
488774.18844951299252 4922047.2318744985387
488774.25468857301166 4922047.1947346152738
488774.24145991599653 4922047.2132702544332
488774.22832703700988 4922047.2873442051932
488774.24161954497686 4922047.305834107101
488774.30789052997716 4922047.2872069953009
488774.34773612499703 4922047.3241639295593
488774.42723576701246 4922047.2870011851192
488774.49344290100271 4922047.2313485359773
488774.58610735298134 4922047.138624609448
488774.63905390701257 4922047.0829948307946
488774.6788356549805 4922047.0829262286425
488774.73181413399288 4922047.0458092177287
488774.78485646500485 4922047.045717747882
488774.82473398302682 4922047.1011874601245
488774.83809033699799 4922047.1567029040307
488774.75878223701147 4922047.3049422688782
488774.74564935301896 4922047.379016215913
488774.71922396298032 4922047.43460026104
488774.6531445250148 4922047.5643039904535
488774.66646895598387 4922047.6013066610321
488774.65324029902695 4922047.6198422992602
488774.64020319102565 4922047.749454558827
488774.61390550102806 4922047.8790896860883
488774.62726185598876 4922047.9346051281318
488774.57441108097555 4922048.0457732202485
488774.50826780498028 4922048.1384514104575
488774.49497529998189 4922048.1199615076184
488774.4552254829905 4922048.1385428812355
488774.41553951997776 4922048.1941497949883
488774.33623144199373 4922048.3423891635612
488774.29654548002873 4922048.3979960763827
488774.27005624497542 4922048.4165545850992
488774.20375334902201 4922048.416668927297
488774.13745044998359 4922048.4167832685634
488774.03136581298895 4922048.4169662157074
488773.92537695600186 4922048.472687474452
488773.9387013890082 4922048.5096901487559
488773.8987280880101 4922048.398682131432
488773.77938287297729 4922048.3988879518583
488773.71314382797573 4922048.4360278397799
488773.60702726402087 4922048.4176980257034
488773.55388916400261 4922048.3622511914
488773.48752240801696 4922048.3253399999812
488773.07618900301168 4922048.1779468115419
488772.81084968097275 4922048.1043531456962
488772.51927656802582 4922048.197420168668
488772.29387863999 4922048.2163217617199
488772.26738940901123 4922048.2348802760243
488772.30717114999425 4922048.2348116599023
488772.37360177299706 4922048.3087483812124
488772.34701675199904 4922048.2717685839161
488772.42651636997471 4922048.2346058115363
488772.49291506299051 4922048.2900297651067
488772.5059201969998 4922048.1419047303498
488772.5324094259995 4922048.1233462160453
488772.63862178899581 4922048.1972143249586
488772.79784453997854 4922048.2524781813845
488772.77103601198178 4922048.0859089912847
488772.77081250300398 4922047.9563195975497
488772.71757859899662 4922047.8453344590962
488772.69073813699652 4922047.6602525003254
488772.62449909100542 4922047.6973923975602
488772.61117465002462 4922047.6603897288442
488772.62437136902008 4922047.6233413172886
488772.79679085599491 4922047.6415567612275
488772.99585921998369 4922047.7337775453925
488773.0753907780163 4922047.7151275547221
488773.14169368200237 4922047.7150132032111
488773.19486372201936 4922047.7889728005975
488773.15514583699405 4922047.8260669540614
488773.32746952900197 4922047.7887440994382
488773.36760248302016 4922047.9923159619793
488773.3148794429726 4922048.1775351455435
488773.23560332000488 4922048.3442872995511
488773.16955585201504 4922048.4925038125366
488773.14313047897303 4922048.5480878651142
488772.97074294899357 4922048.5483851833269
488772.90447198098991 4922048.5670123072341
488772.97090259502875 4922048.6409490332007
488772.95780166302575 4922048.7335357554257
488772.97115802997723 4922048.7890511965379
488772.90482320502633 4922048.7706527812406
488772.94450915197376 4922048.7150458581746
488773.09034359501675 4922048.6962815104052
488773.14351362502202 4922048.770241108723
488773.0240406980156 4922048.6963958628476
488773.01071626099292 4922048.6593931913376
488773.15651877498021 4922048.622116073966
488773.09027973702177 4922048.6592559684068
488773.06382243701955 4922048.6963272513822
488772.99783883302007 4922048.8815693054348
488772.99790269101504 4922048.9185948474333
488773.05075342999771 4922048.8074267413467
488773.07724266097648 4922048.7888682307675
488772.98454632598441 4922048.863079406321
488773.03758863999974 4922048.8629879243672
488773.17016249900917 4922048.844246448949
488773.17029021400958 4922048.9182975301519
488773.15706156397937 4922048.9368331702426
488773.13057233497966 4922048.9553916836157
488773.22336445597466 4922048.9367188187316
488773.18361464998452 4922048.9553002025932
488773.27640677097952 4922048.9366273367777
488773.26324197801296 4922048.9921885179356
488773.19687522802269 4922048.9552773321047
488773.07721073197899 4922048.7703554611653
488773.02372140699299 4922048.5112681593746
488773.01014153502183 4922048.3261633263901
488772.9565564179793 4922048.0115377157927
488773.0224123109947 4922047.7522445777431
488773.10172036499716 4922047.6040051905438
488773.22119331097929 4922047.6778504420072
488773.31411316298181 4922047.7332286564633
488773.38028835697332 4922047.6590632265434
488773.47314435301814 4922047.6774159120396
488773.56600034900475 4922047.6957685919479
488773.57929285697173 4922047.7142584938556
488773.60571823600912 4922047.6586744422093
488773.59242572798394 4922047.6401845430955
488773.59242572798394 4922047.6401845430955
488773.61901074502384 4922047.677164346911
488773.93739239999559 4922047.7506665671244
488774.29590696899686 4922048.0277406722307
488774.62799612199888 4922048.3603988438845
488774.9334363869857 4922048.6190516846254
488775.20014835201437 4922049.4886945607141
488775.33495678601321 4922050.7658470524475
488775.52335013297852 4922052.3576251845807
488775.60502040700521 4922053.5793308364227
488775.59351554402383 4922054.5975560760126
488775.47621346497908 4922055.7825791779906
488775.39926772302715 4922057.3007635558024
488775.33558257500408 4922058.818925069645
488775.39063593000174 4922059.9851381545886
488775.40603529399959 4922061.225470921956
488775.51435427798424 4922062.5211819428951
488775.2381173199974 4922063.8175560766831
488775.13423564401455 4922065.0951201887801
488775.04393378901295 4922066.5577891478315
488775.0862373720156 4922068.0202294429764
488775.07556263898732 4922069.5197867508978
488774.90566573897377 4922070.9640801493078
488774.82846493297257 4922072.3341624047607
488774.93700732599245 4922073.7594628334045
488775.00522539200028 4922074.8701147641987
488775.04692239197902 4922075.9808124266565
488775.02250831300626 4922077.2027010554448
488775.01161015301477 4922078.5726689854637
488774.85459093900863 4922079.7947862846777
488774.6706676579779 4922080.7947960719466
488774.69891262002056 4922081.7944399835542
488774.61992419901071 4922082.1278070714325
488774.59321162797278 4922082.0167761798948
488774.59333932801383 4922082.090827264823
488774.62024344899692 4922082.3129347832873
488774.54151044099126 4922082.7944040428847
488774.33052354201209 4922083.4797424674034
488774.13330801599659 4922084.4612623704597
488773.8964387489832 4922085.5169019764289
488773.61950069997692 4922086.4059952599928
488773.36927530000685 4922087.4061194425449
488773.14573062100681 4922088.4987617526203
488772.9353826540173 4922089.5543556604534
488772.7116465389845 4922090.5359213612974
488772.46158109902171 4922091.6286094421521
488772.45004489197163 4922092.6283219791949
488772.37211046199081 4922093.5726105626673
488772.26794246397913 4922094.6835598368198
488772.09759982198011 4922095.868674566038
488771.96694288298022 4922096.9981823666021
488771.73058536701137 4922098.3500264212489
488771.6530981810065 4922099.5534938266501
488771.60238743998343 4922100.9050176618621
488771.69747802597703 4922102.2192643480375
488771.7260427059955 4922103.4040360013023
488771.6355186579749 4922104.7371156932786
488771.57148363697343 4922106.0516368700191
488771.49422011902789 4922107.3846936952323
488771.48335472098552 4922108.7731744712219
488771.37950648000697 4922110.0692515121773
488771.32857234799303 4922111.2911859666929
488771.33074390201364 4922112.5500544719398
488771.46523251401959 4922113.6420792872086
488771.44142603798537 4922115.2157106744125
488771.49686287698569 4922116.6040770970285
488771.7114888150245 4922118.0291945841163
488771.88610982400132 4922119.3247912926599
488772.11358090001158 4922120.5092198820785
488772.27468587999465 4922121.656737299636
488772.48924762301613 4922123.0448292791843
488772.87600321799982 4922124.3215473033488
488773.05091120302677 4922125.7837590100244
488773.18565469799796 4922127.0238860649988
488773.28084039798705 4922128.3936711419374
488773.27074098098092 4922130.2264585057274
488773.43226059997687 4922131.6146420137957
488773.50146815902553 4922133.2991899838671
488773.72935352899367 4922134.7242847019807
488773.86390515399398 4922135.8533351514488
488773.90604899800383 4922137.2232117336243
488773.98791015800089 4922138.5559941669926
488774.04321857099421 4922139.8703095708042
488774.01918811100768 4922141.3143516024575
488773.94224382401444 4922142.8325362028554
488773.87875152402557 4922144.461774581112
488773.80212659202516 4922146.1650869222358
488773.96383728197543 4922147.6643471186981
488773.87318572797813 4922148.9233757797629
488773.86225608299719 4922150.2748310947791
488773.61267172498628 4922151.645210839808
488773.66823554300936 4922153.1076284544542
488773.7774154979852 4922154.9031845135614
488773.81933576398296 4922156.1434717262164
488773.71596678398782 4922157.717240428552
488773.78463125001872 4922159.087071317248
488773.73379288497381 4922160.364544169046
488773.74912857200252 4922161.5678515806794
488773.96365680301096 4922162.9374309200794
488774.08542639500229 4922164.344195894897
488774.2069724460016 4922165.6213714610785
488774.2096862400067 4922167.1949572293088
488774.27838243998121 4922168.583300919272
488774.36005160398781 4922169.8050067806616
488774.34915384202031 4922171.1749749127775
488774.29889015300432 4922172.7856777179986
488774.23517460899893 4922174.2853267500177
488774.33010403602384 4922175.5070097511634
488774.26603731600335 4922176.8030182784423
488774.32144116901327 4922178.1728720832616
488774.33738333301153 4922179.7279222402722
488774.24743457901059 4922181.3942319927737
488774.1702034160262 4922182.7458017198369
488774.05287210200913 4922183.9123123204336
488773.88256348000141 4922185.1159399459139
488773.76580697199097 4922186.6156804878265
488773.70174048899207 4922187.911689043045
488773.57153220899636 4922189.3003758192062
488773.46746141597396 4922190.4668635688722
488773.29760009801248 4922191.9296700684354
488773.16780708602164 4922193.559022934176
488773.11703300802037 4922194.8735214089975
488773.05293480900582 4922196.1510172104463
488772.85604229202727 4922197.3176650824025
488772.69934577698587 4922198.7249104175717
488772.66189597302582 4922200.0764115853235
488772.62460584199289 4922201.5204766318202
488772.41496422298951 4922202.9833517968655
488772.1918389070197 4922204.3166604191065
488771.98203780601034 4922205.6869717305526
488771.73283924302086 4922207.2795049715787
488771.56304264301434 4922208.7793371062726
488771.27393581200158 4922210.2978878933936
488771.19667370402021 4922211.6309449449182
488771.07975864398759 4922213.0381217272952
488770.96242845698725 4922214.2046324405819
488770.81876945699332 4922215.4822655562311
488770.84720615699189 4922216.5929863164201
488770.75610911299009 4922217.592836308293
488770.49275682301959 4922218.6670347964391
488770.44185575202573 4922219.907482248731
488770.56273084302666 4922220.7958895750344
488770.59011362300953 4922221.2956887539476
488770.51144652400399 4922221.8141837213188
488770.33992592099821 4922222.3143260553479
488770.28726828302024 4922222.5365708656609
488770.28752379200887 4922222.6846730671823
488770.22163787600584 4922222.9254535334185
488770.19553263200214 4922223.1661653677002
488770.18249598302646 4922223.2957776719704
488770.16949127201224 4922223.4439027542248
488770.16977872297866 4922223.6105177327991
488770.16984260099707 4922223.6475432831794
488770.23623953200877 4922223.70296722278
488770.16993841901422 4922223.7030816087499
488770.15680595202139 4922223.777155588381
488770.18323058000533 4922223.7215715069324
488770.15677401301218 4922223.7586428122595
488770.1303174479981 4922223.7957141175866
488770.10392475797562 4922223.8698109732941
488770.03791110299062 4922224.0365403387696
488769.97176969202701 4922224.129218602553
488769.95847753097769 4922224.1107287062332
488769.95844559097895 4922224.0922159282491
488769.86565597902518 4922224.1108888499439
488769.86562403902644 4922224.0923760719597
488769.83919941500062 4922224.147960155271
488769.83903971500695 4922224.0553962793201
488769.83891195501201 4922223.9813451766968
488769.79919516900554 4922224.0184393618256
488769.78587106702616 4922223.981436688453
488769.81219987000804 4922223.8703142795712
488769.81210405001184 4922223.8147759530693
488769.78551972500281 4922223.7777961585671
488769.75893540098332 4922223.7408163622022
488769.74577099899761 4922223.7963775666431
488769.70595839101588 4922223.7779334271327
488769.69304951297818 4922223.9815968340263
488769.5605750560062 4922224.055876718834
488769.42790895502549 4922224.0190799534321
488769.30840725102462 4922223.9267219826579
488769.22871815098915 4922223.8528081560507
488769.14912487502443 4922223.8344326531515
488769.04297921201214 4922223.7975901374593
488768.91028116201051 4922223.7422806071118
488768.85714444197947 4922223.6868337988853
488768.73764272400877 4922223.5944758411497
488768.61804517201381 4922223.4465795606375
488768.5514565630001 4922223.280078982003
488768.44518311199499 4922223.1691853739321
488768.3654620500165 4922223.0767587833107
488768.33878188097151 4922222.9842406678945
488768.28561320598237 4922222.9102810891345
488768.21928014198784 4922222.8918827176094
488768.1794036339852 4922222.8364130351692
488768.16607952001505 4922222.7994103664532
488768.1659517409862 4922222.7253592647612
488768.15262762899511 4922222.6883565932512
488768.09952284098836 4922222.6514225685969
488768.08616677997634 4922222.5959071246907
488768.09936311701313 4922222.558858692646
488768.08610289002536 4922222.558881573379
488768.05958244000794 4922222.5589273367077
488768.04644999699667 4922222.6330013182014
488768.03328560700174 4922222.6885625254363
488768.03338144300506 4922222.7441008538008
488767.99366465798812 4922222.7811950491741
488768.02021705399966 4922222.7996620610356
488768.02018510800553 4922222.7811492858455
488768.02031288901344 4922222.8552003875375
488768.00721239100676 4922222.9477871451527
488767.98078777699266 4922223.0033712349832
488767.98075583198806 4922222.984858459793
488767.96752755297348 4922223.0033941166475
488767.9675914439722 4922223.0404196670279
488767.96765533398138 4922223.0774452183396
488767.9677192249801 4922223.1144707696512
488767.99433550797403 4922223.1699633309618
488767.99439939897275 4922223.2069888813421
488768.06070051598363 4922223.2068744748831
488768.11374141200213 4922223.2067829491571
488768.12700163497357 4922223.206760068424
488768.12709746998735 4922223.2622983949259
488768.1933666410041 4922223.243671214208
488768.29932065401226 4922223.1694370629266
488768.33910132298479 4922223.1693684197962
488768.36562176997541 4922223.1693226583302
488768.37891393702012 4922223.1878125537187
488768.37885004898999 4922223.150787002407
488768.40533855400281 4922223.1322284666821
488768.47151189600118 4922223.058062961325
488768.52445696102222 4922223.0024331137538
488768.57743397098966 4922222.9653160404414
488768.5906622519833 4922222.9467803854495
488768.63041097897803 4922222.928198969923
488768.68335604702588 4922222.8725691214204
488768.76285350398393 4922222.8354062903672
488768.89535992097808 4922222.7796391667798
488768.89535992097808 4922222.7796391667798
488768.84238290798385 4922222.8167562363669
488768.78934201202355 4922222.8168477555737
488768.76294933300233 4922222.8909446159378
488768.72336032101884 4922223.0020899092779
488768.68377131002489 4922223.1132352026179
488768.63092207402224 4922223.2244033748284
488768.64424618298654 4922223.2614060463384
488768.57797701202799 4922223.280033220537
488768.53819634002866 4922223.2801018618047
488768.52500000497093 4922223.3171502938494
488768.51180366898188 4922223.3541987258941
488768.48544294299791 4922223.4468083642423
488768.49886288400739 4922223.5393493603915
488768.51225088199135 4922223.6133775822818
488768.56532371498179 4922223.6317988345399
488768.56548343301984 4922223.7243627123535
488768.5920997110079 4922223.7798552792519
488768.55244681600016 4922223.8539750222117
488768.45991275599226 4922224.0207501640543
488768.4601044189767 4922224.1318268151954
488768.42048347502714 4922224.2244593342766
488768.43380758399144 4922224.2614620057866
488768.43377563997637 4922224.2429492296651
488768.43387147202156 4922224.2984875543043
488768.4338395280065 4922224.2799747800454
488768.42054736398859 4922224.2614848874509
488768.39415469701635 4922224.335581750609
488768.36766619799891 4922224.3541402863339
488768.36760230897926 4922224.3171147359535
488768.35437403200194 4922224.335650392808
488768.32769386802102 4922224.2431322764605
488768.34076242399169 4922224.1320327427238
488768.32753414701438 4922224.150568398647
488768.28781736997189 4922224.1876625912264
488768.31424198200693 4922224.1320785041898
488768.31421003799187 4922224.113565729931
488768.32750220299931 4922224.1320556234568
488768.32737442501821 4922224.0580045226961
488768.35376709199045 4922223.9839076586068
488768.95076456398237 4922224.1494930265471
488769.29636080702767 4922224.6302303289995
488769.6148935679812 4922224.7962962230667
488769.89243194001028 4922224.2589452983811
488769.97199326899135 4922224.2588080316782
488769.94531312800245 4922224.1662899088115
488769.94537700701039 4922224.2033154591918
488769.9187926860177 4922224.1663356637582
488769.93198902701261 4922224.1292872363701
488769.94512148998911 4922224.0552132576704
488769.93170156900305 4922223.9626722568646
488769.918345529004 4922223.9071568092331
488769.86517687997548 4922223.833197215572
488769.90486172598321 4922223.7775902589783
488769.90463814797113 4922223.6480008307844
488769.91773867397569 4922223.5554140741006
488770.03692098101601 4922223.4626443004236
488770.12958284700289 4922223.3699202816933
488770.36788360198261 4922223.1473551923409
488770.20876091899117 4922223.1476297145709
488770.18211271497421 4922223.073624368757
488770.12932733399794 4922223.2218180792406
488770.10267912800191 4922223.147812731564
488769.9434606260038 4922223.0925489356741
488769.96982137602754 4922222.9999393038452
488770.00934653298464 4922222.851768469438
488770.04896750702756 4922222.7591359587386
488770.12859273300273 4922222.7960242461413
488770.15492154698586 4922222.6849018372595
488770.18118648399832 4922222.5367538817227
488770.15437858202495 4922222.3701846562326
488770.23374830198009 4922222.2589707439765
488770.2335566689726 4922222.1478940900415
488770.25982160901185 4922221.999746135436
488770.25962997600436 4922221.8886694805697
488770.28589491901221 4922221.7405215259641
488770.27244306000648 4922221.6294677490368
488770.49738784501096 4922221.3513872157782
488771.02766919101123 4922221.2764210794121
488771.21350399201037 4922221.3871774794534
488771.17372331197839 4922221.387246103026
488771.0543493279838 4922221.3689392041415
488771.10729442897718 4922221.313309378922
488771.01437702699332 4922221.257931179367
488770.80246888502734 4922221.4063993906602
488770.96181516797515 4922221.5357143124565
488771.01482414000202 4922221.5171100329608
488770.94868268800201 4922221.6097882883623
488771.08093365700915 4922221.4059190042317
488771.1998605330009 4922221.1650470476598
488771.37166865199106 4922220.8315197201446
488771.54338098497828 4922220.4424540717155
488771.78107514197472 4922219.8681463031098
488771.41173675598111 4922220.9980660732836
488771.02917021099711 4922222.1465215198696
488770.35548571799882 4922223.6472230060026
488769.86750849400414 4922225.1846298258752
488769.55165878799744 4922226.5736370589584
488769.71113273099763 4922226.7770030507818
488769.55373494297964 4922227.7769674686715
488769.26459750399226 4922229.2770056184381
488768.88254291599151 4922230.7216656180099
488768.40690040198388 4922231.7221791902557
488767.94490158499684 4922232.9448232250288
488767.57658690802054 4922234.6671520648524
488767.16833209997276 4922236.2969856979325
488766.70716451801127 4922238.0009620040655
488766.24535817402648 4922239.3346828315407
488766.10019899200415 4922239.7422156389803
488766.1536551109748 4922239.9827901832759
488766.12783764797496 4922240.3901170240715
488765.86448706098599 4922241.4643157403916
488765.58864323300077 4922242.9828439811245
488765.45875737402821 4922244.5566588072106
488765.1038000669796 4922246.3345032623038
488764.77424488699762 4922247.4643548000604
488764.3922562940279 4922248.9460406573489
488764.12970525899436 4922250.4830588661134
488763.86686673801159 4922251.853462102823
488763.51146285497816 4922253.372127795592
488763.19580765900901 4922254.8722120644525
488762.95977746398421 4922256.4091845508665
488762.67035520402715 4922257.7426080815494
488762.36773683800129 4922259.1130800722167
488762.03885400400031 4922260.6317000780255
488761.70993936498417 4922262.1318073328584
488761.368116343976 4922263.8355780411512
488761.13173530198401 4922265.1689100749791
488760.85560591798276 4922266.5208235839382
488760.60631657997146 4922268.0578190842643
488760.43671600701055 4922269.6687283208594
488760.34658036998007 4922271.2239618496969
488760.17685207800241 4922272.7608199948445
488759.95427519700024 4922274.4088464006782
488759.75802684901282 4922275.9457503603771
488759.41665266902419 4922277.908700090833
488759.1675879189861 4922279.575285111554
488758.95833558600862 4922281.2603142252192
488758.69604295602767 4922282.9454349512234
488758.52641128899995 4922284.5378315001726
488758.42314413102577 4922286.1671391064301
488758.28022464300739 4922287.8705665292218
488758.08400908799376 4922289.4259833516553
488757.8877296790015 4922290.9443746292964
488757.77110678399913 4922292.5181668316945
488757.60150758002419 4922294.1290762061253
488757.39241602201946 4922295.9066692963243
488757.22281700500753 4922297.5175786921754
488756.98701366299065 4922299.1841409467161
488756.86994345398853 4922300.4987542983145
488756.58042851497885 4922301.7766398638487
488756.38402192702051 4922303.2209801059216
488756.22723570698872 4922304.5726877488196
488756.11054951301776 4922306.1094544641674
488755.9541152039892 4922307.6648026769981
488755.7974890859914 4922309.1090742312372
488755.58807870798046 4922310.7015396449715
488755.53762903099414 4922312.2011662898585
488755.50047140201787 4922313.7192828124389
488755.40998580900487 4922315.0708759613335
488755.46555251599057 4922316.5332938032225
488755.26885879802285 4922317.8110191086307
488755.15185325901257 4922319.1626580879092
488754.98183965001954 4922320.5329014854506
488754.86473827302689 4922321.8290021410212
488754.68191255501006 4922323.4584473548457
488754.57800734002376 4922324.7174995588139
488754.46068222797476 4922325.8840107806027
488754.35632930602878 4922326.8838840899989
488754.29063696297817 4922327.2357414318249
488754.27740893798182 4922327.2542771203443
488754.22440087597352 4922327.2728815367445
488754.27801665797597 4922327.6060199104249
488754.15995598601876 4922328.3467372376472
488754.09490338497562 4922329.0688501512632
488754.12209510197863 4922329.457572678104
488754.01540730899433 4922329.1060131704435
488753.94913925498258 4922329.1246405020356
488753.85631920100423 4922329.1248008767143
488753.96281508600805 4922329.3652837118134
488754.49295950098895 4922329.216265084222
488755.0103236809955 4922329.3449610862881
488755.16963566699997 4922329.4557628566399
488755.48793980199844 4922329.492238628678
488755.48803574801423 4922329.5477769635618
488755.88599586300552 4922329.6396536491811
488756.23088395700324 4922329.713109199889
488756.23091593699064 4922329.7316219788045
488755.74013578699669 4922329.6399056240916
488755.39534362999257 4922329.6219884306192
488754.93114744097693 4922329.5672518778592
488754.54647930100327 4922329.4938651230186
488753.47190692299046 4922329.199516412802
488752.8749186740024 4922329.0339324492961
488752.26470237597823 4922328.8868842376396
488751.98608224297641 4922328.7948015443981
488751.74714614701224 4922328.6471117828041
488751.62764610402519 4922328.5547541258857
488751.85297027998604 4922328.4988262346014
488752.44986263598548 4922328.6088717663661
488753.77672716800589 4922329.1064255619422
488755.5539520040038 4922329.3255090853199
488755.89848833199358 4922329.1953240577132
488756.36236474697944 4922329.0649328939617
488756.95957674802048 4922329.3601066237316
488757.14531278202776 4922329.4153242995963
488757.34430881997105 4922329.4705190779641
488757.42386886302847 4922329.4703816557303
488757.43706491799094 4922329.4333331948146
488757.50342890602769 4922329.4702442362905
488757.49026482598856 4922329.525805474259
488757.41089664399624 4922329.6370195699856
488757.35792056901846 4922329.6741367373616
488757.23864446301013 4922329.7113684304059
488756.86777999001788 4922329.9526758678257
488756.7354997129878 4922330.1380327008665
488756.57631568599027 4922330.1012820005417
488756.53637577098561 4922330.0087868273258
488756.41677988501033 4922329.8608907479793
488756.32376796199242 4922329.7499744156376
488756.12515568500385 4922329.9169330112636
488755.95312738901703 4922330.1208713576198
488755.76764721400104 4922330.2137559410185
488755.60862309299409 4922330.2695691632107
488755.39652696897974 4922330.3069612355903
488755.15787885297323 4922330.3258863566443
488755.02534276701044 4922330.3631409956142
488754.89255081000738 4922330.252293410711
488754.71991486498155 4922330.1044889939949
488754.5340828759945 4922329.993733054027
488754.29521085502347 4922329.8830687562004
488754.20232684002258 4922329.8462035674602
488754.17596675700042 4922329.9388132793829
488754.17606271401746 4922329.9943516161293
488754.0833066420164 4922330.0315375430509
488753.96409453399247 4922330.1057948498055
488753.75180649198592 4922330.0321103073657
488753.5792025019764 4922329.9028187030926
488753.43318249599542 4922329.8105068374425
488753.38011048099725 4922329.792085705325
488753.2871624819818 4922329.718194976449
488753.28703453001799 4922329.6441438635811
488753.2208304629894 4922329.6997967539355
488753.15449844102841 4922329.68139853701
488753.06180634902557 4922329.7556100366637
488753.04851435299497 4922329.7371201729402
488752.98234227497596 4922329.811285847798
488752.88974615500774 4922329.9410356851295
488752.78302631498082 4922329.5709634171799
488752.82251843198901 4922329.4042796706781
488752.92843854398234 4922329.3115324778482
488752.96805861999746 4922329.2188998488709
488753.00780665600905 4922329.2003183327615
488752.96809060900705 4922329.2374126249924
488752.88856255298015 4922329.2560628801584
488752.88856255298015 4922329.2560628801584
488752.84881452098489 4922329.2746443971992
488752.83581042801961 4922329.4227695371956
488752.88888244499685 4922329.4411906646565
488752.95595021999907 4922329.8853827873245
488752.98416564898798 4922330.8665142245591
488752.86671298200963 4922331.9589743716642
488752.57694433798315 4922333.0887579545379
488752.27423570799874 4922334.4036922538653
488751.81275918497704 4922335.9225421110168
488751.29805095202755 4922337.3304069964215
488750.74346699297894 4922338.6828023409471
488750.06976737699006 4922340.1649934509769
488749.32983215502463 4922341.6843247963116
488748.68255712802056 4922343.1109318835661
488747.98249850800494 4922344.6857329616323
488747.41494394297479 4922346.2047665426508
488746.6882379950257 4922347.7055624993518
488746.02776820398867 4922349.1692183492705
488745.5263542580069 4922350.5955735780299
488745.03820049500791 4922352.0219059195369
488744.58941065199906 4922353.2075033811852
488744.07483342202613 4922354.689419997856
488743.62604394298978 4922355.8750175349414
488743.27100277302088 4922357.5973251769319
488742.86138513998594 4922358.4311111634597
488742.3071569679887 4922359.9871478527784
488741.87207641301211 4922361.4319014959037
488741.50313563901 4922362.7839765958488
488741.09457532700617 4922364.228684428148
488740.77889878099086 4922365.7102572834119
488740.50306621898199 4922367.2287869052961
488740.16080604697345 4922368.6733801169321
488739.67278294399148 4922370.1737640248612
488739.18485615501413 4922371.7296863151714
488738.77536806301214 4922372.6375236967579
488738.49457152298419 4922371.2865725560114
488737.97858771798201 4922371.9539273930714
488737.46359706297517 4922373.1951784454286
488737.01442565902835 4922374.1586231151596
488736.65756121400045 4922374.8257027203217
488736.57905891898554 4922375.4367621317506
488736.50036441802513 4922375.9367448640987
488736.50055663601961 4922376.0478215413168
488736.50071681797272 4922376.140385444276
488736.63325186597649 4922376.1031304243952
488736.60676407901337 4922376.1216890951619
488736.62002399098128 4922376.1216661492363
488736.51432913000463 4922376.3440030766651
488736.52762107702438 4922376.3624929124489
488736.51445727498503 4922376.4180541960523
488736.59369638300268 4922376.2327887210995
488736.77760523097822 4922375.2327773626894
488736.81834603502648 4922375.7880919203162
488736.77907886699541 4922376.0843652365729
488736.7392030209885 4922376.0288957348093
488736.71245894697495 4922375.899352167733
488736.65922708000289 4922375.7883672695607
488736.6458390239859 4922375.7143390988931
488736.64542255701963 4922375.4736729608849
488736.63238689501304 4922375.6032853666693
488736.63289946998702 4922375.8994898432866
488736.63315575802699 4922376.0475920801982
488736.56688823300647 4922376.0662195915356
488736.51423302100739 4922376.2884647361934
488736.52810162102105 4922376.6401846092194
488736.56868225801736 4922377.1029352676123
488736.66230252600508 4922377.5655941432342
488736.76889437198406 4922377.861615056172
488736.68987952900352 4922378.1764699872583
488736.71716820198344 4922378.6207308154553
488736.6384096579859 4922379.0836879899725
488736.37372412299737 4922379.3803513944149
488736.28154552500928 4922379.7507676212117
488736.24240655399626 4922380.1210920605808
488736.17626721900888 4922380.213770695962
488736.00472145201638 4922380.6954012876377
488735.92557853099424 4922380.9362051161006
488735.97913074598182 4922381.2323178034276
488736.09923876199173 4922381.6764180008322
488736.01987158501288 4922381.7876323629171
488735.88772111199796 4922382.0470407567918
488735.62319592700806 4922382.4362680958584
488735.4775292709819 4922382.547597207129
488735.67655591201037 4922382.621304105036
488735.83561062399531 4922382.5840031709522
488735.92859010701068 4922382.6764064384624
488736.00792523199925 4922382.5466792937368
488736.08729240199318 4922382.4354649297893
488736.11406850197818 4922382.5835212767124
488736.23372796498006 4922382.7684425525367
488736.27347562200157 4922382.7498609330505
488736.37923444400076 4922382.5645495606586
488736.47218188398983 4922382.6384400548413
488736.45898605801631 4922382.6754885623232
488736.44595041498542 4922382.8051009690389
488736.48531363601796 4922382.5643659904599
488736.49857353698462 4922382.5643430426717
488736.51122474501608 4922382.2125772740692
488736.52442057197914 4922382.17552876845
488736.53742418001639 4922382.0274035809562
488736.65647495700978 4922381.8605820462108
488736.8285333099775 4922381.6751559507102
488736.73548975400627 4922381.5457271095365
488736.68212979199598 4922381.3606910929084
488736.8402234740206 4922380.7680067820475
488737.54274205199908 4922380.6186884632334
488737.71537705202354 4922380.7664924319834
488737.9818243610207 4922381.4880319833755
488738.24900833499851 4922382.6353654880077
488738.46276825899258 4922383.5606374116614
488738.68975598999532 4922384.4673736225814
488738.99716780899325 4922385.8738172594458
488739.2515719649964 4922387.2988654542714
488739.5725636970019 4922388.890413983725
488739.61394473502878 4922389.8159841774032
488739.88087187201018 4922390.8152155186981
488740.22735821001697 4922391.8143092412502
488740.60116481699515 4922393.2761766156182
488741.04120658402098 4922394.7009037686512
488741.45488852798007 4922396.2182407286018
488741.90876616101013 4922397.9761750595644
488742.11061007302487 4922399.679006841965
488742.4446682530106 4922401.1594559261575
488742.99162042699754 4922403.0653320532292
488743.48527673800709 4922404.8231977093965
488744.0314279270242 4922406.2662544129416
488744.37842504499713 4922407.5615528682247
488744.60624348302372 4922408.9496216187254
488744.80763818102423 4922410.3932745819911
488745.11565571301617 4922412.1514613972977
488745.2772386840079 4922413.5766703886911
488745.44039013999281 4922415.9090056540444
488745.62868467200315 4922417.4452454922721
488745.87001841398887 4922418.9813936287537
488746.00508141500177 4922420.4066485036165
488746.17829133797204 4922420.8876827638596
488746.2858423179714 4922421.7390872873366
488746.50027202197816 4922423.0531279342249
488746.76841305202106 4922424.7558452952653
488747.08927311899606 4922426.2733431607485
488747.34332190500572 4922427.4947511646897
488747.66421371098841 4922429.0307618435472
488747.98491334001301 4922430.4556958535686
488748.06655240897089 4922431.6588891120628
488748.37392802198883 4922433.0468205083162
488748.82703322399175 4922434.360448657535
488749.25339465698926 4922435.5445332098752
488749.62793276802404 4922437.4321951754391
488749.90917219902622 4922439.0423258719966
488750.09820099698845 4922441.0043598730117
488750.36614838801324 4922442.5960007365793
488750.54124523699284 4922444.1692892601714
488750.71646998898359 4922445.8166289161891
488750.9445417500101 4922447.3528002249077
488751.17203748499742 4922448.5557414693758
488751.49263942299876 4922449.9251373456791
488751.95916256197961 4922451.3313067369163
488752.41248973098118 4922452.7745246468112
488752.90537202300038 4922454.0880843745545
488753.5045240559848 4922455.512537538074
488754.17016648798017 4922457.0479529034346
488754.87542791600572 4922458.49073569756
488755.62037230702117 4922459.8779115015641
488756.32473764498718 4922460.8023365503177
488756.9234406100004 4922461.9676110921428
488757.46920035599032 4922463.1885156491771
488758.05467514198972 4922464.3723259810358
488758.33472827798687 4922465.2974841557443
488758.57433068501996 4922465.8339426126331
488758.8532326319837 4922466.0926406402141
488758.99966516799759 4922466.4256188170984
488759.0798310249811 4922466.7772242799401
488759.14635346998693 4922466.9066992551088
488759.08015075500589 4922466.9623521054164
488759.06698694598163 4922467.0179133526981
488759.13271006802097 4922466.6845687674358
488759.01369225402595 4922466.8699026973918
488759.0008481789846 4922467.1105917692184
488759.00100804597605 4922467.2031556833535
488758.86879446200328 4922467.4255380816758
488758.8025278080022 4922467.4441653685644
488758.78933202999178 4922467.4812138359994
488758.66980264900485 4922467.3703432511538
488758.65667082002619 4922467.4444172838703
488758.56369286502013 4922467.3520136829466
488758.60375981399557 4922467.5185600193217
488758.49758608301636 4922467.463204885833
488758.45790282898815 4922467.5188119383529
488758.41805970197311 4922467.481855080463
488758.68366988399066 4922467.7220632210374
488758.5771124640014 4922467.4445546930656
488758.71002946601948 4922467.6294535044581
488758.73734826798318 4922468.0922272652388
488759.24198514799355 4922468.5356638189405
488759.4281967789866 4922468.8685733033344
488759.69406264001736 4922469.2568837441504
488760.25244158698479 4922470.107509996742
488760.87826982798288 4922471.6244819881395
488761.26471964898519 4922472.734584948048
488761.58544616302243 4922474.1780325006694
488762.17210190201877 4922476.0468161841854
488762.21379887999501 4922477.1575144706294
488762.02969729999313 4922478.0464485697448
488761.76482287002727 4922478.2320342985913
488761.69846041698474 4922478.1951232077554
488761.69820469198748 4922478.0470209429041
488761.65823378099594 4922477.936012933962
488761.61816697497852 4922477.7694665733725
488761.61784731602529 4922477.5843387432396
488761.61762355401879 4922477.454749263823
488761.65721087501151 4922477.3436038820073
488761.73692893900443 4922477.4360304232687
488761.7897120389971 4922477.2878365805373
488761.77626054099528 4922477.1767827784643
488761.78923255798873 4922477.0101448390633
488761.88189067697385 4922476.9174206592143
488761.94790152501082 4922476.7506911382079
488762.05394721898483 4922476.7319952016696
488762.14657338202232 4922476.6207582401112
488762.25242729100864 4922476.4909856077284
488762.29214248602511 4922476.4538913583383
488762.29201462998753 4922476.379840226844
488762.34486167901196 4922476.2686719559133
488762.3578656759928 4922476.1205467991531
488762.33118644100614 4922476.0280286716297
488762.37083770998288 4922475.9539088597521
488762.39719730900833 4922475.8612991590053
488762.42362083500484 4922475.8057150216773
488762.41036112600705 4922475.8057379154488
488762.34412651101593 4922475.842877949588
488762.30431541800499 4922475.8244338491932
488762.30421952600591 4922475.7688955003396
488762.27763618098106 4922475.7319157244638
488762.19810988998506 4922475.7505658697337
488762.14497516100528 4922475.6951191006228
488762.14491123199696 4922475.6580935362726
488762.10519603197463 4922475.6951877847314
488762.11839181301184 4922475.6581393256783
488762.09193632297684 4922475.6952106794342
488761.99921425402863 4922475.7509092865512
488761.91968796297442 4922475.7695594383404
488761.8269019650179 4922475.7882324866951
488761.73417989898007 4922475.8439311012626
488761.65481343900319 4922475.9551451718435
488761.57535108801676 4922476.0108208917081
488761.50902057799976 4922475.9924225863069
488761.44275400001789 4922476.0110498480499
