488875.03202995797619 4922487.4419657094404
488874.8864265740267 4922487.5903172846884
488874.36999507300789 4922487.9984824601561
488873.99923026998295 4922488.2953216424212
488873.93312173400773 4922488.4065116746351
488873.81397447001655 4922488.5177923738956
488873.82726579898736 4922488.5362824928015
488873.81416435097344 4922488.6288690734655
488873.68197894201148 4922488.8697619251907
488873.43036146397935 4922489.0553204389289
488873.44371608900838 4922489.110836122185
488873.17902883898932 4922489.4074940122664
488873.04668522300199 4922489.5558229610324
488872.91412006597966 4922489.5745624294505
488872.94060777901905 4922489.5560043090954
488872.8743410250172 4922489.5746304355562
488872.76813698100159 4922489.5007606549188
488872.66196458501508 4922489.4454036569223
488872.64848335401621 4922489.3158368458971
488872.42341693397611 4922489.5198628418148
488872.29119994299253 4922489.7422429407015
488872.10591258999193 4922489.9462009388953
488871.94708130200161 4922490.1130880340934
488872.05325369298225 4922490.1684450209141
488872.11942548397928 4922490.0942805353552
488872.5166461559711 4922489.7603703355417
488872.78145996201783 4922489.5377635518089
488873.01978607301135 4922489.333714899607
488873.27172001102008 4922489.3332842020318
488873.41729167097947 4922489.1664198059589
488873.76163197401911 4922488.9251642702147
488874.00008472299669 4922488.7951667886227
488874.10606724099489 4922488.7394471075386
488874.23891722899862 4922488.887322710827
488874.3055320950225 4922489.0723372111097
488874.38521676498931 4922489.1462523490191
488874.37186214799294 4922489.0907366648316
488874.43812890897971 4922489.0721105532721
488874.55746604502201 4922489.0719065628946
488874.35914043901721 4922489.4054766455665
488874.58455501199933 4922489.405091330409
488874.86272351501975 4922489.2380003137514
488875.28662195801735 4922488.9966088747606
488875.37959794298513 4922489.0890141418204
488875.36599019402638 4922488.8853961918503
488875.47206764901057 4922488.8852148829028
488875.73713472200325 4922488.8107104832307
488875.975872281997 4922488.8473281208426
488876.16134962998331 4922488.7544469311833
488876.17505227500806 4922489.0136032318696
488875.95055526902433 4922489.5508592063561
488875.87121867202222 4922489.6805846644565
488875.67263988399645 4922489.866052441299
488875.72564696398331 4922489.8474490037188
488875.9376436379971 4922489.7545224837959
488876.17628624301869 4922489.7356017781422
488876.21635004301788 4922489.9021488390863
488876.48132216499653 4922489.7721061212942
488876.58749452297343 4922489.8274631807581
488876.75990200199885 4922489.8456813683733
488876.75977544800844 4922489.7716302359477
488877.35557522100862 4922489.2522525927052
488878.30951304698829 4922488.8063143668696
488879.40949730301509 4922488.4712037695572
488880.4559685169952 4922487.8584922226146
488881.48974949098192 4922487.5790335908532
488882.61628510901937 4922487.2623910149559
488883.43768996401923 4922486.8537056008354
488884.23273363197222 4922486.5376294981688
488885.01467576500727 4922486.3141400525346
488885.80987764097517 4922486.0906280558556
488886.79036749299848 4922485.6631585760042
488887.69117290701251 4922485.1617739424109
488888.68517554999562 4922484.8823843747377
488889.79867349902634 4922484.6953551620245
488890.85929074202431 4922484.6009805863723
488891.94623782200506 4922484.3954842230305
488893.12612917798106 4922484.263880780898
488894.30592581798555 4922484.0767392041162
488895.36663797998335 4922484.0379037121311
488896.73159668699373 4922483.572754108347
488898.24298061098671 4922483.4405860975385
488899.68803455401212 4922483.2900187270716
488900.97397224098677 4922483.1397230112925
488902.25987842300674 4922482.9709147671238
488903.4001489719958 4922482.9319449290633
488904.73896779702045 4922482.6889956202358
488906.2238326909719 4922482.5568746682256
488907.49670028302353 4922482.5176795423031
488909.04742209299002 4922482.1262672841549
488910.43956396001158 4922482.0498438123614
488911.93800419097533 4922482.1028294051066
488913.23707594699226 4922481.8784623956308
488914.6156744370237 4922481.6354473559186
488915.96775363798952 4922481.3924777740613
488917.20030651602428 4922481.0386349763721
488918.39317499502795 4922480.7403984963894
488919.78490755200619 4922480.4233108460903
488921.30923723900924 4922480.1059977896512
488922.80723671702435 4922479.8998069241643
488924.08019942801911 4922479.9161533908918
488925.26028122997377 4922479.8956324746832
488926.6387230969849 4922479.5600560698658
488927.97757495898986 4922479.3356243260205
488929.11759436799912 4922479.1485567353666
488930.35027432302013 4922478.8687675632536
488931.37079914199421 4922478.5893394201994
488932.55018864898011 4922478.161538601853
488933.61058721301379 4922477.937581518665
488934.76355199702084 4922477.5653645424172
488935.91645396902459 4922477.156122202985
488937.13549728301587 4922476.6542034689337
488938.27513985801488 4922476.2449840893969
488939.38741373101948 4922475.3359648399055
488940.50025414401898 4922474.7601758744568
488941.65252789499937 4922473.9806789010763
488942.8044559659902 4922472.9975415272638
488944.19490204000613 4922471.9214350162074
488945.29426363902166 4922471.216079919599
488946.41979907202767 4922470.3070393614471
488947.70448290900094 4922469.416241588071
488948.90982879401417 4922468.6551686273888
488949.84963473601965 4922467.6909055188298
488950.85636814101599 4922467.0967856468633
488951.8760472110007 4922466.3175155995414
488953.08148842101218 4922465.6119817653671
488954.37987367197638 4922464.980341764167
488955.20109732897254 4922464.4605887411162
488956.27387908799574 4922463.7182549480349
488957.43951063998975 4922462.9942766400054
488958.56539465102833 4922462.2888788087294
488959.55874433601275 4922461.6207316564396
488960.45921325800009 4922460.9157165214419
488961.49224837799557 4922460.1919638495892
488962.76364513701992 4922459.2826787736267
488963.8498453060165 4922458.6328876633197
488964.96269073098665 4922458.0571029037237
488966.04911101597827 4922457.5369016388431
488967.22828693501651 4922456.9795176582411
488968.57987115299329 4922456.4403545055538
488969.81211785599589 4922455.9013938810676
488971.01806485501584 4922455.4920679051429
488972.39616919500986 4922454.9528606133536
488973.69496615399839 4922454.5618906524032
488974.88777932402445 4922454.2266389830038
488975.96141162200365 4922453.9841535715386
488976.94210031698458 4922453.6677744062617
488978.06864639598643 4922453.3511483874172
488979.1949104659725 4922452.8679075250402
488980.36076590901939 4922452.2735228165984
488981.72542390401941 4922451.6232632650062
488983.15631829499034 4922450.9358662134036
488984.37533881398849 4922450.4154435805976
488985.8725012249779 4922449.7094221413136
488987.26367983297678 4922449.0591188780963
488988.31079391401727 4922448.8166803782806
488989.60915460000979 4922448.1665346538648
488991.0002712829737 4922447.4792066281661
488992.28556059801485 4922446.940160558559
488993.54426797502674 4922446.36413402576
488994.85617116099456 4922445.8805819666013
488996.06224677397404 4922445.5453117676079
488997.51994520000881 4922445.0244880886748
488998.91121983900666 4922444.4297256674618
489000.30236958502792 4922443.7609124174342
489001.56101571698673 4922443.1478618783876
489002.88596096500987 4922442.5346995638683
489004.10492206999334 4922441.9772550724447
489005.12523689697264 4922441.5682490514591
489006.17232156801037 4922441.307300651446
489007.65663510601735 4922440.8419727999717
489009.02161082997918 4922440.3768468089402
489010.49232116300846 4922439.7079013986513
489011.84372500801692 4922439.05767057091
489013.22174243698828 4922438.4629336055368
489014.6527367689996 4922437.8310818504542
489015.64647084398894 4922437.3850966822356
489016.71957634197315 4922436.8279007188976
489017.81951396499062 4922436.4557880042121
489018.90656673302874 4922436.3058512266725
489020.17891305900412 4922435.9519608682021
489020.82845536398236 4922435.8397881537676
489021.23900920397136 4922435.5428902767599
489021.46414459700463 4922435.375895017758
489021.54364088602597 4922435.3387352582067
489021.54342230298789 4922435.2091457881033
489021.53013128699968 4922435.1906553711742
489021.56984820601065 4922435.1535627115518
489021.59630533802556 4922435.1164924185723
489021.56975452799816 4922435.0980243673548
489021.52991270401981 4922435.0610659010708
489021.47684231202584 4922435.0426425822079
489021.50336189498194 4922435.0425978498533
489021.49016455799574 4922435.0796457808465
489021.50345557398396 4922435.098136195913
489021.49032068997622 4922435.1722096884623
489021.47715457598679 4922435.2277703993022
489021.4639260119875 4922435.2463055467233
489021.43743765697582 4922435.2648630607873
489021.37116992997471 4922435.2834876701236
489021.34458789601922 4922435.2465068418533
489021.33129687799374 4922435.2280164258555
489021.31800586200552 4922435.2095260098577
489021.33114074397599 4922435.1354525182396
489021.33110951801063 4922435.1169397374615
489021.55630737997126 4922434.9869700418785
489022.09980269800872 4922434.8934891633689
489023.05407057201955 4922434.6327000362799
489024.23356768197846 4922434.2604542309418
489025.41322100401158 4922433.9807725502178
489026.60619664302794 4922433.7380942879245
489027.98474707501009 4922433.4580777445808
489029.33668442198541 4922433.1225678492337
489030.54270175099373 4922432.7502784896642
489031.65605663298629 4922432.4707096749917
489032.82238840701757 4922432.1540261218324
489033.98872029798804 4922431.8373427754268
489034.83706664602505 4922431.6692980136722
489035.69851690699579 4922431.4086671145633
489036.02994949999265 4922431.3710831347853
489036.17562017502496 4922431.259760748595
489036.26834521500859 4922431.2040660567582
489036.42718214698834 4922431.0371829951182
489036.54633323900634 4922430.9259052881971
489036.61253868602216 4922430.8702552681789
489036.63905828498537 4922430.8702105982229
489036.66564025200205 4922430.9071914898232
489036.66570261801826 4922430.9442170541734
489036.65250518399989 4922430.9812649516389
489036.59949717100244 4922430.9998670741916
489036.52003192499978 4922431.0555394273251
489036.41407826700015 4922431.1297692367807
489036.33455065800808 4922431.1484160320833
489036.38771459000418 4922431.2223778143525
489036.54673862399068 4922431.1665714466944
489037.18302188400412 4922431.0544226979837
489038.13732209702721 4922430.8121485700831
489039.38290152797708 4922430.3102043876424
489040.7478505379986 4922429.8265722813085
489041.92731835599989 4922429.4358169110492
489043.13318125897786 4922428.9709659805521
489044.51120366697432 4922428.3762356601655
489045.8362182599958 4922427.8001076765358
489047.37323423300404 4922427.1310590440407
489048.71150913799647 4922426.5549093354493
489050.08971943199867 4922426.0712568862364
489051.42818164097844 4922425.6061844248325
489052.87272252998082 4922425.1409338219091
489054.21115399600239 4922424.6573491534218
489055.69528795697261 4922424.0809555957094
489057.04673066100804 4922423.4492469672114
489058.23902471497422 4922422.7992933252826
489059.40520391101018 4922422.3900506366044
489060.66441977897193 4922422.1102416273206
489062.00291466299677 4922421.663684124127
489063.11614834400825 4922421.3100695824251
489064.33539849502267 4922420.919251437299
489065.52806694700848 4922420.4914525095373
489066.16404075000901 4922420.1941787879914
489066.53506695799297 4922420.0454528564587
489066.52168274397263 4922419.9714240049943
489066.69346956902882 4922419.6193916043267
489066.91851338697597 4922419.3968595797196
489067.01095898600761 4922419.1745502958074
489067.22308506199624 4922419.1556811491027
489067.36906749999616 4922419.2294872766361
489067.23693571100011 4922419.5074017150328
489067.06468240299728 4922419.5817423881963
489066.90578221401665 4922419.7115991329774
489066.89264677802566 4922419.7856725314632
489066.80004570499295 4922419.9154179124162
489066.64117662800709 4922420.0637874435633
489066.65446754702134 4922420.0822779526934
489066.58841722202487 4922420.230491570197
489066.54888654500246 4922420.3786606416106
489066.56208416901063 4922420.3416128046811
489066.57540618500207 4922420.3786160936579
489066.48264963598922 4922420.4157975744456
489066.53550233098213 4922420.3046317929402
489066.58835502597503 4922420.1934660077095
489066.54851336800493 4922420.1565072704107
489066.561648797011 4922420.0824338700622
489066.60124167299364 4922419.9712903602049
489066.61428380897269 4922419.8416786193848
489066.61415941698942 4922419.7676274944097
489066.53460048697889 4922419.7677611391991
489066.41551087400876 4922419.9160638563335
489066.3229720100062 4922420.0828348062932
489066.29635907098418 4922420.027341012843
489066.33573425601935 4922419.7866080356762
489066.32247443101369 4922419.7866303101182
489066.34893188002752 4922419.7495601978153
489066.40184677299112 4922419.6754199750721
489066.46827027801191 4922419.7493597296998
489067.48825043300167 4922419.1367229176685
489068.76075818797108 4922418.8754059839994
489070.23262972501107 4922418.8914470141754
489071.66528128401842 4922419.2407852280885
489073.01824943802785 4922419.5162061946467
489074.37109317001887 4922419.7175763202831
489075.72396789002232 4922419.9374595107511
489077.01026379701216 4922419.9908392094076
489078.34947471000487 4922419.9700790420175
489079.62244864599779 4922419.9864559471607
489080.56414444401162 4922420.1329787001014
489080.961876966001 4922420.0952857844532
489081.13437887100736 4922420.1690477291122
489081.06823504698696 4922420.2617228589952
489080.9356678929762 4922420.2804580861703
489080.8296514400281 4922420.317661604844
489080.81617421802366 4922420.1880943831056
489080.78965457598679 4922420.1881388733163
489080.76313493499765 4922420.1881833644584
489080.71018882299541 4922420.2438106862828
489080.68323437101208 4922419.9846762409434
489080.67000560800079 4922420.0032112691551
489080.59072620101506 4922420.1699597695842
489080.57768378697801 4922420.2995714824647
489080.3401561860228 4922420.9849448073655
489080.4197461620206 4922421.0033241156489
489080.79099005000899 4922420.9841884616762
489081.70585548802046 4922420.9456280581653
489082.44719432399143 4922420.2223840178922
489083.34821010299493 4922419.8321032458916
489084.48815117299091 4922419.5895245671272
489085.60169685498113 4922419.4210416823626
489086.5690741330036 4922419.067675743252
489087.28448381501948 4922418.6962195644155
489087.82767104497179 4922418.4176163692027
489087.61607253202237 4922418.751202121377
489087.64284048601985 4922418.8992599090561
489087.49747903901152 4922419.1957089509815
489087.4577616470051 4922419.2328012045473
489087.37829582497943 4922419.2884729383513
489087.52396764798323 4922419.1771517051384
489087.70960517099593 4922419.1768404692411
489088.50460488797398 4922418.8237638231367
489089.51129639102146 4922418.1926399171352
489090.50475929502863 4922417.5800511753187
489091.53781570598949 4922416.8563192300498
489092.66381524602184 4922416.2064830260351
489093.93592130899196 4922415.7045048652217
489095.16815502400277 4922415.1470552552491
489096.65204665402416 4922414.4225688092411
489097.96356076997472 4922413.698371428065
489099.43391416402301 4922412.8072927994654
489100.83852678001858 4922412.249555580318
489102.15059973701136 4922411.8585891053081
489103.36973000701983 4922411.3937271600589
489105.02652813197346 4922410.9836713178083
489106.65640399500262 4922410.3329941313714
489108.07455641898559 4922409.9418513141572
489109.4925851119915 4922409.4766576820984
489110.84462450398132 4922409.1967030856758
489112.20967611199012 4922408.768624345772
489113.72012174100382 4922408.0626102183014
489115.1509776529856 4922407.3382167136297
489116.47606465197168 4922406.799128709361
489117.85425317002228 4922406.2969778617844
489119.25902350002434 4922405.8318085307255
489120.70329508598661 4922405.1999579900876
489122.12114006699994 4922404.6236904328689
489123.53929465601686 4922404.2325509889051
489125.10281290800776 4922403.5449636643752
489126.54717834998155 4922402.968652763404
489127.91220136499032 4922402.5220645442605
489129.1313661300228 4922402.0757202180102
489129.92646291997517 4922401.7781869890168
489130.4297810519929 4922401.4441154515371
489130.82751499500591 4922401.4064255896956
489131.63571724301437 4922401.016306524165
489132.80181218899088 4922400.5515386741608
489133.82192519598175 4922400.0129634179175
489134.86874351900769 4922399.5854207323864
489136.1681482840213 4922399.5462260926142
489137.50742534402525 4922399.562503666617
489138.40897245297674 4922399.4869478056207
489138.59427071502432 4922399.2829974377528
489138.56756562797818 4922399.1719650104642
489138.67342829098925 4922399.0421985313296
489138.69982444797643 4922398.9681031499058
489138.73960403999081 4922398.968036768958
489138.73960403999081 4922398.968036768958
489138.8191014410113 4922398.9308784492314
489138.84552849200554 4922398.8752958541736
489138.96489816502435 4922398.8936094967648
489138.99154145998182 4922398.9676163615659
489139.03162996901665 4922399.1526777911931
489138.93896538100671 4922399.2453965805471
489138.85937530902447 4922399.2270165579394
489138.7927979590022 4922399.0605121674016
489138.80596514599165 4922399.0049516977742
489138.8058724689763 4922398.9494133573025
489138.84565206099069 4922398.949346977286
489139.05771721497877 4922398.8934546113014
489139.26987504400313 4922398.8931005951017
489139.25673874298809 4922398.9671738417819
489139.16422860702733 4922399.1524565303698
489139.11140539101325 4922399.2821344975382
489139.12460347200977 4922399.2450868124142
489139.21742251701653 4922399.2449319306761
489139.2440349200042 4922399.3004260193557
489139.24397313699592 4922399.2634004587308
489139.23068238102132 4922399.2449098043144
489139.24400402902393 4922399.2819132385775
489139.33697752701119 4922399.37432226073
489139.45647074899171 4922399.4666870338842
489139.53609170799609 4922399.5035798437893
489139.64238684199518 4922399.6329923029989
489139.73514410399366 4922399.5958118680865
489140.51738335099071 4922399.5389682063833
489141.59109252499184 4922399.3335357233882
489142.86373060499318 4922399.1462844191119
489144.17596308799693 4922398.8478903323412
489145.43512535799528 4922398.5310721863061
489146.82685553701594 4922398.1955203935504
489148.16539206402376 4922397.7674934295937
489149.39778810198186 4922397.3026180202141
489150.72294167900691 4922396.8005625652149
489152.10122749902075 4922396.3539573242888
489153.4396721959929 4922395.8703931057826
489154.81789670698345 4922395.3867628797889
489156.14302024600329 4922394.8661957513541
489157.41532037599245 4922394.4753067139536
489158.85981400997844 4922393.9730541221797
489160.15857256500749 4922393.5450958870351
489161.39084694097983 4922393.0061716344208
489162.59650929097552 4922392.4117534300312
489163.66981964901788 4922391.9656584495679
489164.7032272379729 4922391.4455787511542
489165.32622585399076 4922391.3149518407881
489165.47189963102574 4922391.2036323621869
489165.43208917498123 4922391.1851858003065
489165.44519497302826 4922391.0925998250023
489165.39193973701913 4922390.9630986535922
489165.36514262499986 4922390.7965277768672
489165.37824842199916 4922390.7039418015629
489165.41771990101552 4922390.518747783266
489165.47091350698611 4922390.6112233949825
489165.45768444199348 4922390.629758249037
489165.57683847699082 4922390.5184829141945
489165.68267100100638 4922390.3702040975913
489165.93420815397985 4922390.1291185906157
489166.57022029598011 4922389.8503674892709
489167.53745227702893 4922389.4044497134164
489168.70367507799529 4922389.0137394331396
489169.72447054402437 4922388.8824509838596
489170.98360516899265 4922388.5471250079572
489171.95139200700214 4922388.4344379324466
489173.09137262497097 4922388.2103875800967
489174.42985133599723 4922387.7453404702246
489175.46326045301976 4922387.2252624854445
489176.65551134297857 4922386.5383050469682
489177.51703476702096 4922386.3147185165435
489178.03355485602515 4922385.9436030685902
489178.98740519600688 4922385.4236579267308
489180.19300900399685 4922384.7922174353153
489181.26619872899028 4922384.2720742486417
489182.1934067059774 4922383.6781225390732
489183.13356708898209 4922382.8990211263299
489184.06025245197816 4922381.9903524238616
489184.85476972901961 4922381.3410831028596
489185.39731827698415 4922380.6737196985632
489185.78136327798711 4922380.3768763113767
489185.58258778700838 4922380.4512578975409
489184.70731122599682 4922380.3786609107628
489183.91159405902727 4922380.3059318307787
489183.38129027298419 4922380.3623515823856
489183.3280045419815 4922380.2143374867737
489183.53976303397212 4922379.9733187761158
489183.72527861502022 4922379.8989591607824
489183.83132707397453 4922379.8802700992674
489183.87116830900777 4922379.9172295555472
489183.91104030999122 4922379.9727017907426
489183.96411068300949 4922379.9911264292896
489184.04385468101827 4922380.1020709043369
489184.11018495599274 4922380.1204735124484
489184.1764844689751 4922380.1203633416444
489184.29579282802297 4922380.1016522534192
489184.32249720802065 4922380.2126848623157
489184.26948836102383 4922380.2312857797369
489184.38873519498156 4922380.1755491355434
489184.45497318002163 4922380.1384134069085
489184.5078282179893 4922380.027248589322
489184.56102163897594 4922380.119724358432
489184.54766944900621 4922380.0642080502585
489184.58735687297303 4922380.008603609167
489184.58723382500466 4922379.9345524897799
489184.62692124699242 4922379.8789480496198
489184.69306695397245 4922379.7862739851698
489184.77244180400157 4922379.6750651067123
489184.86516884400044 4922379.6193725345656
489184.93140683800448 4922379.58223681245
489184.94457446102751 4922379.5266764415428
489185.01072017400293 4922379.4340023770928
489184.98420036700554 4922379.4340464426205
489185.1032626570086 4922379.2672331314534
489185.02379551302874 4922379.322903665714
489185.15620999300154 4922379.2116066599265
489185.30182286002673 4922379.0632620695978
489185.42091592698125 4922378.9149615438655
489185.47383250697749 4922378.8408222980797
489185.52668757300125 4922378.7296574907377
489185.53979368199361 4922378.6370715610683
489185.52637998102 4922378.5445296922699
489185.49967561097583 4922378.4334970768541
489185.51281248201849 4922378.3594239251688
489185.51275096397148 4922378.3223983645439
489185.51265868602786 4922378.2668600250036
489185.51265868602786 4922378.2668600250036
489185.51265868602786 4922378.2668600250036
489185.49939877801808 4922378.2668820563704
489185.47290972602786 4922378.2854389008135
489185.45971133897547 4922378.3224864909425
489185.43325304699829 4922378.3595561143011
489185.44660522998311 4922378.4150724215433
489185.45992665400263 4922378.4520759508014
489185.44672826799797 4922378.4891235418618
489185.46004969201749 4922378.5261270701885
489185.47337111702655 4922378.5631305994466
489185.48669254098786 4922378.6001341277733
489185.51324311201461 4922378.6186028430238
489185.51342766801827 4922378.7296795221046
489185.50035231601214 4922378.8407782344148
489185.56702095101355 4922379.0628214357421
489185.51419664901914 4922379.1924990192056
489185.62049119599396 4922379.3219122290611
489186.38953487301478 4922379.3021216783673
489187.80843686702428 4922379.3553029885516
489189.13467325200327 4922379.5012026783079
489190.62024363398086 4922379.7764278398827
489192.01277938601561 4922379.9222180079669
489193.51145576301496 4922380.1048579150811
489194.83784553100122 4922380.3433226626366
489196.21739772101864 4922380.6557507636026
489197.59673470200505 4922380.8385896980762
489198.85667105700122 4922380.9846014007926
489199.99708394502522 4922381.0197346871719
489201.19053642300423 4922381.0547801712528
489202.31778151699109 4922381.1454742038622
489203.60414538200712 4922381.2359044896439
489204.69151859602425 4922381.2711265776306
489205.83162438299041 4922381.1211330853403
489207.11814169201534 4922381.3041279660538
489207.98028074897593 4922381.4508010735735
489208.36478714400437 4922381.4316507177427
489208.4707742590108 4922381.3759364997968
489208.4311173359747 4922381.4500535726547
489208.43160844198428 4922381.7462580548599
489208.45822032197611 4922381.8017524247989
489208.6302920730086 4922381.6163388248533
489208.72314206097508 4922381.6346977138892
489208.72311136801727 4922381.6161849349737
489208.73664750601165 4922381.7827779697254
489208.76332076900871 4922381.8752979012206
489208.77658066700678 4922381.8752759173512
489208.82965095597319 4922381.8937007589266
489208.85635491000721 4922382.0047334721312
489208.88278262800304 4922381.9491511629894
489208.86955342302099 4922381.9676859267056
489209.00209102302324 4922381.9304405283183
489209.05491577199427 4922381.8007631367072
489209.13435239699902 4922381.7265801150352
489209.28036474302644 4922381.8189021982253
489209.34651078097522 4922381.7262283843011
489209.35949445702136 4922381.559591379948
489209.31962268502684 4922381.5041189892218
489209.20043705002172 4922381.5968807395548
489209.10792467702413 4922381.7821624204516
489209.04150241101161 4922381.7082212185487
489209.01513607602101 4922381.800829087384
489209.02808905002894 4922381.6156793041155
489209.00132371101063 4922381.467621030286
489209.02753658697475 4922381.2824492622167
489208.96120639401488 4922381.2640464026481
489208.92121184599819 4922381.1345228943974
489208.76209304202348 4922381.1347867036238
489208.68259502801811 4922381.171944167465
489208.58980641898233 4922381.190610839054
489208.55005741398782 4922381.2091895714402
489208.48375791200669 4922381.2092994954437
489208.41755049402127 4922381.2649477599189
489208.33796040102607 4922381.2465668870136
489208.25827822298743 4922381.1726476792246
489208.16552030999446 4922381.2098271362484
489208.0727624000283 4922381.2470065942034
489207.97988170897588 4922381.210134934634
489207.97985101398081 4922381.1916221557185
489207.91358220798429 4922381.2102448642254
489207.83405350201065 4922381.2288895593956
489207.80753370298771 4922381.228933531791
489207.7280049980036 4922381.2475782278925
489207.59540599898901 4922381.2477980926633
489207.52898371097399 4922381.1738569065928
489207.48917331499979 4922381.1554100885987
489207.4229045099928 4922381.1740328008309
489207.34322232101113 4922381.1001136023551
489207.27686142298626 4922381.0631979797035
489207.21046983002452 4922381.0077695772052
489207.13084903097479 4922380.9708759402856
489207.05128962697927 4922380.9710078649223
