489165.51610015699407 4922354.0297941211611
489165.56920160999289 4922354.0667313886806
489165.62230306398124 4922354.1036686599255
489165.66211374499835 4922354.1221152227372
489165.7019860559958 4922354.1775873461738
489165.74185836897232 4922354.2330594696105
489165.78173068002798 4922354.2885315921158
489165.75530321500264 4922354.3441140716895
489165.75536484597251 4922354.3811396304518
489165.715615796973 4922354.399718622677
489165.72887575201457 4922354.399696550332
489165.67574348597554 4922354.3442465020344
489165.58283135300735 4922354.2888626698405
489165.59609130799072 4922354.2888405965641
489164.45610499597387 4922354.5128922397271
489164.34993290097918 4922354.4575304975733
489164.38952785299625 4922354.3463875995949
489164.38946621498326 4922354.309362041764
489164.66758627002127 4922354.1052579116076
489164.83944178500678 4922353.7902537053451
489164.74662209302187 4922353.7904082210734
489164.74665291100973 4922353.8089210018516
489164.69364390597912 4922353.827522075735
489164.65374076302396 4922353.7535371808335
489164.65383321902482 4922353.8090755194426
489164.65386403701268 4922353.827588298358
489164.68050722300541 4922353.9015952656046
489164.70702713500941 4922353.9015511181206
489164.72000972600654 4922353.7349140308797
489164.72025627101539 4922353.8830162668601
489164.80006255098851 4922354.0309860575944
489164.82630510098534 4922353.8643268961459
489164.74671454698546 4922353.8459465596825
489164.73348540900042 4922353.8644814118743
489164.74686863698298 4922353.9385104570538
489164.57516722200671 4922354.3460785597563
489163.76575519097969 4922354.0141951069236
489163.1158632489969 4922353.9227129518986
489162.39923996402649 4922353.5721623497084
489161.6432066509733 4922353.4438314177096
489161.12569839501521 4922353.2225392088294
489160.83354772301391 4922352.9638460930437
489160.70076316897757 4922352.8529902370647
489160.63427839899668 4922352.7420239737257
489160.56788611900993 4922352.6865960480645
489160.58108441799413 4922352.6495484067127
489160.36889425199479 4922352.6313889464363
489159.90470320900204 4922352.5766235189512
489159.26791685802164 4922352.3925557713956
489158.56483067700174 4922352.2085985178128
489157.68914911098545 4922351.8953390317038
489156.60096883401275 4922351.3787925327197
489155.63305336498888 4922351.4174307556823
489154.43953348801006 4922351.3453680556267
489152.95272100198781 4922350.3296399898827
489151.8119321980048 4922350.0723615903407
489150.99006130202906 4922350.2218340802938
489150.04878905997612 4922350.3344800490886
489148.62988040497294 4922350.2813069596887
489147.17146964598214 4922350.3948155213147
489145.81855207501212 4922350.1564047047868
489144.53221210598713 4922350.0844986112788
489143.53783833800117 4922350.1602084198967
489142.39751234999858 4922350.1806233571842
489141.86714469298022 4922350.2000209297985
489141.91999924799893 4922350.0888557741418
489142.07924234302482 4922350.1626414479688
489142.11923841200769 4922350.2921645417809
489141.8808679030044 4922350.477690493688
489141.07216459099436 4922350.5716037787497
489140.02468930999748 4922350.6103770583868
489138.8447379799909 4922350.7234228868037
489137.53206348599633 4922350.7626390988007
489136.32568500097841 4922350.9312679795548
489135.11921386799077 4922351.0443587433547
489133.96587534097489 4922351.2128995247185
489132.60040840500733 4922351.4003075147048
489131.11544732801849 4922351.4953511720523
489129.64377717598109 4922351.6088858051226
489128.38426643901039 4922351.7220663996413
489126.95237626298331 4922351.8355351984501
489125.57346411602339 4922351.9118901379406
489124.12828313501086 4922352.0068689314649
489122.60369712702231 4922352.1945448955521
489121.09218550997321 4922352.2711223810911
489119.54058458399959 4922352.1626389259472
489118.02749449602561 4922351.2950653880835
489116.83354079601122 4922350.9638306777924
489115.3744805920287 4922350.6885780049488
489113.83654166897759 4922350.8207398587838
489112.63028765801573 4922351.0634242482483
489111.62293315498391 4922351.3057761276141
489110.5494028130197 4922351.6222902005538
489109.11766779300524 4922351.8283268166706
489107.58000808802899 4922352.1271051662043
489106.26786078000441 4922352.4810449331999
489105.18107093102299 4922352.7975820852444
489103.80265508900629 4922353.170146103017
489102.35769165802049 4922353.3947191853076
489100.87288645398803 4922353.5823336420581
489099.67970736901043 4922353.7139215543866
489098.39392568398034 4922353.9752545999363
489096.93564063397935 4922354.1628255387768
489095.45083575998433 4922354.3504412341863
489093.72725872200681 4922354.4829188548028
489092.12311441800557 4922354.6707352772355
489090.61169679701561 4922354.8028581812978
489089.19325408100849 4922355.0273897368461
489087.65516150800977 4922355.0669938875362
489086.30304975702893 4922355.3099277000874
489084.71207268099533 4922355.4421853777021
489083.12112671998329 4922355.5929562216625
489081.60974054399412 4922355.7435939982533
489080.15161165501922 4922356.0237325932831
489078.75965840002755 4922356.2297091539949
489077.69939040101599 4922356.546206401661
489076.21433804900153 4922356.5857242532074
489074.61007045599399 4922356.6994938766584
489072.91307650599629 4922356.8689580550417
489071.18940732098417 4922356.9459033105522
489069.57187995000277 4922357.059696440585
489067.75536011002259 4922357.1182856997475
489066.25735897500999 4922357.3429558863863
489064.71939147997182 4922357.456616576761
489062.92926725698635 4922357.4411115106195
489061.36465549498098 4922357.4807664379478
489059.72070187301142 4922357.6501449216157
489057.78481161798118 4922357.6904247757047
489055.6891483090003 4922357.3422043891624
489053.64689818298211 4922357.2160488301888
489052.00300696800696 4922357.4224548209459
489050.5447862779838 4922357.6470617158338
489049.04687928798376 4922357.9272742029279
489047.57552347099409 4922358.2259551892057
489045.90514395997161 4922358.4509201273322
489044.51316112099448 4922358.6383912358433
489043.29358882602537 4922358.8440852416679
489041.67631173698464 4922359.1059875413775
489040.19160305900732 4922359.3491541873664
489038.90601189102745 4922359.7215756680816
489037.60688031098107 4922359.9274047268555
489036.16170232702279 4922360.022403055802
489034.68984855501913 4922360.0248824879527
489033.20495318801841 4922360.156974052079
489031.74670254898956 4922360.3630723822862
489030.20926675602095 4922360.7914584763348
489028.72443406202365 4922360.9605766180903
489027.23944539501099 4922361.0371312052011
489025.62173248897307 4922361.0398585833609
489024.14994138100883 4922361.0793659584597
489022.71799255901715 4922361.1558321360499
489021.23328503902303 4922361.3990031089634
489020.12057424901286 4922362.0673420187086
489018.78128909802763 4922362.0510885883123
489017.28244733501924 4922361.7759250067174
489015.82347899401793 4922361.5562329804525
489014.41770654602442 4922361.4290156550705
489012.97196671902202 4922361.190789106302
489011.40557462500874 4922360.1752276187763
489009.94607432797784 4922359.6408196594566
489008.44685647799633 4922359.1435047620907
489006.81428851501551 4922358.2021074593067
489005.42102459899615 4922357.6305629787967
489003.89547369099455 4922357.24437060114
489002.68847420200473 4922357.0427686739713
489001.44144452601904 4922356.6931319544092
489000.11569973902078 4922356.8434749683365
488998.78923533798661 4922356.5680243289098
488997.51556028198684 4922356.144382067956
488996.38815139897633 4922355.9611596018076
488995.40647673199419 4922355.7036396050826
488994.67542642500484 4922354.6681570410728
488994.39662304200465 4922354.4649873003364
488994.31540425901767 4922353.4839445268735
488994.26208270399366 4922353.317419199273
488994.4877210999839 4922353.446627497673
488994.44809774099849 4922353.539258656092
488994.51514878298622 4922353.9834532532841
488994.75445402698824 4922354.3533052718267
488994.78156866697827 4922354.7050032382831
488994.91435602301499 4922354.8158557135612
488995.00736351200612 4922354.9267754517496
488995.10049619799247 4922355.1117463083938
488995.18046282499563 4922355.352277922444
488995.27353290200699 4922355.50022322312
488995.36650907399599 4922355.5926301861182
488995.41986188397277 4922355.7776683028787
488995.43346613302128 4922355.9812864568084
488995.38086452300195 4922356.2405550405383
488995.32813771499787 4922356.425772507675
488995.28867086197715 4922356.6109675560147
488995.24892230797559 4922356.6295475959778
488995.27544221002609 4922356.6295027583838
488995.22243370802607 4922356.648105211556
488995.1694565039943 4922356.6852204473689
488995.18306075799046 4922356.8888386031613
488995.20967456197832 4922356.944332100451
488995.24942311097402 4922356.9257520642132
488995.23613186099101 4922356.9072617040947
488995.19638331100577 4922356.9258417412639
488995.19641461200081 4922356.944354519248
488995.16986340901349 4922356.9258865788579
488995.15660345897777 4922356.9259089985862
488995.12995835597394 4922356.8519027186558
488995.12977055297233 4922356.740826042369
488995.12964535097126 4922356.6667749267071
488995.1427487990004 4922356.5741886096075
488995.08961509197252 4922356.5187399508432
488995.06296998797916 4922356.4447336709127
488995.06287608598359 4922356.3891953323036
488995.03619967901614 4922356.296676277183
488994.98281556100119 4922356.0931253833696
488994.96943040500628 4922356.0190966855735
488994.94269139401149 4922355.8895520716906
488994.59783872298431 4922355.8345966525376
488994.53247803001432 4922356.3900921316817
488993.57823110098252 4922356.6693981708959
488992.62445386900799 4922357.2263960372657
488991.71001830097521 4922357.5241478532553
488990.73953697201796 4922356.0447627026588
488989.89080608799122 4922355.9906598273665
488989.25470418599434 4922356.2138898484409
488988.65913383802399 4922356.8813593368977
488988.28766730497591 4922356.7709107836708
488988.10224724002182 4922356.9008143078536
488988.11585171497427 4922357.1044324450195
488988.08923785400111 4922357.0489389738068
488988.07588394201593 4922356.9934230698273
488987.87682808301179 4922356.9011956844479
488987.16188707202673 4922357.5503544351086
488985.99667185900034 4922358.5335061699152
488985.01828674500575 4922360.2198295723647
488984.07921197800897 4922361.6283941101283
488983.36433453700738 4922362.3145788498223
488982.51751593197696 4922363.3897564820945
488981.59145138697932 4922364.6501967050135
488980.79735969600733 4922365.5401569865644
488980.08263974497095 4922366.3189059887081
488979.11613803502405 4922367.1906455503777
488978.08242782001616 4922367.5256269192323
488977.07699328201124 4922368.8972791973501
488976.04522744897986 4922370.3800532286987
488975.01314850797644 4922371.677699633874
488974.20557913399534 4922372.4380937321112
488973.22622692398727 4922373.5505227800459
488972.23327010998037 4922374.4593338659033
488971.20084752200637 4922375.5533403046429
488969.99695624201559 4922377.1845096405596
488969.08478349697543 4922378.8151848092675
488968.14574625302339 4922380.2422644756734
488967.65673016902292 4922381.1872478248551
488967.4851359410095 4922381.6503595067188
488967.20692908199271 4922381.7989337462932
488966.95546169899171 4922382.077052497305
488966.84897455002647 4922381.8365661725402
488966.61073570401641 4922382.0961496848613
488966.51744567701826 4922381.8186153266579
488966.42450084898155 4922381.7447215514258
488966.31810782302637 4922381.5597735764459
488966.23845427198103 4922381.5043701035902
488966.19861180300359 4922381.4674119791016
488966.17206061998149 4922381.4489441551268
488966.03933608299121 4922381.3751178216189
488965.95971391000785 4922381.3382271351293
488965.95977667800616 4922381.3752526929602
488965.89347717398778 4922381.3753650877625
488965.86705152597278 4922381.4309483850375
488965.84056310902815 4922381.4495061235502
488965.70790133398259 4922381.4127053581178
488965.41590105398791 4922381.246584886685
488964.60714126302628 4922381.3034945549443
488963.54697701300029 4922381.675548767671
488962.4210784760071 4922382.3809456219897
488961.1225503400201 4922382.9385327873752
488959.4515520419809 4922382.7932643331587
488958.07302517199423 4922383.0918081365526
488956.64145884197205 4922383.3904422232881
488955.20992405799916 4922383.7075894093141
488953.77832657599356 4922383.9877113439143
488952.32039796200115 4922384.3789552906528
488950.99506845901487 4922384.7699744692072
488949.72284154698718 4922385.1979294316843
488948.22513376799179 4922385.5892418352887
488946.74059174500871 4922385.9249937217683
488945.33579787198687 4922386.3716875063255
488943.82476783997845 4922386.7259978810325
488942.35348619002616 4922387.0617282474414
488940.86894479900366 4922387.3974814768881
488939.55700231401715 4922387.8625315809622
488938.19176876998972 4922388.1795698478818
488936.83985817502253 4922388.5336114251986
488935.44826248200843 4922388.943259245716
488934.03014719497878 4922389.3529524533078
488932.65196912997635 4922389.8551422310993
488931.28695671097375 4922390.3017714135349
488929.69630608102307 4922390.61919481121
488928.2916088529746 4922391.1214306196198
488926.86023460602155 4922391.5311479503289
488925.52164819400059 4922391.9221948813647
488924.15657368901884 4922392.3318000007421
488922.80485375097487 4922392.7969211805612
488921.41338588600047 4922393.2806231314316
488919.96887872600928 4922393.764415669255
488918.53753709699959 4922394.1926476117224
488917.21224312402774 4922394.6021864628419
488915.8736579180113 4922394.9932353859767
488914.5082062939764 4922395.1806891663
488912.94410894002067 4922395.516584279947
488911.56590225500986 4922396.000265751034
488910.14772690698737 4922396.3729386106133
488908.70284270198317 4922396.6345802890137
488907.07219423697097 4922396.822487546131
488905.5612633539713 4922397.2323451647535
488904.26217494800221 4922397.456713645719
488903.06938651297241 4922397.8104909947142
488901.77070867299335 4922398.2755261268467
488900.39281910000136 4922398.9443377749994
488898.88166810199618 4922399.2246074760333
488897.41064419300528 4922399.7084502633661
488896.00519340799656 4922399.7663863208145
488894.65328748797765 4922400.1204366758466
488893.35416843701387 4922400.3262945590541
488892.2940113240038 4922400.6983604012057
488891.2467034389847 4922400.8297376381233
488890.00125607900554 4922401.4057612782344
488888.72922601597384 4922401.9448048714548
488887.57669291802449 4922402.57620886527
488886.07908766297624 4922403.0230739349499
488884.67426998802694 4922403.4512680545449
488883.3755629590014 4922403.8977940818295
488882.01017736102222 4922404.1222802493721
488880.55219426797703 4922404.4765147408471
488879.21355000999756 4922404.8305456526577
488877.76983939198544 4922405.7771670939401
488876.36533924099058 4922406.3904908169061
488874.81450637197122 4922406.7263724422082
488873.44909001199994 4922406.9323476301506
488872.07054049102589 4922407.2123968936503
488870.71832085499773 4922407.3813244225457
488869.16764680499909 4922407.8097712984309
488867.73586828599218 4922407.9788355035707
488866.33076786901802 4922408.2404185626656
488864.95177553000394 4922408.2612904077396
488863.6393358290079 4922408.4301513489336
488862.10062347800704 4922408.0995532097295
488860.8278366199811 4922408.1942955311388
488860.03284786001313 4922408.5473999977112
488859.55634895601543 4922409.0480621103197
488859.49058840901125 4922409.3628928605467
488859.57040096697165 4922409.5108589362353
488859.63685861899285 4922409.6033093612641
488859.7565457560122 4922409.8067456921563
488859.71679791400675 4922409.8253265572712
488859.69040497200331 4922409.8994230721146
488859.77012245997321 4922409.9918508045375
488859.73046967800474 4922410.0659700147808
488859.61109940800816 4922410.0476614944637
488859.50457704998553 4922409.7886641267687
488859.47812073898967 4922409.8257350781932
488859.5312551719835 4922409.8811826389283
488859.47843760799151 4922410.0108628859743
488859.49198263097787 4922410.1774552213028
488859.3458391809836 4922410.0110898455605
488859.33235752698965 4922409.8815230783075
488859.38511171302525 4922409.7148172669113
488859.46422715700464 4922409.4555021589622
488859.49030322697945 4922409.1962778363377
488859.60926158999791 4922408.973920205608
488859.67540238099173 4922408.8812428200617
488859.68875728501007 4922408.9367584669963
488859.5159040010185 4922408.6593617983162
488859.34355769702233 4922408.6781696276739
488859.27703665697481 4922408.5486936410889
488859.21111768099945 4922408.7709604920819
488859.07829741301248 4922408.6415979936719
488858.9192426429945 4922408.6788959167898
488858.94550882902695 4922408.5307482769713
488858.82617021602346 4922408.5309525514022
488858.44131779199233 4922408.3464829716831
488857.67310240399092 4922408.8476445814595
488856.67905775498366 4922409.1085260510445
488855.51250841899309 4922409.2956517022103
488854.02667671797099 4922408.8724007522687
488852.4487868680153 4922408.8936158511788
488851.16308927297359 4922409.1920233601704
488849.74472992902156 4922409.4536327132955
488848.55254926602356 4922410.1591629087925
488847.29359383397968 4922410.5871152095497
488845.99517629400361 4922411.2002637358382
488844.71036785602337 4922412.0170303853229
488843.49154160398757 4922412.6485558375716
488842.43215097399661 4922413.4649365581572
488841.31927693198668 4922414.0222294554114
488840.35257866297616 4922414.7644002661109
488839.43882470700191 4922415.4509419295937
488838.95008391101146 4922416.5440372880548
488839.46563006401993 4922415.6175114857033
488839.28040510497522 4922415.8584959562868
488839.12185854202835 4922416.1919988607988
488839.08245998900384 4922416.414220447652
488839.122366459982 4922416.4882033560425
488839.17559624498244 4922416.5991890924051
488839.16243164998014 4922416.6547501748428
488839.17585020302795 4922416.7472913423553
488839.202496841026 4922416.8212969927117
488839.26882772799581 4922416.8396960888058
488839.29537913197419 4922416.8581633940339
488839.38762653997401 4922416.5247741779312
488839.42721556301694 4922416.4136292831972
488839.36113862297498 4922416.5433324323967
488839.54671274800785 4922416.5059885568917
488839.71810649399413 4922415.9317967705429
488839.73092191998148 4922415.67259510234
488839.73092191998148 4922415.67259510234
488839.79731630597962 4922415.7280197646469
488839.93000984401442 4922415.7833307497203
488839.89057952101575 4922415.9870395474136
488839.98343007802032 4922416.0053931791335
488839.95700564497383 4922416.0609769923612
488839.94399975199485 4922416.2091019796208
488839.90447420399869 4922416.3572724349797
488839.8516888290178 4922416.505465624854
488839.83852422499331 4922416.5610267035663
488839.79887171002338 4922416.6351460367441
488839.78573885298101 4922416.7092198953032
488839.75947314000223 4922416.8573676152155
488839.70662428298965 4922416.9685352481902
488839.65383891499368 4922417.1167284399271
488839.62741448899033 4922417.1723122578114
488839.65393414499704 4922417.1722667850554
488839.6672574619879 4922417.2092696120963
488839.68045380199328 4922417.1722213122994
488839.69361840101192 4922417.1166602307931
488839.61405943101272 4922417.1167966490611
488839.62722402799409 4922417.0612355703488
488839.62716054101475 4922417.0242100097239
488839.61390071397182 4922417.0242327461019
488839.60013298899867 4922416.7280509844422
488839.33534908300499 4922416.9691718723625
488838.74018060398521 4922417.8588085509837
488838.06570732197724 4922418.8966839732602
488837.52341973601142 4922419.6936659049243
488836.67644215899054 4922420.6577859781682
488835.763006965979 4922421.5294559793547
488834.7173549309955 4922422.6235069483519
488833.59195379499579 4922423.606617892161
488832.63902585901087 4922424.6449716137722
488831.92502894601785 4922425.8310181908309
488831.29055937699741 4922426.9984155427665
488830.72261144599179 4922428.2952886587009
488830.34017390501685 4922429.5177921224385
488830.03700937097892 4922430.5735440440476
488829.38991626299685 4922432.1112199798226
488828.95475775701925 4922433.5189423793927
488828.59906286699697 4922434.8709899112582
488828.46706867899047 4922435.222960353829
488828.34801653801696 4922435.3897802205756
488828.16276077798102 4922435.6122522326186
488828.07086376100779 4922436.1492822179571
488827.93877429497661 4922436.4457143256441
488827.80636706901714 4922436.557018619962
488827.80652595497668 4922436.6495825275779
488827.76687370002037 4922436.7237019352615
488827.70095608802512 4922436.945969116874
488827.67456362402299 4922437.0200657667592
488827.67437295801938 4922436.9089890774339
488827.67446829099208 4922436.9645274216309
488827.6745954019716 4922437.0385785475373
488827.75412234797841 4922437.0199292022735
488827.87390531902201 4922437.2789032999426
488827.91384356399067 4922437.3713989304379
488828.03314987098565 4922437.3526813071221
488828.05973300000187 4922437.3896613493562
488828.11277214600705 4922437.3895703097805
488828.17897575401003 4922437.3339181635529
488828.21916820300976 4922437.5745160486549
488828.24581488198601 4922437.6485216552392
488828.31217736500548 4922437.685433421284
488828.37857162498403 4922437.7408579699695
488828.41844630899141 4922437.7963280379772
488828.43183319998207 4922437.8703564051539
488828.44518831098685 4922437.9258719906211
488828.44528363697464 4922437.9814103366807
488828.40550427901326 4922437.9814786156639
488828.4055360549828 4922437.9999913945794
488828.39221271802671 4922437.9629885926843
488828.37888938200194 4922437.9259857870638
488828.3921491659712 4922437.9259630283341
488828.37879405502463 4922437.8704474419355
488828.3919585130061 4922437.8148863371462
488828.39186318602879 4922437.7593479938805
488828.40505942102754 4922437.7222996708006
488828.40496409399202 4922437.6667613247409
488828.3386969389976 4922437.6853879028931
488828.36508940899512 4922437.6112912576646
488828.40467811399139 4922437.5001462893561
488828.37799966399325 4922437.4076278982684
488828.33818852697732 4922437.3891833955422
488828.32483341102488 4922437.333667810075
488828.3115418489906 4922437.3151777880266
488828.35135298699606 4922437.3336222916842
488828.37787256098818 4922437.333576772362
488828.36464455001988 4922437.3521123155951
488828.3380932 4922437.3336450504139
488828.33799787302269 4922437.2781067052856
488828.32473808299983 4922437.2781294640154
488828.29828206199454 4922437.3152005476877
488828.25853447697591 4922437.3337816074491
488828.23204667697428 4922437.3523399103433
488828.23214200499933 4922437.4078782517463
488828.23226910899393 4922437.4819293804467
488828.25878868502332 4922437.4818838611245
488828.24565600202186 4922437.555957746692
488828.24581488198601 4922437.6485216552392
488828.23258687002817 4922437.6670571966097
488828.24600553902565 4922437.7595983473584
488828.2063532830216 4922437.833717752248
488828.20638505899115 4922437.8522305330262
488828.19312527298462 4922437.8522532926872
488828.21961306798039 4922437.833694992587
488828.24616441898979 4922437.8521622540429
488828.25948775699362 4922437.8891650578007
488828.24632329901215 4922437.9447261625901
488828.1800879209768 4922437.981865526177
488828.20660749200033 4922437.9818200068548
488828.20667104498716 4922438.0188455684111
488828.21996260498418 4922438.0373355904594
488828.24645040300675 4922438.0187772894278
488828.27303352602758 4922438.0557573344558
488828.28626153501682 4922438.037221792154
488828.31274933001259 4922438.0186634929851
488828.35249691299396 4922438.0000824313611
488828.39218094199896 4922437.9444758091122
488828.39224449300673 4922437.9815013743937
488828.35246513702441 4922437.9815696524456
488828.35236980998889 4922437.9260313054547
488828.28673817298841 4922438.3149135177955
488828.31284465797944 4922438.074201837182
488828.35182962298859 4922437.6113140163943
488828.68218039401108 4922436.9442849010229
488829.09174046001863 4922436.0734786577523
488829.50101468601497 4922435.0360574088991
488829.99000665999483 4922434.0910635562614
488830.30649435298983 4922433.0723144346848
488830.41136546601774 4922432.3686466952786
488830.56968880002387 4922431.9055540962145
488830.63589248497738 4922431.8499019779265
488830.62275976297678 4922431.9239758588374
488830.58250382798724 4922431.6463523991406
488830.64870751497801 4922431.5907002817839
488830.64873928402085 4922431.609213062562
