488759.48861406702781 4922549.9176780981943
488759.74080144701293 4922550.0653452808037
488760.19261750200531 4922550.6384630445391
488760.32559671101626 4922550.8603874817491
488760.48474335501669 4922550.8786254860461
488760.88304153602803 4922551.1741431178525
488760.90991230198415 4922551.3777379598469
488760.89639699697727 4922551.2296585757285
488760.81658391398378 4922551.081693680957
488760.84303908899892 4922551.0446223160252
488760.75006235297769 4922550.9522186713293
488760.67024926200975 4922550.8042537765577
488760.69686428201385 4922550.859746336937
488760.69696019002004 4922550.9152846923098
488760.69705609802622 4922550.9708230467513
488760.68370063399198 4922550.9153075898066
488760.68370063399198 4922550.9153075898066
488760.16632218298037 4922550.7680983366445
488759.82154174899915 4922550.7501809280366
488759.14466490299674 4922550.3810931341723
488758.70582052099053 4922549.6413374738768
488758.26729580399115 4922549.0867096958682
488757.33816725900397 4922548.5329293916002
488756.34277272602776 4922547.9977765399963
488755.83842962700874 4922547.7209552302957
488754.98911394499009 4922547.315140097402
488754.33885156002361 4922547.0015453388914
488753.4629845690215 4922546.5772634427994
488752.56059833598556 4922546.153027491644
488751.43219143501483 4922545.3774383282289
488750.47641464800108 4922544.7496537016705
488749.40178156801267 4922544.3997672703117
488748.22043171501718 4922543.6798087051138
488747.03908160299761 4922542.9598503513262
488745.63225445098942 4922542.2032564217225
488744.46422739000991 4922541.5203011771664
488743.80006399302511 4922540.8364747101441
488742.59216169902356 4922540.0980502478778
488741.38435520097846 4922539.4151643626392
488740.1237343190005 4922538.8619599491358
488738.88963238801807 4922538.3087098998949
488738.13309946097434 4922537.8842235915363
488736.84595883701695 4922537.3310657003894
488735.84998418501345 4922536.4626858625561
488734.80106704600621 4922535.6499363332987
488733.69930356799159 4922534.9483554875478
488732.73000755300745 4922534.1724941469729
488731.65437816199847 4922533.2487143296748
488730.57890873897122 4922532.4174986090511
488729.62319214799209 4922531.8267426174134
488728.60088885802543 4922531.0694865239784
488727.88397289800923 4922530.5523685961962
488726.72894495201763 4922529.721291301772
488725.85256073798519 4922529.000808573328
488724.33917019702494 4922527.966711236164
488722.9190775519819 4922527.2101451959461
488721.68449074099772 4922526.3792066462338
488720.56936841702554 4922525.6221126541495
488719.12259516800987 4922524.7730294810608
488717.92804296902614 4922524.0901249721646
488717.02600431500468 4922523.869534582831
488715.67288202798227 4922523.5016236584634
488714.38570454099681 4922522.9299574326724
488712.83298138499958 4922522.1551107298583
488711.51941258402076 4922521.6575421961024
488710.550786288979 4922521.2704526344314
488709.30293715099106 4922520.4395394343883
488707.9224593740073 4922519.5903437407687
488706.68802981200861 4922518.8519719615579
488706.0108575039776 4922518.316274642013
488704.98848508502124 4922517.5219966936857
488703.56803445902187 4922516.5617942567915
488702.18729802902089 4922515.5644975090399
488700.8331125730183 4922514.5856678001583
488699.53183666599216 4922513.5326951518655
488698.2305281930021 4922512.4612099789083
488696.91602395597147 4922511.4267736617476
488695.58822750701802 4922510.3738478627056
488694.43280596198747 4922509.3206229042262
488693.17153202398913 4922508.3971719220281
488691.77753262000624 4922507.3999004280195
488690.31733106297906 4922506.4582827836275
488689.44106837100117 4922505.8118561077863
488688.24609129200689 4922504.8882908700034
488687.23690989101306 4922504.0569671066478
488686.2273420660058 4922503.0034900968894
488685.01932964898879 4922502.2095379894599
488683.50560449302429 4922500.9903223328292
488682.35037247597938 4922500.0481762299314
488680.90320219501154 4922498.9769481644034
488679.66866905300412 4922498.1830431716517
488678.81834388902644 4922497.2033417029306
488677.5703894639737 4922496.3168962551281
488676.22955259599257 4922495.3935869680718
488674.87577780301217 4922494.6554288575426
488673.6550504550105 4922494.1762192538008
488672.52717285900144 4922493.7153611211106
488670.96133917599218 4922493.0331114139408
488669.68692798301345 4922492.1837392067537
488668.31963425001595 4922491.297503282316
488667.0986801420222 4922490.6887054238468
488665.8648207479855 4922490.2835714993998
488664.64428536198102 4922489.915440284647
488663.19785156700527 4922489.2700101761147
488661.80442396498984 4922488.605975211598
488660.49023165297695 4922487.7566741034389
488659.12309702002676 4922486.9630040284246
488657.67656523297774 4922486.2620368003845
488656.37601877999259 4922485.6348668159917
488655.1417382590007 4922484.9890687447041
488653.69501196499914 4922484.1770257046446
488652.44734209898161 4922483.4572001285851
488651.00074424897321 4922482.7192088188604
488649.56724434398348 4922481.8886307897046
488648.22691713698441 4922481.2615318065509
488646.91330282500712 4922480.7454635379836
488645.61262504197657 4922480.0442445715889
488644.28513687802479 4922479.1764570912346
488643.05053089698777 4922478.3455334864557
488641.61719054699643 4922477.6075211288407
488640.30305799102644 4922476.79524966795
488639.02893043897348 4922476.1124985190108
488637.66204928501975 4922475.4669352192432
488636.26890701299999 4922474.9695207728073
488634.86231085599866 4922474.361053080298
488633.49533192801755 4922473.65995230712
488632.14145074697444 4922472.8662647502497
488631.03989190701395 4922472.2942907968536
488629.75217937101843 4922471.426436798647
488628.58373928401852 4922470.5213489914313
488627.68081677897135 4922469.8009258490056
488626.33970855001826 4922468.729524592869
488625.03828199498821 4922467.6025157440454
488623.89639237802476 4922466.7158952206373
488622.88713210797869 4922465.8475558944046
488621.85161101300037 4922465.1273653460667
488620.74966156098526 4922464.3332397444174
488619.60790026502218 4922463.5206711031497
488618.30666574201314 4922462.5047403005883
488617.16477431298699 4922461.6181209580973
488616.11566837597638 4922460.7128266906366
488615.09337307501119 4922459.9741012472659
488613.93796193401795 4922458.9394034091383
488613.03461515298113 4922457.9783161366358
488612.29106527997646 4922457.4057190204039
488611.93243667401839 4922457.0546025549993
488611.94579359597992 4922457.1101177036762
488611.99883258598857 4922457.1100249029696
488611.94556685601128 4922456.9805282270536
488612.01193037600024 4922457.0174377895892
488612.01196276699193 4922457.0359505731612
488612.07835868000984 4922457.0913729192689
488611.99873541202396 4922457.054486554116
488611.99873541202396 4922457.054486554116
488611.93259863200365 4922457.1471664700657
488611.57396999001503 4922456.7960500242189
488610.96301734598819 4922456.223221052438
488610.12642206298187 4922455.5211971243843
488609.15674308297457 4922454.5417136354372
488608.0675316019915 4922453.4513624673709
488607.04487778601469 4922452.5089976871386
488606.07558679097565 4922451.7516680434346
488605.19904907199088 4922450.9571504797786
488604.20297880197177 4922450.0517652863637
488603.19374573801178 4922449.201941809617
488602.14460343797691 4922448.2781370254233
488601.20166866702493 4922447.4281977564096
488600.08612967899535 4922446.4489710703492
488599.14332408702467 4922445.6730832308531
488598.33318085398059 4922444.9339888114482
488597.28400474297814 4922443.9916720287874
488596.32777650601929 4922443.1232439214364
488595.39780806598719 4922442.106667230837
488594.8396322199842 4922441.3856445895508
488594.32117071200628 4922440.6275267265737
488593.98867046798114 4922440.0542114023119
488593.81567688198993 4922439.7027706298977
488593.69624150497839 4922439.6474414207041
488593.90862513502361 4922439.7766590965912
488593.98828116001096 4922439.8320580199361
488594.16098275699187 4922440.016883761622
488594.05470984400017 4922439.9059929642826
488593.94840448501054 4922439.7765893852338
488593.80225488601718 4922439.6102299587801
488593.68259240401676 4922439.4253112766892
488593.52315056201769 4922439.2404623106122
488593.31073446199298 4922439.0927318651229
488593.2177213029936 4922438.9818178433925
488593.20433174201753 4922438.9077899549156
488593.11128613399342 4922438.7783631524071
488593.00491584697738 4922438.6119340257719
488592.72610344999703 4922438.4087814474478
488592.50062219600659 4922438.372150959447
488592.14254308398813 4922438.3357528802007
488592.32808274601121 4922438.2798891691491
488592.36779720900813 4922438.242793885991
488592.23500466498081 4922438.131949598901
488591.9960689250147 4922437.9842656757683
488591.81030211801408 4922437.9105399241671
488591.58465859899297 4922437.7813455574214
488591.5180027189781 4922437.5778211681172
488591.4778988630278 4922437.3927630754188
488591.4510223409743 4922437.1891689607874
488591.42427561798831 4922437.0596259729937
488591.43747050798265 4922437.0225771665573
488591.43727580999257 4922436.911500477232
488591.47695782902883 4922436.8558924058452
488591.51670474599814 4922436.8373098997399
488591.43701621401124 4922436.7633982235566
488591.50331515900325 4922436.7632820149884
488591.50347740598954 4922436.8558459226042
488591.55654901301023 4922436.8742657369003
488591.58303614100441 4922436.8557064710185
488591.52986718702596 4922436.7817483134568
488591.50321781099774 4922436.7077436707914
488591.52976983902045 4922436.7262099664658
488591.50315291201696 4922436.6707181064412
488591.51644515100634 4922436.6892076451331
488591.52967249101494 4922436.6706716232002
488591.55615962302545 4922436.6521123573184
488591.58251695497893 4922436.5595019627362
488591.56912736798404 4922436.4854740807787
488591.56899757101201 4922436.4114229539409
488591.56880287599051 4922436.3003462646157
488591.56847838498652 4922436.1152184484527
488591.51537432300393 4922436.0782858505845
488591.47546515497379 4922436.0043044509366
488591.47536780597875 4922435.948766104877
488591.48853024898563 4922435.8932045176625
488591.50175758899422 4922435.8746684947982
488591.54147206398193 4922435.8375732060522
488591.54127736797091 4922435.7264965148643
488591.56779695197474 4922435.7264500316232
488591.62073876801878 4922435.6708187200129
488591.67381038400345 4922435.6892385333776
488591.74010934197577 4922435.6891223266721
488591.79321340302704 4922435.7260549245402
488591.83299277501646 4922435.7259852010757
488591.88616173499031 4922435.7999433642253
488591.92603845102713 4922435.8554119877517
488591.9922725110082 4922435.8182702185586
488592.01875964499777 4922435.7997109545395
488592.07179881102638 4922435.7996179917827
488592.13796797697432 4922435.7254506610334
488592.19107203598833 4922435.7623832635581
488592.27085791301215 4922435.8918332923204
488592.31079951999709 4922435.9843274811283
488592.31086441397201 4922436.0213530417532
488592.33754623297136 4922436.1138704717159
488592.37742294400232 4922436.1693390952423
488592.40407231199788 4922436.2433437425643
488592.41742944298312 4922436.2988588465378
488592.44401391700376 4922436.3358379313722
488592.45737104699947 4922436.3913530353457
488592.51053999300348 4922436.4653112022206
488592.56367648998275 4922436.5207565892488
488592.55051403999096 4922436.5763181746006
488592.53735158999916 4922436.6318797590211
488592.44456551101757 4922436.6505552185699
488592.44456551101757 4922436.6505552185699
488592.44463040400296 4922436.6875807810575
488592.40485103498213 4922436.6876505007967
488592.37781230598921 4922436.3914924757555
488592.48252786899684 4922435.6137697258964
488592.54658802697668 4922434.3362715933472
488592.87577925197547 4922433.0212831152603
488593.31101656501414 4922431.687595969066
488593.65346788597526 4922430.3725842982531
488593.9958220180124 4922429.0020343046635
488594.36482567701023 4922427.7054889854044
488594.82642107701395 4922426.2791915722191
488595.24843187100487 4922424.9640405904502
488595.60430594702484 4922423.7415697081015
488596.23847416101489 4922422.4260470634326
488596.89932444301667 4922421.2030419241637
488597.55991552001797 4922419.8319346094504
488597.94227753498126 4922418.590904626064
488598.51011515501887 4922417.256985575892
488598.99826430698158 4922415.8491548132151
488599.49970593099715 4922414.4598136460409
488599.81563975202153 4922413.1448487881571
488600.25087983498815 4922411.8111621541902
488600.56694362999406 4922410.5702484641224
488601.05515858100262 4922409.1994434334338
488601.47691239300184 4922407.7361906459555
488602.0312973280088 4922406.2912184651941
488602.49325254600262 4922405.0685622394085
488602.99482542398619 4922403.7532724924386
488603.49656058102846 4922402.5305466875434
488603.95880806702189 4922401.4745055986568
488604.18260505597573 4922400.5484718931839
488604.79041961202165 4922399.3255604701117
488605.33206469402649 4922398.176816297695
488605.79411833797349 4922397.0096986647695
488606.44148630101699 4922395.6571283042431
488607.00968413800001 4922394.5268506361172
488607.61714335798752 4922393.1002989057451
488608.2645120890229 4922391.7477287333459
488608.91201069101226 4922390.4692097511142
488609.59951598802581 4922389.3202106822282
488610.07521967601497 4922388.3752235341817
488610.67013293300988 4922387.3559764735401
488611.38432061701315 4922386.2994950972497
488611.91290240897797 4922385.2618513796479
488612.57408332900377 4922384.223975719884
488613.23532923700986 4922383.223125689663
488613.84360051702242 4922382.2593940710649
488614.62408878898714 4922381.2027970822528
488615.33850446302677 4922380.2759056128561
488616.25181892700493 4922379.3486663512886
488616.83363595599076 4922378.4220069628209
488617.30956812598743 4922377.6066098213196
488618.35502915002871 4922376.4199600536376
488619.18862325500231 4922375.4002964328974
488619.98253497597761 4922374.4362408136949
488621.1470449870103 4922373.082767829299
488621.83481319097336 4922372.0818723337725
488622.92031457397388 4922371.0432560080662
488624.05905014200835 4922370.1156238447875
488625.25056691997452 4922369.0397969530895
488626.53454775502905 4922367.7601675149053
488627.59307790297316 4922366.4624194046482
488628.42667473497568 4922365.4427569909021
488629.23375195701374 4922364.4231410147622
488629.98769265797455 4922363.3480794541538
488630.79451169102686 4922362.1803614413366
488631.74712572002318 4922360.9753632098436
488632.7664278090233 4922359.9924026923254
488633.69268426997587 4922358.8800149653107
488634.57929050701205 4922357.8417479535565
488635.58510729897534 4922356.7292215805501
488636.41854502999922 4922355.6169963115826
488637.26540459500393 4922354.5973118999973
488637.88697439798852 4922353.6520722163841
488638.77380821597762 4922352.7433952409774
488639.64702689199476 4922351.6311009582132
488640.13531916902866 4922350.2973245698959
488640.5571502620005 4922348.8711000317708
488641.01943991601001 4922347.833574462682
488641.2837670330191 4922347.3332666214556
488641.29731776600238 4922347.499858492054
488641.39007294899784 4922347.462670953013
488641.62875242601149 4922347.4622544385493
488641.60262015397893 4922347.6844540657476
488641.66885539598297 4922347.6473128115758
488641.61604165600147 4922347.7769948225468
488641.60274937801296 4922347.7585051832721
488641.57606790697901 4922347.6659875651821
488641.44362973602256 4922347.7587828589603
488641.21769332600525 4922347.4629717739299
488641.23114713898394 4922347.574025307782
488641.29747930000303 4922347.5924223875627
488641.40388213098049 4922347.7773650586605
488641.49673422798514 4922347.7957158572972
488641.45737430197187 4922348.0364514077082
488641.64285234897397 4922347.9435635562986
488641.92098866699962 4922347.7579498430714
488642.55714420700679 4922347.5717114191502
488642.50416893197689 4922347.6088295262307
488642.57066260598367 4922347.7197905145586
488642.62383169797249 4922347.7937490809709
488642.57085642497987 4922347.8308671889827
488642.6107332429965 4922347.8863361142576
488642.66383772797417 4922347.9232691219077
488642.59769939497346 4922348.0159487053752
488642.62415472901193 4922347.9788768729195
488642.6508038790198 4922348.0528817139566
488642.7436559710186 4922348.0712325302884
488642.79676045599626 4922348.1081655416638
488642.88970945199253 4922348.1820546993986
488642.86318951298017 4922348.182100973092
488642.90300172299612 4922348.200544340536
488642.9028402119875 4922348.10798044689
488642.88961254502647 4922348.1265163626522
488642.91610018000938 4922348.1079573100433
488642.82331269601127 4922348.1266320468858
488642.6642253639875 4922348.1454224726185
488642.5580163950217 4922348.0715564535931
488642.58431021397701 4922347.9419207265601
488642.55775796901435 4922347.923454221338
488642.54446569597349 4922347.9049645802006
488642.50468578701839 4922347.9050339935347
488642.49136121000629 4922347.8680315716192
488642.45148438797332 4922347.8125626500696
488642.29242935497314 4922347.8498658630997
488642.17296040500514 4922347.7760229902342
488642.10643442400033 4922347.6465492276475
488641.98690085799899 4922347.535680799745
488641.85413962497842 4922347.443348294124
488641.56216181599302 4922347.2957551237196
488641.49570042797131 4922347.2033069273457
488641.34977612999501 4922347.1665359092876
488641.20388413500041 4922347.1482776710764
488641.23014562099706 4922347.0001291558146
488641.19020417099819 4922346.907634684816
488641.15029502601828 4922346.8336529899389
488641.11038587900111 4922346.7596712931991
488641.17652420600643 4922346.6669916976243
488641.25605173397344 4922346.6483400771394
488641.38871607300825 4922346.6851342329755
488641.56116032798309 4922346.7218589745462
488641.78645063500153 4922346.6474144905806
488642.05158547899919 4922346.6099261557683
488642.29013577097794 4922346.5354585479945
488642.52875067398418 4922346.4980165120214
488642.7938209209824 4922346.4235026463866
488643.08537881798111 4922346.3304297421128
488643.24449849699158 4922346.33015210554
488643.46978883899283 4922346.2557076821104
488643.66868843801785 4922346.25536065083
488643.74824828002602 4922346.2552218390629
488643.97344173199963 4922346.1252390919253
488644.05284007801674 4922346.0325363902375
488644.1059445720166 4922346.0694694090635
488644.09278149297461 4922346.1250308817253
488644.15901676402427 4922346.0878896517679
488644.21183057001326 4922345.9582076603547
488644.25151359598385 4922345.9025999233127
488644.23838281701319 4922345.976674172096
488644.15911365998909 4922346.1434279894456
488644.09297528601019 4922346.2361075570807
488644.02683691697894 4922346.3287871209905
488643.9474062739755 4922346.4029770465568
488643.8284864120069 4922346.6438513891771
488643.82864790997701 4922346.7364152818918
488643.81548483797815 4922346.7919767536223
488643.82880940800533 4922346.8289791783318
488643.81564633600647 4922346.8845406491309
488643.89523846498923 4922346.9029146200046
488643.97479829797521 4922346.9027758110315
488644.04119505599374 4922346.9581984728575
488644.0015766369761 4922347.0508317733184
488644.02809658000479 4922347.0507855042815
488643.98831666301703 4922347.0508549083024
488644.0280642809812 4922347.0322727253661
488643.98809056897881 4922346.9212654540315
488643.89501236897195 4922346.773325166665
488643.84171408502152 4922346.625315473415
488643.85487715899944 4922346.5697540035471
488643.73544050502824 4922346.5144238797948
488643.65575146797346 4922346.4405115759
488643.57615932798944 4922346.4221376078203
488643.54947788099525 4922346.3296199822798
488643.43010582198622 4922346.311315426603
488643.24436929199146 4922346.2561009926721
488643.15148487599799 4922346.219237386249
488643.04534048499772 4922346.1823969203979
488642.99226828798419 4922346.1639766888693
488642.85976546001621 4922346.2197463922203
488642.81992093398003 4922346.1827902449295
488642.80666096002096 4922346.1828133817762
488642.76688104099594 4922346.1828827932477
488642.7403610930196 4922346.1829290669411
488642.76697794900974 4922346.2384211327881
488642.80669326300267 4922346.2013261625543
488642.84644088102505 4922346.1827439712361
488643.01878823398147 4922346.1639304161072
488643.15135567000834 4922346.1451862724498
488643.17806942400057 4922346.2562166741118
488643.32396143197548 4922346.2744749523699
488643.56273785297526 4922346.3295968472958
