488681.91638811700977 4922296.2226008782163
488682.14142311201431 4922296.0000555803999
488682.73741836601403 4922295.5917369499803
488683.28075963101583 4922295.4056639205664
488683.2409472130239 4922295.387220306322
488682.55129446199862 4922295.3143680663779
488681.9269763599732 4922294.6860172851011
488681.40899630798958 4922294.2055843193084
488680.40000687300926 4922293.5038512740284
488679.65499536902644 4922292.0981716057286
488679.38773303001653 4922290.9138150932267
488679.13363409001613 4922289.6738971965387
488678.87950285099214 4922288.4154665358365
488678.71815997199155 4922287.1383616626263
488678.79540216602618 4922285.805303318426
488679.01863427797798 4922284.5460423901677
488678.94956466299482 4922282.9540588697419
488678.69485353800701 4922281.3623982379213
488678.26827609498287 4922280.0672418950126
488678.47805499500828 4922278.696927363053
488678.30361269699642 4922277.5124094700441
488678.23521906102542 4922276.3091942872852
488677.88787989097182 4922274.8287718212232
488677.51382710202597 4922273.2373188454658
488677.27282623399515 4922271.9048141045496
488677.2840575259761 4922270.7384860981256
488677.29509560199222 4922269.4610814340413
488677.17350015399279 4922268.1653946619481
488677.22415760002332 4922266.7953569181263
488677.19528644502861 4922265.4439703552052
488677.09959930897458 4922263.7964947028086
488677.07059929898242 4922262.3710570400581
488677.06834500399418 4922261.0751626808196
488677.3846563299885 4922259.9638424925506
488677.62092381401453 4922258.5749690691009
488677.67180685698986 4922257.3345207870007
488677.602929871995 4922255.8536140006036
488677.7597976080142 4922254.5574428699911
488677.90314763097558 4922253.1131925992668
488678.00642740697367 4922251.5023965444416
488678.00385129102506 4922250.0213744454086
488677.97433621197706 4922248.2997323907912
488678.0378677630215 4922246.707518318668
488677.96886195597472 4922245.152560453862
488677.92660189600429 4922243.7271458944306
488677.91086218797136 4922242.3016852084547
488677.84192071302095 4922240.7837529061362
488677.74629781697877 4922239.1733028590679
488677.70387666299939 4922237.6553244348615
488677.74104888102738 4922236.15572039783
488677.67233272502199 4922234.7673775414005
488677.68314555799589 4922233.3603835217655
488677.57445553201251 4922231.8610332151875
488677.62488796899561 4922230.3614061269909
488677.56946414802223 4922228.9915529945865
488677.51439453597413 4922227.8253403967246
488677.44577486097114 4922226.4925358872861
488677.42964859399945 4922224.844921936281
488677.40048751502763 4922223.32692048233
488677.27844042901415 4922221.77205494605
488677.14310085697798 4922220.1986997053027
488676.87564195197774 4922218.9032667716965
488676.63467120798305 4922217.5892749410123
488676.38018248399021 4922216.1272039879113
488676.05936023499817 4922214.6467356169596
488675.88433611497749 4922213.1289879521355
488675.82887959299842 4922211.740622096695
488675.79975030699279 4922210.2411334551871
488675.74400387698552 4922208.6861526323482
488675.76804441801505 4922207.2606228198856
488675.87154990399722 4922205.7794162724167
488675.98854114802089 4922204.4277760842815
488675.95915422000689 4922202.78018526081
488675.96987015299965 4922201.317652983591
488675.88753874402028 4922199.7256927704439
488675.85834501701174 4922198.1891786074266
488675.85573624901008 4922196.6896438598633
488675.8000541490037 4922195.1716886190698
488675.73114395100856 4922193.6722692232579
488675.60909594799159 4922192.1174037894234
488675.43397452298086 4922190.544117866084
488675.31186197698116 4922188.952226895839
488675.25617969600717 4922187.4342716764659
488675.22708240500651 4922185.9532958706841
488675.1714967089938 4922184.4908789815381
488675.04935178701999 4922182.880475259386
488674.96727761701914 4922181.4366172943264
488675.04416611301713 4922179.8999186148867
488675.18742063699756 4922178.4001301312819
488675.31747933197767 4922176.9373902771622
488675.46070177998627 4922175.4190890369937
488675.37849878397537 4922173.9011799870059
488675.34924043901265 4922172.3276403415948
488675.29355804197257 4922170.8096851622686
488675.21167704300024 4922169.4769038660452
488675.05010515602771 4922168.0702099045739
488674.94154234899906 4922166.6449108878151
488674.92576968198409 4922165.2009376073256
488674.87037701997906 4922163.8495974112302
488674.78830259398092 4922162.4057394927368
488674.81234315002803 4922160.9802097845823
488674.80970196198905 4922159.4621623503044
488674.74082340899622 4922157.9812558246776
488674.72514731599949 4922156.5928208837286
488674.6564619760029 4922155.2229910064489
488674.6008759259712 4922153.7605741936713
488674.61130180198234 4922152.1314270664006
488674.58217203902313 4922150.631938572973
488674.6326045159949 4922149.1323116496205
488674.56350035499781 4922147.5218157377094
488674.49465384602081 4922146.0594220161438
488674.45229586400092 4922144.578469379805
488674.43639421800617 4922143.0604450581595
488674.50005490897456 4922141.5422823103145
488674.53719484299654 4922140.0241657104343
488674.45499122800538 4922138.5062567554414
488674.34629899001447 4922137.0069067273289
488674.21121474297252 4922135.5816539367661
488674.07613043597667 4922134.1564011517912
488673.86138698802097 4922132.6757484944537
488673.7660515710013 4922131.2319137314335
488673.71062620700104 4922129.8620608439669
488673.72147069097264 4922128.4735798202455
488673.79874612897402 4922127.1590345250443
488673.77080795099027 4922126.3445186782628
488673.73028580402024 4922125.9187941290438
488673.76832760899561 4922124.9190351944417
488673.9913711649715 4922123.548697784543
488674.10800926299999 4922121.9934172462672
488674.34444226598134 4922120.697107879445
488674.63372384797549 4922119.2896295962855
488674.85679999401327 4922117.9378050072119
488675.02677005098667 4922116.5490471655503
488675.21003283502068 4922115.1787790320814
488675.41984879702795 4922113.8269775379449
488675.62960043299245 4922112.4381505129859
488675.78640697197989 4922111.1049540890381
488675.73091746901628 4922109.6980756847188
488675.55624485597946 4922108.3839687695727
488675.39534795598593 4922107.3660431401804
488675.15546797699062 4922106.6814858354628
488675.16830973298056 4922106.4407967291772
488675.12856055697193 4922106.4593787118793
488675.12852834898513 4922106.4408659385517
488674.91581341199344 4922106.1265179459006
488675.10110559500754 4922105.9225544650108
488675.00799247901887 4922105.756101009436
488675.02131735900184 4922105.7931034844369
488675.08784513000865 4922105.9225775366649
488675.04796711797826 4922105.8671084325761
488675.04796711797826 4922105.8671084325761
488675.04790270101512 4922105.8300828868523
488675.04783828399377 4922105.7930573439226
488675.07419816899346 4922105.7004473432899
488675.06087328901049 4922105.6634448682889
488675.06080887198914 4922105.6264193262905
488675.07397271000082 4922105.5708579402417
488675.06058341299649 4922105.496829922311
488675.03393365198281 4922105.4228249760345
488675.0338692360092 4922105.3857994303107
488675.00731610000366 4922105.3673328021541
488674.98076296201907 4922105.3488661693409
488674.94098157098051 4922105.348935380578
488674.86116111598676 4922105.2009716276079
488674.84786844201153 4922105.1824819277972
488674.82128309598193 4922105.1455025253817
488674.80799042299623 4922105.1270128237084
488674.75485193700297 4922105.0715667940676
488674.70171345002018 4922105.0161207616329
488674.82089658797486 4922104.9233492631465
488674.99299275502563 4922104.756434394978
488674.9927028780221 4922104.5898194490001
488674.96502243599389 4922103.9234058000147
488675.20168174197897 4922102.7566859014332
488675.65083074499853 4922101.774724625051
488675.95417909201933 4922100.8300426751375
488676.19125735497801 4922099.9039888549596
488676.54758336802479 4922098.9221891211346
488676.82444322499214 4922097.9960661241785
488677.28649906499777 4922096.8104414111003
488677.6026897529955 4922095.6250704480335
488677.78672650200315 4922094.699108957313
488677.95743841602234 4922093.7361449915916
488678.16786745097488 4922092.7360862949863
488678.28556970698992 4922091.7917273696512
488678.48293155402644 4922090.90276838094
488678.67990708199795 4922089.7916561421007
488678.81061238702387 4922088.6991719948128
488678.94134993199259 4922087.6252006236464
488679.23092378099682 4922086.3843375714496
488679.30868381797336 4922085.3474840037525
488679.3730223950115 4922084.2180896410719
488679.30465931101935 4922083.0333875855431
488679.26291381800547 4922081.9041777234524
488679.26078887202311 4922080.6823348160833
488679.17919741402147 4922079.5161686018109
488679.23021111800335 4922078.3497717697173
488679.24131449498236 4922077.1093930415809
488679.21244312397903 4922075.7580068716779
488679.10404077998828 4922074.4252718500793
488679.10152945102891 4922072.9812757102773
488679.04620136797894 4922071.6669612172991
488679.05711154697929 4922070.3155058780685
488679.08128227002453 4922068.964027473703
488678.84056415699888 4922067.7981380326673
488678.45426977402531 4922066.7991172317415
488677.98850860801758 4922065.8557731574401
488677.46980172098847 4922064.9680596850812
488676.81874683598289 4922064.2286790916696
488676.11464960797457 4922063.489390832372
488675.82146826502867 4922062.6568236583844
488675.89932467899052 4922061.6755083976313
488676.34831563499756 4922060.6009833840653
488676.86348071502289 4922059.452291986905
488677.43178481998621 4922058.3590466827154
488677.94711126800394 4922057.3029192285612
488678.30321452202043 4922056.1915302714333
488678.30144359800033 4922055.1733278920874
488678.1270920910174 4922054.0443487223238
488677.83339538797736 4922052.9155771387741
488677.55321676301537 4922051.9348846701905
488677.25961647200165 4922050.8616514280438
488677.0193160129711 4922049.9364280970767
488676.76572270097677 4922048.9927150765434
488676.29928373702569 4922047.6606029663235
488675.92602293199161 4922046.5319698872045
488675.45997010101564 4922045.4220110839233
488674.75500106398249 4922044.1828781990334
488673.8643512710114 4922042.9255556343123
488672.9737011360121 4922041.6682331934571
488672.1494824999827 4922040.4848465742543
488671.63119163899682 4922039.837799613364
488670.90018336498179 4922038.876404857263
488669.61164959799498 4922037.5827497132123
488668.70828514598543 4922036.6401680335402
488668.04438480001409 4922036.1414774367586
488667.1280493849772 4922035.3655339917168
488666.37103444401873 4922034.7003902383149
488665.57397964497795 4922033.8872136836872
488664.73723952198634 4922033.1296448120847
488663.92698819300858 4922032.3535170936957
488662.99697199399816 4922031.336931318976
488662.10747898102272 4922030.746070092544
488661.31055215199012 4922030.0069451462477
488660.48716840101406 4922029.3048920324072
488659.66352646198357 4922028.4547368641943
488659.11864765698556 4922027.7707115728408
488658.53447068401147 4922027.3644471801817
488657.85717896098504 4922026.7917296467349
488657.07312468800228 4922025.8304288797081
488656.39557459502248 4922025.1096093449742
488655.8114294760162 4922024.7218579687178
488655.31949568202253 4922023.9822022477165
488654.88037844502833 4922023.1128647355363
488654.50766105798539 4922022.29895000346
488654.12174747698009 4922021.5220839390531
488653.8021047199727 4922020.7265895660967
488653.33620763401268 4922019.7091962303966
488652.95026149100158 4922018.9138174727559
488652.67049720097566 4922018.1737921191379
488652.24457532400265 4922017.2674061357975
488651.83181715302635 4922016.3054587561637
488651.59164092101855 4922015.4542874842882
488651.33788122900296 4922014.4180116457865
488651.17717194702709 4922013.5111633753404
488651.09602653700858 4922012.6041763927788
488650.93557538301684 4922011.8454302847385
488650.89521245000651 4922011.5122697958723
488650.93476848298451 4922011.3826110549271
488651.02756079699611 4922011.3639364512637
488651.04085372702684 4922011.3824261007831
488651.08066797099309 4922011.4008695119992
488651.12041766097536 4922011.3822873877361
488651.14687441999558 4922011.3452156102285
488651.18659183802083 4922011.3081207163632
488651.21308087301441 4922011.2895617084578
488651.22634152899263 4922011.2895385902375
488651.25302421697415 4922011.3820562008768
488651.29277390800416 4922011.3634740756825
488651.35920628497843 4922011.4374095592648
488651.26589757198235 4922011.1598798492923
488651.05266197700985 4922010.5493283672258
488650.73266327101737 4922009.5501936944202
488650.35936359898187 4922008.4030493684113
488649.86687921802513 4922007.3486770000309
488649.20165093097603 4922006.0909648081288
488648.57633352599805 4922004.9072343865409
488647.93769065302331 4922003.6865016175434
488647.29891839600168 4922002.3917178353295
488646.66037190501811 4922001.2265234999359
488646.10155070398469 4922000.1537543004379
488645.47597383701941 4921998.8219220349565
488644.82403681601863 4921997.5826999405399
488644.19868550798856 4921996.3804571861401
488643.56007328099804 4921995.1782376235351
488642.93468921398744 4921993.9574822271243
488642.30966021399945 4921992.9403673447669
488641.84424388897605 4921992.2006664015353
488641.47174924099818 4921991.5163418250158
488641.93513066699961 4921991.0897383196279
488642.690635098028 4921990.8847790714353
488643.08745477499906 4921990.3101891791448
488643.43158699397463 4921989.9393323035911
488643.68305583397159 4921989.6612012255937
488643.6694398749969 4921989.4575839051977
488643.61607410700526 4921989.2725487537682
488643.48327332001645 4921989.1617034859955
488643.45649354002671 4921989.0136476047337
488643.42958457302302 4921988.7915406515822
488643.23080324102193 4921988.8659387454391
488642.51517755899113 4921989.1263668267056
488641.78622663300484 4921989.3497925857082
488640.69859075697605 4921989.203587828204
488639.95631458697608 4921989.3900113953277
488638.85512718500104 4921989.0772151676938
488637.80730561300879 4921988.9494542293251
488636.85292291198857 4921989.173274025321
488635.43354312697193 4921988.8980594696477
488634.14644700702047 4921988.4374860022217
488632.80617857998004 4921987.902954342775
488631.4391622049734 4921987.2388798929751
488630.69675673701568 4921987.3512534443289
488629.52942669799086 4921987.1311384383589
488628.16224812099244 4921986.3745008362457
488626.96778187097516 4921985.8026900170371
488625.61412220902275 4921985.1941319331527
488624.30047088302672 4921984.7150939861313
488622.98652816499816 4921984.0694413883612
488621.56640240899287 4921983.3684361837804
488620.22606717300368 4921982.7968815742061
488618.8991218819865 4921982.2993551334366
488617.55865670699859 4921981.6537499986589
488616.2446803249768 4921980.9895859966055
488614.98384368600091 4921980.3808677941561
488613.85584067797754 4921979.9015072640032
488612.67466508300276 4921979.348188647069
488611.57298884500051 4921978.7577055087313
488611.08192106697243 4921978.5178979132324
488610.28475532197626 4921977.6491898726672
488610.08565010497114 4921977.5384612949565
488609.85995864798315 4921977.3907535932958
488609.8730898029753 4921977.3166793184355
488609.8861885649967 4921977.2240922730416
488609.92590595601359 4921977.1869971295819
488609.9125804459909 4921977.149994796142
488609.77974644297501 4921977.0206374451518
488609.69989055301994 4921976.8541617514566
488609.69989055301994 4921976.8541617514566
488609.726476789976 4921976.8911408791319
488609.71324845799245 4921976.9096768507734
488609.81923708698014 4921976.8539529237896
488609.88547593198018 4921976.8168113734573
488609.93842166097602 4921976.7611802555621
488609.93842166097602 4921976.7611802555621
488609.96507268201094 4921976.8351849224418
488609.88554071699036 4921976.8538369089365
488609.91225652297726 4921976.9648671122268
488610.00495203497121 4921976.8906536214054
488609.07618290302344 4921976.5960735706612
488608.10766390600475 4921976.3200760381296
488607.05912685202202 4921975.7850391482934
488606.23534156801179 4921974.8608397170901
488605.37093131698202 4921973.4553780555725
488604.85204517701641 4921972.475106632337
488604.31986573897302 4921971.4763456955552
488603.78742685902398 4921970.3294826606289
488603.26795683597447 4921969.0159815410152
488602.74871349101886 4921967.8320698430762
488602.36207742698025 4921966.6479260046035
488602.08136514399666 4921965.3710326068103
488601.41609094699379 4921964.0948125859722
488600.51299821300199 4921963.3188553545624
488600.38068245101022 4921963.4857024867088
488600.63328513299348 4921963.8555166283622
488600.52697218098911 4921963.7261130260304
488600.71294690400828 4921963.9109156029299
488600.68661991000408 4921964.0220386525616
488600.58033938100561 4921963.9111478179693
488600.55385029397439 4921963.9297070289031
488600.52719911397435 4921963.8557024011388
488600.46089535200736 4921963.8558185100555
488600.5008072850178 4921963.9297999152914
488600.48754653299693 4921963.9298231368884
488600.42121035099262 4921963.9114264799282
488600.32819056801964 4921963.8005124274641
488600.27501788001973 4921963.7265542438254
488600.26178954500938 4921963.7450902350247
488600.24843153299298 4921963.6895751515403
488600.23517078097211 4921963.6895983750001
488600.23517078097211 4921963.6895983750001
488600.22184518899303 4921963.6525960601866
488600.2483666940243 4921963.6525496160612
488600.26162744697649 4921963.6525263944641
488600.28814895497635 4921963.6524799494073
488600.34122438501799 4921963.6708998288959
488600.39442949299701 4921963.7633707812056
488600.43424417002825 4921963.7818138832226
488600.42098341701785 4921963.7818371048197
488600.4076578260283 4921963.7448347918689
488600.3810390640283 4921963.6893429318443
488600.3677783110179 4921963.6893661534414
488600.3677783110179 4921963.6893661534414
488600.34122438501799 4921963.6708998288959
488600.34125680400757 4921963.6894125975668
488600.34122438501799 4921963.6708998288959
488600.34128922299715 4921963.7079253662378
488600.32802847097628 4921963.7079485878348
488600.34132164297625 4921963.726438133046
488600.35464723297628 4921963.7634404469281
488600.35467965301359 4921963.7819532146677
488600.35480933001963 4921963.8560042856261
488600.35497142700478 4921963.9485681243241
488600.35513352398993 4921964.0411319630221
488600.32867685897509 4921964.078203943558
488600.30209051602287 4921964.0412248522043
488600.28892702399753 4921964.0967863770202
488600.31551336601842 4921964.1337654702365
488600.31561062397668 4921964.1893037715927
488600.31561062397668 4921964.1893037715927
488600.30241471197223 4921964.2263525314629
488600.28921880002599 4921964.2634012904018
488600.27605530701112 4921964.3189628124237
488600.27608772699023 4921964.3374755820259
488600.24956622102764 4921964.3375220261514
488600.22310955898138 4921964.3745940057561
488600.15674096101429 4921964.3376845838502
488600.09030752402032 4921964.2637496264651
488600.09011300298152 4921964.1526730190963
488600.10327649500687 4921964.0971114905551
488600.30205809697509 4921964.0227120844647
488600.77941275702324 4921964.0033633345738
488600.72679118497763 4921964.2441222015768
488600.515429630992 4921964.7073129415512
488599.878881171986 4921964.6899148514494
488598.77778492099606 4921964.4326637079939
488597.58347418898484 4921963.9534221310169
488596.62892703100806 4921964.0846839733422
488595.18318071501562 4921963.9020884921774
488593.55152426799759 4921963.571716485545
488592.07893181301188 4921963.2040404882282
488590.6864228679915 4921963.1324296556413
488589.29404369497206 4921963.134870192036
488587.86175244097831 4921963.0633296975866
488586.45588528399821 4921962.9362047128379
488584.98348705697572 4921962.6796069210395
488583.4449472730048 4921962.5156895900145
488581.94625462201657 4921962.3887283755466
488580.40774716698797 4921962.2433245265856
488578.90924927097512 4921962.2274406170473
488577.43730536202202 4921962.2300232844427
488576.00498128001345 4921962.1399726308882
488574.67900314799044 4921962.1978382384405
488573.3533824949991 4921962.4593445621431
488572.14727123797638 4921962.8132054749876
488571.08732092997525 4921963.333425424993
488569.89463324000826 4921963.7798273162916
488568.71488137298729 4921964.0410784622654
488567.66789967898512 4921964.3946607718244
488567.11146833602106 4921964.6918432079256
488566.84586314100306 4921964.4701557941735
488566.77952687098878 4921964.451759477146
488566.69970224099234 4921964.3037970783189
488566.67301816301188 4921964.2112798206508
488566.77923423802713 4921964.2851445665583
488566.55315114598488 4921963.9152851533145
488566.459870658 4921963.6562694404274
488566.23359243001323 4921963.1753334309906
488566.11375789297745 4921962.8978515369818
488565.99392334598815 4921962.6203696485609
488565.56873370398534 4921962.1397830462083
488566.59166530502262 4921963.1932173362002
488567.21592866297578 4921963.7660184968263
488568.14522171299905 4921964.3567968606949
488568.27873952500522 4921964.874921486713
488568.27890207798919 4921964.9674853235483
488568.21276088198647 4921965.0601656017825
488568.06679509498645 4921965.0048834644258
488568.01417474297341 4921965.2456425959244
488568.06757536402438 4921965.44918989297
488568.09438946202863 4921965.6157582290471
488568.00175928900717 4921965.7269978513941
488567.29890708602034 4921965.7097193840891
488566.11827772000106 4921965.4711262695491
488564.69879216502886 4921965.1403888277709
488563.22662123601185 4921965.0133853359148
488561.78113439300796 4921964.9788994099945
488560.25592036597664 4921964.8519897935912
488558.53111170901684 4921964.336662014015
488556.84654064197093 4921964.0804435070604
488555.32132630300475 4921963.9535350436345
488553.79633976699552 4921963.9562163120136
488552.28458142699674 4921963.9403618499637
488550.97209252300672 4921964.127798342146
488549.57990893197712 4921964.2413239814341
488548.24063812301029 4921964.2807055311278
488547.0472355959937 4921964.3198307203129
488545.70783451700117 4921964.2851617205888
488544.46106321702246 4921964.139253038913
488543.44008304399904 4921964.196588289924
488542.11368199001299 4921964.0137945516035
488540.80047643801663 4921963.7939522024244
488539.46084706502734 4921963.6296951137483
488538.14796730299713 4921963.594980978407
488536.68892583897104 4921963.3939090641215
488535.33570947800763 4921963.0445484975353
488534.34118550497806 4921963.0648129330948
488532.76279700698797 4921962.8639521086589
488531.27707061602268 4921962.5703642861918
488530.09643933799816 4921962.3317777020857
488528.90297130600084 4921962.3338806806132
488527.52342855097959 4921962.0956450784579
488526.14362464798614 4921961.7093076277524
488524.8305486139725 4921961.5635195728391
488523.27841985900886 4921961.2145121525973
488521.9123659110046 4921961.1058437377214
488520.70498397800839 4921960.737716245465
488519.43077571701724 4921960.0735016250983
488518.11698082799558 4921959.520434031263
488516.89604371099267 4921958.9857157254592
488515.60899853799492 4921958.5621912283823
488514.40164843702223 4921958.21257766895
488513.24740659899544 4921957.8998962780461
488512.00033929100027 4921957.5873788995668
488510.6335001999978 4921957.0344064254314
488509.31996537098894 4921956.6294427486137
488508.05976758699398 4921956.3910006033257
488506.81332075997489 4921956.4302268056199
488505.47352554497775 4921956.1734128706157
488504.55830367299495 4921956.0454392209649
488504.21352368500084 4921956.0460480768234
488503.77546059899032 4921955.7876421352848
488503.9487987110042 4921956.3242079559714
488503.74978910601931 4921956.2690209327266
488503.53702831000555 4921955.9361658198759
488503.4571694409824 4921955.7696914272383
488503.32423479499994 4921955.5847979467362
488503.1650401679799 4921955.5480534499511
488503.07228017202578 4921955.5852429270744
488503.01920439401874 4921955.5668238382787
488502.96619401400676 4921955.5854302896187
488502.89969398599351 4921955.474470785819
488502.85961740498897 4921955.3079261416569
488502.74000889901072 4921955.1600347850472
488502.67360695602838 4921955.1046135881916
488502.58068346901564 4921955.0492392340675
488502.46110764599871 4921954.9198606526479
488502.35469449800439 4921954.7349203489721
488502.27486828202382 4921954.5869587408379
488502.16871671099216 4921954.5501205800101
488502.18197748297825 4921954.5500971581787
488502.14196627901401 4921954.4205780485645
488502.12867280800128 4921954.4020887054503
488502.14193357998738 4921954.4020652836189
488502.15512895502616 4921954.3650163253769
488502.20810664800229 4921954.327897102572
488502.22136741998838 4921954.3278736807406
488502.22123662597733 4921954.2538226116449
488502.27418161998503 4921954.198190620169
488502.30070316698402 4921954.1981437755749
488502.31399663799675 4921954.2166331224144
488502.34035469201626 4921954.1240224409848
488502.35364816302899 4921954.142511786893
488502.35368086001836 4921954.16102455277
488502.30057237501023 4921954.1240927055478
488502.22110583301401 4921954.1797715425491
488501.93002282001544 4921954.5505421813577
488501.65102341101738 4921954.25482978113
488501.08126801799517 4921954.5150157455355
488500.69755590200657 4921954.9970270190388
488500.51226484397193 4921955.2009954154491
488500.47277686098823 4921955.367680599913
488500.35529403900728 4921956.4231191836298
488500.47359444497852 4921955.8304997896776
488500.5652425190201 4921955.1638761768118
488500.44730183098 4921955.9601360131055
488500.3558500019717 4921956.7378362342715
488500.01296692201868 4921957.8121858388186
488499.37851069902536 4921958.9796147029847
488498.62415181397228 4921959.8325374452397
488497.81694635702297 4921960.7966306079179
488496.91734111198457 4921962.0015538800508
488496.01731089502573 4921962.9658112972975
488495.15716135699768 4921963.9855368379503
488494.32307549699908 4921964.7460368657485
488493.31794176198309 4921966.2658652067184
488492.66980139398947 4921967.1926522031426
488492.48460911400616 4921967.4521591374651
488492.49773895501858 4921967.3780846232548
488492.59053144900827 4921967.3594077639282
488492.67012864997378 4921967.3777798824012
488492.77618189097848 4921967.359079583548
488492.82919214700814 4921967.3404730502516
488492.74975857301615 4921967.4146647686139
488492.81632410397287 4921967.5626497054473
488492.92299911601003 4921967.8956920029595
488492.83050115499645 4921968.0809837691486
488492.83063205599319 4921968.1550348419696
488492.76432833599392 4921968.155152047053
488492.76436106202891 4921968.1736648147926
488492.804306918988 4921968.2661583330482
488492.88413318397943 4921968.4141198294237
488492.83118838397786 4921968.4697518963367
488492.76504829502665 4921968.562432942912
488492.79166795598576 4921968.6179243633524
488492.73872315901099 4921968.6735564330593
488492.81818944297265 4921968.617877480574
488492.8710360659752 4921968.5067071085796
488492.73846135498025 4921968.5254542892799
488492.68545110797277 4921968.5440608225763
488492.63234268198721 4921968.5071290517226
488492.64560342597542 4921968.5071056103334
488492.6722230919986 4921968.5625970335677
488492.7120380459819 4921968.5810394762084
488492.65899507200811 4921968.5811332417652
488492.55284367402783 4921968.5442952373996
488492.51279963599518 4921968.3962634196505
488492.48631087498507 4921968.4148230720311
488492.44659409602173 4921968.4519189335406
488492.42039987200405 4921968.6370934983715
488492.42066168301972 4921968.7851956430823
488492.42079258902231 4921968.8592467131093
488492.39446746301837 4921968.9703702041879
488492.40776093199383 4921968.9888595305383
488492.36814233497716 4921969.0814936952665
488492.38146852998761 4921969.1184957912192
488492.43451150000328 4921969.1184020237997
488492.44780496798921 4921969.1368913492188
488492.47452280897414 4921969.2479210728779
488492.46139297197806 4921969.3219955880195
488492.43503512098687 4921969.4146063122898
488492.40857909200713 4921969.4516787305474
488492.40861181897344 4921969.4701914992183
488492.35563430399634 4921969.5073108030483
488492.4088736299891 4921969.6182936429977
488492.4885362550267 4921969.6736912950873
488492.63433895399794 4921969.6364079006016
488492.84644536202541 4921969.5990073038265
488493.08504053199431 4921969.5430470630527
488493.27072363399202 4921969.5612316662446
488493.40326559997629 4921969.5239717289805
488493.52274316502735 4921969.5978118423373
488493.64225345099112 4921969.6901647252962
488493.72178517497377 4921969.6715113203973
488493.88101223297417 4921969.7267683558166
488494.00045706698438 4921969.7820957098156
488494.09334769600537 4921969.8189571741968
488494.17297758400673 4921969.8558420799673
488494.23934672999894 4921969.8927504215389
488494.33210647397209 4921969.8555608205497
488494.4385523259989 4921970.059013764374
488494.51808404701296 4921970.0403603687882
