488560.57252313097706 4922062.0067466851324
488561.17126497597201 4922063.1534898420796
488561.67692252999404 4922064.1522939931601
488562.32883628399577 4922065.372995140031
488562.95432628900744 4922066.6492812586948
488563.56645793101052 4922067.8700524251908
488564.07211475499207 4922068.8688567709178
488564.5116638779873 4922069.9788542613387
488565.05706947797444 4922070.9590760283172
488565.52284668100765 4922071.9024120634422
488566.02863296697615 4922072.9752676505595
488566.41484671499347 4922073.9187435051426
488566.80093028798001 4922074.7881682990119
488567.30658608302474 4922075.7869729064405
488567.91822836897336 4922076.7300529284403
488568.56926190602826 4922077.4509098967537
488569.20732736302307 4922078.3384051537141
488569.89885730901733 4922079.4664733642712
488570.59028950298671 4922080.5390033358708
488571.21554891701089 4922081.6857008747756
488571.90717566700187 4922082.8693076176569
488572.7313747460139 4922084.0341688720509
488573.56854156497866 4922085.0323920156807
488574.31311206100509 4922086.1603675950319
488574.68554343597498 4922086.8076628893614
488574.7786593909841 4922086.9741149079055
488574.65941235597711 4922087.0298626972362
488574.77901681797812 4922087.1777553958818
488575.39140426501399 4922088.5466298786923
488575.93713158101309 4922089.7119802962989
488576.2832365380018 4922090.4703988581896
488576.7885972809745 4922091.3025892777368
488577.18832877697423 4922092.3941446952522
488577.29613447800511 4922093.3751354329288
488577.3245396540151 4922094.4488296508789
488577.24679597397335 4922095.4856844814494
488577.38118755101459 4922096.503654230386
488577.46234225097578 4922097.4106404287741
488577.50410532299429 4922098.5398496985435
488577.21422653697664 4922099.5955896172673
488577.10999447701033 4922100.6510037714615
488577.05971398000838 4922102.224682460539
488577.10170450201258 4922103.4834811408073
488577.32911412598332 4922104.6123646423221
488577.59607765998226 4922105.611588944681
488577.84991059399908 4922106.6848876141012
488578.24980340001639 4922107.8690069830045
488578.5300920860027 4922108.9052336020395
488578.77079421497183 4922110.0526066683233
488579.02485415397678 4922111.2554947976023
488579.25197085202672 4922112.2177634304389
488579.32028690702282 4922113.3654389800504
488579.70688611600781 4922114.5310689434409
488580.39857281802688 4922115.7517021838576
488580.86476681299973 4922116.9357054112479
488580.81380354898283 4922118.1206158902496
488580.9081205240218 4922118.9720405824482
488581.04225125699304 4922119.8419082630426
488581.21613077801885 4922120.6931933900341
488581.64212082297308 4922121.6366004245356
488582.14816040900769 4922122.8575595179573
488582.48142460401868 4922123.8566677477211
488583.1992734830128 4922124.8736142860726
488584.04975882999133 4922125.9088411135599
488584.74092406901764 4922126.8332704715431
488585.44551184802549 4922127.850240518339
488586.28273603401612 4922128.8854908952489
488587.05356050602859 4922129.8653193125501
488587.99657537002349 4922130.7337689623237
488589.12507346901111 4922131.5093294447288
488590.06760106398724 4922132.1000878047198
488590.77144113101531 4922132.691264655441
488591.68773960199906 4922133.4486846914515
488592.61739559302805 4922134.2616199348122
488593.17556539800717 4922134.9641293073073
488593.97216281399596 4922135.5181183014065
488594.91485157201532 4922136.2014412274584
488595.77859397901921 4922137.2366463709623
488596.54967549000867 4922138.3645781064406
488597.36024605401326 4922139.3258252898231
488597.89228326402372 4922140.2505348064005
488598.54363142099464 4922141.1565225571394
488598.51882923900848 4922142.137745979242
488599.01085791899823 4922142.9329358581454
488599.8470080679981 4922143.3572664875537
488600.76314188202377 4922144.022123943083
488601.73306264600251 4922145.1126824272797
488602.43790512101259 4922146.277756514959
488602.97023277002154 4922147.3690814143047
488603.47616914100945 4922148.5345038855448
488603.86279437702615 4922149.7186481077224
488604.1965076259803 4922150.976936311461
488604.60991259798175 4922152.3091363394633
488605.08971645502606 4922153.6967586511746
488605.55642177897971 4922155.1769680799916
488606.00963969697477 4922156.5276113403961
488606.64892367401626 4922158.1185957537964
488607.2083536030259 4922159.5431045191363
488607.74045257497346 4922160.5048404131085
488607.96759574097814 4922161.4856228847057
488608.16737576999003 4922161.9851196659729
488608.5519906830159 4922162.021472225897
488608.539183906978 4922162.280674261041
488608.84404232999077 4922162.2060894323513
488608.97651622502599 4922162.1318062832579
488609.16225829499308 4922162.1870197327808
488609.334707617003 4922162.2237436193973
488609.40087977400981 4922162.1495765019208
488609.48047426197445 4922162.167950049974
488609.54651684302371 4922162.0197318419814
488609.66566561197396 4922161.9084463631734
488609.74506573297549 4922161.8157432721928
488609.81123790197307 4922161.7415761593729
488609.87747485900763 4922161.7044345950708
488609.91712633200223 4922161.6303138891235
488609.9302571049775 4922161.5562395919114
488610.00985159701668 4922161.5746131455526
488610.03643708402524 4922161.6115922871977
488610.04969743202673 4922161.6115690842271
488610.04969743202673 4922161.6115690842271
488610.07628292101435 4922161.6485482249409
488610.08954327099491 4922161.6485250219703
488610.10277122602565 4922161.6299890447408
488610.1028036189964 4922161.6485018189996
488610.0895756650134 4922161.6670377962291
488610.06302256998606 4922161.6485714279115
488610.02324152202345 4922161.6486410368234
488609.98359005100792 4922161.7227617399767
488609.9439385770238 4922161.796882445924
488609.8907999980147 4922161.7414369387552
488609.82462782901712 4922161.8156040515751
488609.78491157101234 4922161.852699207142
488609.75842326600105 4922161.8712583910674
488609.73196735797683 4922161.9083303436637
488609.6789907499915 4922161.9454487068579
488609.61268900800496 4922161.9455647263676
488609.53309451800305 4922161.9271911764517
488609.46685756300576 4922161.9643327435479
488609.38726307399338 4922161.9459591982886
488609.29434344201582 4922161.890583306551
488609.18813106499147 4922161.816717851907
488609.10843938402832 4922161.7428059866652
488609.0155521450215 4922161.7059428747743
488608.94921800197335 4922161.6875461265445
488608.89614420599537 4922161.669126175344
488608.82971287099645 4922161.5951911062002
488608.75002118299017 4922161.5212792465463
488608.65697194897803 4922161.3918522726744
488608.60380095598521 4922161.3178940024227
488608.56389031402068 4922161.2439125245437
488608.55046797299292 4922161.151371864602
488608.52378528099507 4922161.0588544085622
488608.52359089197125 4922160.9477777667344
488608.53675404802198 4922160.8922162400559
488608.54991720599355 4922160.836654712446
488608.5630803629756 4922160.7810931866989
488608.57624352100538 4922160.7255316581577
488608.56291837297613 4922160.6885293191299
488608.58943907602224 4922160.6884829066694
488608.60269942699233 4922160.6884597009048
488608.61586258397438 4922160.632898173295
488608.62905813998077 4922160.5958494180813
488608.65561124298256 4922160.6143157817423
488608.66883919597603 4922160.5957798007876
488608.69542469497537 4922160.6327589377761
488608.69545709301019 4922160.6512717111036
488608.69545709301019 4922160.6512717111036
488608.72194539697375 4922160.6327125262469
488608.70862024999224 4922160.5957101825625
488608.69532750197686 4922160.5772206177935
488608.68203475297196 4922160.5587310483679
488608.65551404899452 4922160.5587774617597
488608.64225369901396 4922160.5588006684557
488608.62899334501708 4922160.5588238732889
488608.62902574200416 4922160.5773366475478
488608.62905813998077 4922160.5958494180813
488608.56278878101148 4922160.6144782239571
488608.53623567899922 4922160.5960118602961
488608.44338081701426 4922160.5776615329087
488608.72210738499416 4922160.7252763928846
488609.28014361002715 4922161.3537360783666
488609.97123673197348 4922162.2411426054314
488610.96722046402283 4922163.0724772550166
488612.09548351098783 4922163.7184523269534
488613.48791692202212 4922163.7715549105778
488614.68008514697431 4922163.0474691996351
488615.89854769298108 4922162.1937479106709
488616.81250812101644 4922161.6182518005371
488617.64706846798072 4922161.1354588158429
488618.37486635497771 4922160.2640831824392
488618.83697181998286 4922159.1154797207564
488619.35215124697424 4922157.9852963387966
488620.01338899799157 4922156.9659346211702
488620.43639355397318 4922156.2061690744013
488620.76732003100915 4922155.8723596148193
488621.08518035302404 4922155.6496499907225
488621.20232298999326 4922154.390572774224
488621.20135212899186 4922153.8351895716041
488622.11974744399777 4922155.7959441766143
488622.35953414597316 4922156.4249612642452
488623.62124202802079 4922157.5520386593416
488624.0592220830149 4922157.7734271679074
488623.63349937601015 4922156.9781195083633
488624.08532219700282 4922157.5327147645876
488624.23105672100792 4922157.458408754319
488624.38966337102465 4922157.1619262900203
488623.63249636697583 4922156.4042235324159
488623.22042215499096 4922155.831046002917
488622.72791203897214 4922154.7581626819447
488622.26399346900871 4922154.8700505429879
488621.63917071500327 4922153.9640140486881
488621.58486717700725 4922153.2421086048707
488621.53201987798093 4922153.3532779635862
488621.20054307801183 4922153.3723702365533
488621.06751870497828 4922153.1319359885529
488620.82860555802472 4922153.002763829194
488620.68283861200325 4922153.0585571434349
488620.52339056797791 4922152.873707588762
488620.45676508801989 4922152.6886957632378
488620.27086102502653 4922152.540918125771
488620.16481044300599 4922152.5596163570881
488619.96554890199332 4922152.3563235877082
488619.50062683498254 4922151.8943156730384
488620.81673680600943 4922153.7988362666219
488621.40181096101878 4922154.7234549941495
488621.84060028998647 4922155.4076626878232
488622.18663171801018 4922156.1290582064539
488622.36008424498141 4922156.7396784136072
488622.36034311499679 4922156.8877806011587
488622.25455147301545 4922157.0545809892938
488622.13530532200821 4922157.1103279115632
488622.12233619799372 4922157.2769660530612
488622.12246563599911 4922157.35101714544
488622.09610671800328 4922157.4436273714527
488622.06981251697289 4922157.5732631422579
488622.01680344599299 4922157.5918686315417
488621.96379437402356 4922157.6104741198942
488621.92398094199598 4922157.5920308837667
488621.87100422999356 4922157.6291491454467
488621.80463771999348 4922157.5922394944355
488621.76479192700936 4922157.5552834821865
488621.71175049699377 4922157.5553761990741
488621.6586119820131 4922157.4999305978417
488621.60544110601768 4922157.4259722195566
488621.57879094599048 4922157.3519674856216
488621.55223786900751 4922157.3335010726005
488621.49890518398024 4922157.1669788295403
488621.47225502197398 4922157.0929740956053
488621.41905177902663 4922157.0005029458553
488621.3658161740168 4922156.8895190255716
488621.35242637002375 4922156.8154911128804
488621.35239400801947 4922156.7969783395529
488621.35245873202803 4922156.8340038843453
488621.36575145099778 4922156.8524934807792
488621.3790441720048 4922156.8709830725566
488621.3790441720048 4922156.8709830725566
488621.39240161597263 4922156.9264982137829
488621.39246633899165 4922156.963523760438
488621.37930306402268 4922157.0190852591768
488621.37949723401107 4922157.1301619019359
488621.39288703800412 4922157.2041898155585
