488654.37026751798112 4922270.6117703728378
488654.37039659399306 4922270.6858214791864
488654.29083583300235 4922270.6859601587057
488654.31761423900025 4922270.834016148001
488654.37100970197935 4922271.0375642394647
488654.4111127720098 4922271.2226226674393
488654.33168108999962 4922271.2968124542385
488654.2522171420278 4922271.3524894630536
488654.19914436998079 4922271.3340691393241
488654.21246903401334 4922271.3710715826601
488654.13284373900387 4922271.3341847080737
488654.0398937779828 4922271.260295397602
488653.8540583900176 4922271.1495423335582
488653.827505868976 4922271.131075784564
488653.84079826402012 4922271.1495654480532
488653.80098561599152 4922271.131122013554
488653.73436227597995 4922270.9461098182946
488653.18972891301382 4922270.3916742326692
488653.38879218901275 4922270.4838913846761
488653.34881817700807 4922270.3728840714321
488653.37533843098208 4922270.3728378405795
488653.38850174401887 4922270.317276394926
488653.41505427099764 4922270.3357429401949
488653.49464731098851 4922270.3541170265526
488653.50784289598232 4922270.3170683588833
488653.5077138110064 4922270.2430172525346
488653.42805622797459 4922270.18761761114
488653.37485435599228 4922270.0951461894438
488653.38798539800337 4922270.0210719648749
488653.40131006902084 4922270.0580744016916
488653.40134234097786 4922270.076587180607
488653.41447338199941 4922270.0025129569694
488653.41431202401873 4922269.909949073568
488653.41424748097779 4922269.8729235194623
488653.46757844102103 4922270.0394460512325
488653.3745639109984 4922269.928531197831
488653.30823099397821 4922269.9101339960471
488653.18876074702712 4922269.8362909285352
488653.10913542698836 4922269.7994040679187
488653.05609491199721 4922269.7994965305552
488653.08267971500754 4922269.8364758547395
488653.02954238001257 4922269.7810299880803
488652.96311264397809 4922269.7070944597945
488652.94982024200726 4922269.6886047972366
488652.96304809802677 4922269.6700689056888
488652.97630822798237 4922269.6700457902625
488652.9364955649944 4922269.6516023604199
488652.8833582290099 4922269.5961564965546
488652.8700658280286 4922269.5776668358594
488652.73727088898886 4922269.4668213399127
488652.37879554502433 4922269.2082666186616
488651.74137327697827 4922268.6725057531148
488651.18357625399949 4922268.1736317835748
488650.65226713602897 4922267.6561988433823
488650.09437309997156 4922267.1017866376787
488649.92150712898001 4922266.8243955727667
488649.56270869902801 4922266.3807132439688
488648.93802951299585 4922265.5487251030281
488648.2337893290096 4922264.7168757775798
488647.34364868100965 4922263.7372480956838
488646.45334630797151 4922262.6650566551834
488645.61627798702102 4922261.7038494730368
488644.8324760820251 4922260.8721393048763
488644.14126893499633 4922259.910677857697
488643.50332828500541 4922259.0787133770064
488642.75930625101319 4922258.2469340544194
488642.08171401498839 4922257.4890902340412
488641.66974470001878 4922256.9714497895911
488641.13824007299263 4922256.3429409768432
488640.39415280800313 4922255.4741363748908
488639.80951036699116 4922254.7901819059625
488639.33111065102275 4922254.1986062210053
488638.6533883420052 4922253.3667116547003
488637.78970040101558 4922252.3500134479254
488637.16530922800303 4922251.6846414385363
488636.50110510399099 4922251.0008261604235
488635.71733307099203 4922250.187629872933
488634.98673081898596 4922249.4483921788633
488634.33543082902906 4922248.5609134323895
488633.69739083497552 4922247.6734115965664
488633.05915669497335 4922246.6748331673443
488632.32777779502794 4922245.4912891471758
488631.71603125997353 4922244.4741517603397
488631.13103124202462 4922243.5865575429052
488629.89569994300837 4922242.3668683646247
488629.12492750998354 4922241.4055475099012
488628.31414788402617 4922240.3147068154067
488627.51682224898832 4922239.3349197097123
488626.772666534991 4922238.4290911313146
488625.96227433899185 4922237.560404044576
488625.01882703200681 4922236.4327699225396
488623.96933015802642 4922235.323834114708
488623.25188803701894 4922234.5290362471715
488622.6404950050055 4922233.7155402582139
488622.02861641097115 4922232.6243526935577
488621.11107322800672 4922231.1449300516397
488620.44599147397093 4922229.9612714834511
488619.72828939702595 4922229.0183718027547
488619.06414587399922 4922228.3715838715434
488618.01497041102266 4922227.4477767916396
488617.11201315402286 4922226.7273553274572
488616.34175501501886 4922226.0622404143214
488615.47864280000795 4922225.378775161691
488614.54919691599207 4922224.6769132157788
488613.60645822598599 4922223.9565618243068
488612.80967895302456 4922223.2914937222376
488612.07874720002292 4922222.3671308662742
488611.17530271597207 4922221.369018599391
488610.2720523190219 4922220.4819831140339
488609.22287433501333 4922219.5581774543971
488608.38618377799867 4922218.8191284108907
488607.49632248899434 4922218.006121205166
488606.56690709601389 4922217.322773180902
488605.88985730399145 4922216.8796503385529
488605.07981613598531 4922216.2146063987166
488604.05735167698003 4922215.4018318038434
488603.20723768998869 4922214.5702427644283
488602.66253048501676 4922213.9787858873606
488601.87900911702309 4922213.3136959103867
488601.02921877999324 4922212.6672349097207
488600.1792661609943 4922211.9282101457939
488599.28956502897199 4922211.2077679457143
488598.50607540999772 4922210.5611911509186
488597.76246367598651 4922209.970083091408
488596.99223400797928 4922209.3234832501039
488596.31502056401223 4922208.787797533907
488595.93008399702376 4922208.5663179503754
488595.78405902697705 4922208.474009629339
488595.69107507198351 4922208.3816083809361
488595.50507471797755 4922208.1782931154594
488595.35898486402584 4922208.0489592505619
488595.29261871497147 4922208.0120498696342
488595.23957769299159 4922208.0121428025886
488595.21305718400981 4922208.0121892699972
488595.21315449400572 4922208.0677275946364
488595.25303256697953 4922208.1231962200254
488595.08048707002308 4922208.0309343794361
488594.49658170499606 4922207.7727778414264
488594.05879862897564 4922207.6624679602683
488593.7935610699933 4922207.6444199057296
488592.87759767699754 4922207.0721272556111
488591.93537317001028 4922206.6479834150523
488590.90026183100417 4922206.1869768546894
488590.19688399700681 4922205.8549787839875
488590.1040946309804 4922205.8736542630941
488590.21040386200184 4922206.0030577396974
488590.25021708902204 4922206.0215007821098
488590.19701379997423 4922205.9290298819542
488590.23685947898775 4922205.9659857014194
488590.25005483598216 4922205.9289369070902
488590.23676212702412 4922205.9104473767802
488590.2234045160003 4922205.8549322970212
488590.36949452100089 4922205.984266041778
488590.36949452100089 4922205.984266041778
488590.36949452100089 4922205.984266041778
488590.35610446101055 4922205.9102381849661
488590.27628330001608 4922205.762275445275
488590.16990916500799 4922205.5958464210853
488590.14312903798418 4922205.4477907093242
488590.06330786697799 4922205.2998279742897
488589.87730724801077 4922205.0965128671378
488589.6383629309712 4922204.9488290688023
488589.42574440897442 4922204.690022142604
488589.19989805697696 4922204.4497512420639
488589.05384044797393 4922204.3389302967116
488588.86790468002437 4922204.1726407706738
488588.88122985197697 4922204.2096430724487
488588.89449011499528 4922204.2096198266372
488588.81483117199969 4922204.1542209796607
488588.64218811097089 4922204.0064209876582
488588.53597618301865 4922203.9325558636338
488588.443089427019 4922203.8956930460408
488588.44318679400021 4922203.9512313678861
488588.39008083002409 4922203.9142988100648
488588.41656890098238 4922203.8957395404577
488588.44318679400021 4922203.9512313678861
488588.49635767098516 4922204.0251894826069
488588.5760490730172 4922204.0991010991856
488588.73543186800089 4922204.246924335137
488588.80209018400637 4922204.450448625721
488588.4971690599923 4922204.4880088511854
488588.2318988990155 4922204.451448250562
488587.06249641400063 4922203.0280104875565
488586.56969170900993 4922201.7885148441419
488586.06375639501493 4922200.6230935957283
488585.85065064299852 4922200.0865951608866
488585.66439003701089 4922199.7351779788733
488585.63757732097292 4922199.5686095124111
488585.05321630701656 4922199.0512749766931
488584.60191247798502 4922198.7928867870942
488583.99129050900228 4922198.423701052554
488583.36708349297987 4922197.8694108882919
488582.80911281297449 4922197.2779789408669
488582.05188064597314 4922196.4832554198802
488581.12219969998114 4922195.6518088467419
488580.28543792397249 4922194.8757378794253
488579.51507481100271 4922194.1550890188664
488578.82414330501342 4922193.3602495491505
488578.06691019702703 4922192.5655264947563
488577.69464758498361 4922192.0107947839424
488576.84403984999517 4922190.9015175914392
488576.15252284501912 4922189.7734484672546
488575.46110307902563 4922188.7009177450091
488574.78313834400615 4922187.7394404662773
488574.11862869199831 4922186.8890166282654
488573.53384315001313 4922186.1310170665383
488572.85578036902007 4922185.1140016680583
488572.20462800597306 4922184.3190930737182
488571.56683329702355 4922183.5796995861456
488570.87615974497749 4922182.9329631654546
488570.29160102497553 4922182.3045533178374
488569.82671005598968 4922181.8610616968945
488569.32171299500624 4922181.2325122263283
488568.60432327998569 4922180.474745974876
488568.08587060001446 4922179.7351432433352
488567.79261555202538 4922178.8655552137643
488567.34033417497994 4922178.0517850033939
488566.6892129490152 4922177.2753897421062
488565.94536689098459 4922176.5546959163621
488565.1085683350102 4922175.7601141436026
488564.41740545799257 4922174.8356868028641
488563.71294953499455 4922173.8927700575441
488563.04827438702341 4922172.9497834965587
488562.34378553001443 4922171.9883541269228
488561.65265439398354 4922171.0824398575351
488560.98833653097972 4922170.3430940192193
488560.23090336099267 4922169.4372964175418
488559.64601703197695 4922168.6237597987056
488558.98156853398541 4922167.810363072902
488558.31711986998562 4922166.9969664160162
488557.61275984800886 4922166.1095886640251
488556.90836708899587 4922165.2036982132122
488556.21733211702667 4922164.3533228486776
488555.69897440099157 4922163.6692594382912
488555.26056925201556 4922163.2072094678879
488555.00836226501269 4922163.0595502629876
488554.82235934899654 4922162.8562361663207
488554.70265816000756 4922162.6528054978698
488554.63609600899508 4922162.5048198876902
488554.72904865100281 4922162.5787077741697
488554.47648355399724 4922162.2274080766365
488553.99803674797295 4922161.6173259485513
488553.58608693600399 4922161.1182039119303
488552.9885572459898 4922160.6564339129254
488552.31130256498 4922160.1022400259972
488551.72729352198076 4922159.7885490097106
488551.18306548398687 4922159.4747880799696
488550.66532554099103 4922159.1424677744508
488550.02807952498551 4922158.7177935661748
488549.74935153202387 4922158.5701812151819
488549.6033899160102 4922158.5148994829506
488549.52363238402177 4922158.4039627984166
488549.43051679397468 4922158.2375111225992
488549.44361432100413 4922158.1449239281937
488549.5231113290065 4922158.1077584242448
488549.53630655602319 4922158.0707095498219
488549.42996316798963 4922157.922793972306
488549.42989803600358 4922157.8857684256509
488549.41657254600432 4922157.8487662058324
488549.4562884879997 4922157.8116706777364
488549.2171461150283 4922157.5529117286205
488548.81900969200069 4922157.3684838162735
488548.03589942801045 4922156.9440664127469
488547.27934235299472 4922156.5381152164191
488546.74837419000687 4922156.2243313249201
488545.89857093099272 4922155.5778775578365
488545.19492470100522 4922155.0977821722627
488544.41152070200769 4922154.5067502446473
488543.58820513298269 4922153.8417373336852
488543.0042602759786 4922153.5650726519525
488542.68552270601504 4922153.2879412099719
488542.65900197200244 4922153.2879878906533
488542.73872709798161 4922153.3804117152467
488542.76534558797721 4922153.4359033564106
488542.77870370901655 4922153.4914183355868
488542.72569482802646 4922153.5100244693458
488542.72575999802211 4922153.5470500160009
488542.69930443598423 4922153.5841222442687
488542.69953253300628 4922153.71371165663
488542.54073399800109 4922153.8991194758564
488542.38128375099041 4922153.7142718303949
488542.2475395600195 4922153.066558171995
488542.25890990998596 4922151.9927939763293
488542.44243699300569 4922150.7891369368881
488542.75905666698236 4922149.8629380995408
488543.12888085300801 4922149.0292097907513
488543.18120550899766 4922148.6218354217708
488543.15471734199673 4922148.6403948739171
488543.08861096401233 4922148.7515882104635
488543.07531800400466 4922148.7330987779424
488543.04873208398931 4922148.6961199091747
488543.07525283499854 4922148.696073230356
488543.07528541999636 4922148.7145860036835
488542.98236503300723 4922148.6592110618949
488542.9425187369925 4922148.622255532071
488542.902607267024 4922148.5482744593173
488542.88931430701632 4922148.5297850258648
488542.86269580002408 4922148.4742933856323
488542.82275174401002 4922148.3817995395511
488542.86246770602884 4922148.3447039751336
488542.68969178298721 4922148.1228541154414
488542.68917041900568 4922147.8266497440636
488542.34348817699356 4922147.308898948133
488541.50642228202196 4922146.3662180490792
488540.93433566798922 4922145.2934809643775
488540.3091747330036 4922144.202324539423
488539.51146558101755 4922143.018907812424
488538.87275043601403 4922141.7611599173397
488538.18118906300515 4922140.6145821204409
488537.47626925300574 4922139.4124894328415
488536.81090216099983 4922138.0807373560965
488536.10588401101995 4922136.8231064993888
488535.34772616100963 4922135.5100308246911
488534.70904209202854 4922134.2707961229607
488534.04357608500868 4922132.8835060195997
488533.47129139798926 4922131.6996929710731
488532.89894127898151 4922130.4788544308394
488532.30010272900108 4922129.2765754386783
488531.56846407597186 4922127.9634534949437
488530.96955981402425 4922126.7241490827873
488530.38411147001898 4922125.5958979986608
488529.73216506297467 4922124.3566871657968
488529.09351145999972 4922123.1359658027068
488528.44149931200081 4922121.8597295582294
488527.81617091497174 4922120.676010504365
488527.13789843500126 4922119.5479233134538
488526.63227245601593 4922118.5676345275715
488526.10009281797102 4922117.5688797570765
488525.55465257301694 4922116.570148402825
488525.00940797198564 4922115.6824937304482
488524.55665997898905 4922114.6095477435738
488524.36961034801789 4922113.8138258177787
488524.26248237601249 4922113.2216041255742
488524.22201564302668 4922112.8329060459509
488524.23504763102392 4922112.7032932620496
488524.38101048802491 4922112.7585744252428
488524.46050791098969 4922112.7214086176828
488524.48689826397458 4922112.647310773842
488524.35416321898811 4922112.5734934573993
488524.47373572399374 4922112.7028724672273
488524.47380099800648 4922112.739898012951
488524.43395437701838 4922112.7029425986111
488524.36771740199765 4922112.7400850309059
488524.36771740199765 4922112.7400850309059
488524.30138251598692 4922112.7216891460121
488524.22172190697165 4922112.6662910943851
488524.1420939330128 4922112.6294058188796
488524.1420939330128 4922112.6294058188796
488524.12889875902329 4922112.666454738006
488524.10250841098605 4922112.7405525846407
488524.06269442598568 4922112.7221099473536
488524.04956452600891 4922112.7961844140664
488524.04949925001711 4922112.7591588683426
488524.08924796199426 4922112.7405759626999
488524.10250841098605 4922112.7405525846407
488524.11570358497556 4922112.703503661789
488524.14219184499234 4922112.6849441314116
488524.11563830997329 4922112.6664781160653
488524.10237785999198 4922112.6665014941245
488524.12902931001736 4922112.7405058294535
488524.22195036901394 4922112.7958805020899
488524.27518799097743 4922112.9068636223674
488524.31509988597827 4922112.9808445777744
488524.34171869698912 4922113.0363361407071
488524.38159795297543 4922113.091804323718
488524.42150984599721 4922113.1657852819189
488524.44806338200578 4922113.1842512981966
488524.4879752729903 4922113.2582322563976
488524.50130099500529 4922113.2952344231308
488524.55437542602886 4922113.3136536879465
488524.63400338799693 4922113.3505389690399
488524.62084084702656 4922113.4061006633565
488524.66072010202333 4922113.4615688491613
488524.66072010202333 4922113.4615688491613
488524.72685916302726 4922113.3688881061971
488524.83189840702107 4922112.7762923808768
488524.59099104400957 4922111.5178446546197
488524.03183267998975 4922110.2599580036476
488523.35352582699852 4922109.1133584501222
488522.60904700699029 4922108.0409269668162
488521.82455805002246 4922106.8389763087034
488520.92098580201855 4922105.785338383168
488520.05706406297395 4922104.6575793363154
488519.14019810600439 4922103.585452276282
488518.38252280000597 4922102.55007021036
488517.7045080550015 4922101.5700862044469
488516.98654839699157 4922100.4976085890085
488516.36157513601938 4922099.5175311565399
488515.80310004600324 4922098.6484134402126
488515.37719694699626 4922097.7605490433052
488515.0042703319923 4922096.8355655455962
488514.710873849981 4922095.8919289158657
488514.45729140599724 4922094.9667348787189
488514.25727349100634 4922094.3376516094431
488514.29695695702685 4922094.282043101266
488514.28363113902742 4922094.245040955022
488514.35003156901803 4922094.3004622822627
488514.34999890398467 4922094.2819495098665
488514.36325939098606 4922094.2819261122495
488514.36325939098606 4922094.2819261122495
488514.3765525459894 4922094.300415485166
488514.28346781100845 4922094.1524770976976
488514.15027495101094 4922093.8194811884314
488513.84410772199044 4922093.1535595748574
488513.39168301702011 4922092.2657421119511
488512.77990358398529 4922091.2486160891131
488512.10195217002183 4922090.3056582231075
488511.34440490300767 4922089.3443280840293
488510.57376029400621 4922088.4755852911621
488509.73678029497387 4922087.588446855545
488508.83330147300148 4922086.5903489477932
488507.93011652200948 4922085.75886610616
488507.18599204602651 4922084.890076899901
488507.17260079702828 4922084.8160492265597
488507.35841131297639 4922084.9082853132859
488507.46469147200696 4922085.0191746465862
488507.43817045999458 4922085.0192214706913
488507.45149633602705 4922085.0562235992402
488507.42484458402032 4922084.9822193365544
488507.46469147200696 4922085.0191746465862
488507.47788660699734 4922084.9821256911382
488507.47775586799253 4922084.9080746052787
488507.5042768829735 4922084.9080277821049
488507.55738427600591 4922084.9449596796185
488507.57051404402591 4922084.870885184966
488507.57044867501827 4922084.8338596401736
488507.54376423999202 4922084.7413426050916
488507.53040567901917 4922084.6858277022839
488507.57012183102779 4922084.6487319264561
488507.59651210799348 4922084.5746340174228
488507.58308817801299 4922084.4820935735479
488507.29067063197726 4922084.0938404332846
488506.82583374902606 4922083.6873789047822
488506.08180695399642 4922082.8741281395778
488505.08553602098254 4922081.8947074273601
488504.47388509497978 4922080.9516332838684
488503.88839537999593 4922079.8048718785867
488503.26312390202656 4922078.6581807862967
488502.47866055200575 4922077.4747452773154
488501.61456836998696 4922076.2544248597696
488500.909831107012 4922075.1634128550068
488500.04554209200433 4922073.8320160228759
488499.2078064950183 4922072.5190852237865
488498.47631838498637 4922071.298530947417
488497.79770858999109 4922069.9853191748261
488497.11936023301678 4922068.8202096438035
488496.53393357200548 4922067.7104744575918
488495.84235692798393 4922066.5639012670144
488495.15068188199075 4922065.3617898402736
488494.56538546201773 4922064.3261059178039
488493.86051483900519 4922063.1610436113551
488493.26179384102579 4922062.0328193958849
488492.60986677900655 4922060.8121251501143
488491.95797220297391 4922059.6099437447265
488491.23977458599256 4922058.4078796291724
488490.56139112601522 4922057.2242580261081
488489.94934297702275 4922056.0590320304036
488489.2844814970158 4922055.0234892806038
488488.6724983919994 4922053.8952889498323
488488.04692711000098 4922052.5819844231009
488487.51421233802103 4922051.2870285622776
488487.11423410102725 4922050.0658892979845
488486.78055861301254 4922048.8446327885613
488486.39351323101437 4922047.438342416659
488486.33844074397348 4922046.2906444780529
488486.32295353297377 4922045.0317995529622
488486.18792453501374 4922043.6620891075581
488486.15901297499659 4922042.3107037954032
488486.22299106500577 4922040.9961798414588
488486.20740558998659 4922039.6817966196686
488486.1258445539861 4922038.5526583762839
488486.09739139297744 4922037.4604518571869
488486.05564487498486 4922036.3497560201213
488486.05377840000438 4922035.2945281341672
488485.99903321301099 4922034.3319579204544
488486.05034015898127 4922033.3506872905418
488486.03619542700471 4922032.8508659647778
488486.11510420200648 4922032.4804698331282
488485.98200689000078 4922032.2030128389597
488485.68974944902584 4922031.9073245422915
488485.41081809101161 4922031.6486383462325
488485.25155972602079 4922031.5748687461019
488484.94623809499899 4922031.3902805633843
488484.94627084297827 4922031.4087933329865
488484.86660890799249 4922031.3533957684413
488484.97377452201908 4922031.9641295121983
488485.08175881399075 4922033.0376825062558
488485.01755163102644 4922034.2226170664653
488485.09937489201548 4922035.4998574480414
488485.11489510000683 4922036.7772151194513
488485.26334879797651 4922038.2394659211859
488485.31891274201917 4922039.6648553889245
488485.36124882102013 4922041.1087810844183
488485.36350837699138 4922042.3861622270197
488485.71077250497183 4922043.7925228951499
488486.17721804900793 4922045.1061086393893
488486.76251751801465 4922046.1417917795479
488487.53287562599871 4922046.8439167756587
488488.48852160200477 4922047.3420730819926
488489.61606396798743 4922047.5622331472114
488490.84897081699455 4922047.3749249000102
