488466.88773943798151 4922167.5285760089755
488466.87408548698295 4922167.3064462197945
488466.88698501401814 4922167.1027822121978
488466.9133088850067 4922166.9916585795581
488466.92630681698211 4922166.8435328956693
488466.93914074497297 4922166.6028433414176
488466.95200747600757 4922166.3806665614247
488466.96507101197494 4922166.2695664251223
488466.97826575097861 4922166.23251738213
488466.96467740199296 4922166.0474131386727
488467.00452402600786 4922166.0843682037666
488467.03101190697635 4922166.0658084424213
488467.05753258999903 4922166.0657614525408
488467.0707929310156 4922166.0657379580662
488467.07076013099868 4922166.047225182876
488467.08382366900332 4922165.9361250456423
488467.12350629101275 4922165.8805162413046
488467.12327668897342 4922165.7509268252179
488467.16292651399272 4922165.6768052475527
488467.1760556549998 4922165.602730659768
488467.20274034002796 4922165.6952475393191
488467.24268536601448 4922165.7877409262583
488467.26907484902767 4922165.7136428421363
488467.29536593297962 4922165.5840064398944
488467.30849507602397 4922165.5099318483844
488467.30833107698709 4922165.4173679808155
488467.33475336298579 4922165.3617826718837
488467.36166764399968 4922165.5838889703155
488467.3750919830054 4922165.6764293443412
488467.37505918397801 4922165.6579165710136
488467.38815552799497 4922165.5653292080387
488467.38766353402752 4922165.2876376016065
488467.40062868100358 4922165.1209991462529
488467.38697474298533 4922164.8988693505526
488467.46620881097624 4922164.7136006522924
488467.39961189398309 4922164.5471031591296
488467.35927326901583 4922164.2324564857408
488467.37250081298407 4922164.2139202179387
488467.43890093697701 4922164.269341070205
488467.55794884701027 4922164.1025146674365
488467.51806941302493 4922164.047046826221
488467.5845679329941 4922164.1580059994012
488467.5981890669791 4922164.3616230180487
488467.51895499200327 4922164.5468917172402
488467.57196357101202 4922164.5282849688083
488467.51869259797968 4922164.3987895268947
488467.46578241902171 4922164.4729345953092
488467.42603418702492 4922164.4915178492665
488467.38615475298138 4922164.4360500089824
488467.41293783800211 4922164.5841052122414
488467.41313463501865 4922164.6951818531379
488467.12111186602851 4922164.5290837576613
488466.78881603002083 4922164.0853645550087
488466.69569840101758 4922163.9189140563831
488466.65568775200518 4922163.7893951255828
488466.62913425802253 4922163.7709293402731
488466.66894810000667 4922163.7893716311082
488466.49623558297753 4922163.6045493315905
488466.52275627397466 4922163.6045023407787
488466.62942947400734 4922163.9375443048775
488466.6828644759953 4922164.1596036069095
488466.6430178359733 4922164.1226485455409
488466.61643154401099 4922164.085669990629
488466.80253559298581 4922164.3445198917761
488467.53362570301397 4922165.3429174935445
488468.22496736299945 4922166.359898429364
488469.06200855597854 4922167.2840571757406
488469.99203582899645 4922168.3006154792383
488470.82910931197694 4922169.2432872308418
488471.6261392540182 4922170.0379273528233
488471.86541541398037 4922170.3707345537841
488471.74587570002768 4922170.2598692756146
488471.34763947298052 4922170.0199077716097
488470.77649424498668 4922169.4840472368523
488470.0192451379844 4922168.689336755313
488469.76644614402903 4922168.2084509190172
488469.97893945401302 4922168.3932028394192
488470.68334400397725 4922169.2990839071572
488471.69312945497222 4922170.4265781790018
488472.59656964201713 4922171.4061582805589
488473.49974729598034 4922172.2376363212243
488474.40282638097415 4922173.0135761611164
488475.47868280299008 4922174.011364210397
488476.62103714898694 4922175.1201117057353
488477.63065681798616 4922176.1550430357456
488478.42801277001854 4922177.1348117375746
488479.14554445102112 4922177.9666191628203
488479.42479747498874 4922178.4104328816757
488479.31842005602084 4922178.2440056689084
488479.26541155599989 4922178.2626123195514
488479.26560815097764 4922178.3736889651045
488479.38540971500333 4922178.6326565789059
488480.02308435202576 4922179.297989952378
488480.80724476999603 4922180.3148079635575
488481.72377873002551 4922181.2018020069227
488482.74668971402571 4922182.255223447457
488483.70372463099193 4922183.5494284145534
488484.63381279900204 4922184.6030143769458
488485.39109102397924 4922185.4162393510342
488486.38734917098191 4922186.3956571826711
488487.37015026202425 4922187.2640219749883
488488.39269924000837 4922188.1138037899509
488489.2959053000086 4922188.9637968093157
488490.27867288002744 4922189.8136492678896
488491.22185572399758 4922190.7746488591656
488492.21837400901131 4922191.902169787325
488493.0688978949911 4922192.9558976246044
488493.90625939302845 4922194.0651873378083
488494.80985657300334 4922195.1373344222084
488495.66047777602216 4922196.2466009240597
488496.53775011299876 4922197.4298717705533
488497.40163099800702 4922198.5391150712967
488498.25205504399491 4922199.5373052703217
488499.06292698497418 4922200.6651552915573
488499.91344862099504 4922201.7188840340823
488500.75057889602613 4922202.6985852140933
488501.56135190400528 4922203.7708972282708
488502.38495980401058 4922204.6025198474526
488503.23525150399655 4922205.5266596050933
488504.1520404270268 4922206.5617590257898
488505.04201431298861 4922207.4302904373035
488505.97206293599447 4922208.4653667043895
488506.90220932802185 4922209.5559814255685
488507.85890859400388 4922210.6650622384623
488508.82890046498505 4922211.7926325546578
488509.69248323899228 4922212.7352625271305
488510.56935868400615 4922213.6963819870725
488511.31343540101079 4922214.5466589508578
488512.21722291602055 4922215.729885129258
488513.16092149401084 4922216.9870923301205
488514.03854720701929 4922218.3740060906857
488514.78330890799407 4922219.6130517404526
488515.56794900697423 4922220.9075656207278
488516.35222952300683 4922221.9984390623868
488517.09689239697764 4922223.1819466594607
488517.90821533300914 4922224.5689779156819
488518.71921138302423 4922225.7708815224469
488519.42386417998932 4922226.8248701281846
488520.43421998299891 4922228.2856019940227
488521.08589667797787 4922229.376709876582
488521.79058135201922 4922230.4492115201429
488522.45558310201159 4922231.5773217109963
488523.16072429402266 4922232.9090023674071
488523.70657957700314 4922234.1483997693285
488524.21252349601127 4922235.3138162521645
488524.90430582099361 4922236.5899821538478
488525.43667182401987 4922237.6998136518523
488526.06212006200803 4922238.9575837841257
488526.60797428898513 4922240.1969814384356
488527.29946196102537 4922241.3065326204523
488527.87164035701426 4922242.4348069848493
488528.55051992199151 4922243.9146371912211
488528.9506417880184 4922245.228343221359
488529.33747069298988 4922246.5235598711297
488530.00295883900253 4922247.9293625000864
488530.54907253902638 4922249.3168627126142
488530.9758771089837 4922250.7230860274285
488531.4690475629759 4922252.1662181075662
488531.93540391902206 4922253.4427819680423
488532.48112536600092 4922254.6081290347502
488533.05349738802761 4922255.8474805336446
488533.46655165299308 4922256.9760357411578
488533.97236162697664 4922258.0674019102007
488534.45109676301945 4922258.8440976375714
488534.79745854297653 4922259.7506163995713
488535.10299633000977 4922260.0647964039817
488535.1828506939928 4922260.2312712538987
488535.23579346801853 4922260.1756395027041
488535.32861451199278 4922260.1754760127515
488535.34177683899179 4922260.1199143268168
488535.35526523797307 4922260.2494804067537
488535.35536306002177 4922260.3050187379122
488535.4085340850288 4922260.3789764214307
488535.44844495900907 4922260.4529574597254
488535.43511959601892 4922260.41595526319
488535.48822540498804 4922260.4528873935342
488535.5014203399769 4922260.4158384855837
488535.51474570098799 4922260.4528406830505
488535.50168119498994 4922260.5639406973496
488535.46196596202208 4922260.6010363157839
488535.4222507320228 4922260.6381319370121
488535.46232463797787 4922260.8046768577769
488535.74192895897431 4922261.4521335810423
488536.03534766100347 4922262.4142841622233
488536.34166776901111 4922263.1727708633989
488536.51437566900859 4922263.3575950339437
488536.58083940198412 4922263.4500421509147
488536.60745749698253 4922263.5055337753147
488536.56761186401127 4922263.4685782827437
488536.55415609799093 4922263.3575249742717
488536.54086335201282 4922263.3390355510637
488536.54083074798109 4922263.3205227758735
488536.59383871301543 4922263.3019165862352
488536.58054596802685 4922263.2834271620959
488536.60752270498779 4922263.5425593275577
488536.83362978999503 4922263.9309306386858
488537.11346205801237 4922264.7079768590629
488536.98265380499652 4922265.7264130981639
488537.06462721497519 4922267.0962184574455
488536.76140468998346 4922268.0964455092326
488536.31183174997568 4922268.8192378133535
488535.70326777402079 4922269.6163615146652
488535.40030643402133 4922270.7646908462048
488534.97758016799344 4922271.6725643044338
488534.66103283897974 4922272.6357892630622
488534.45115355600137 4922273.9320573620498
488534.0688275960274 4922275.1916035739705
488533.58029040897964 4922276.3772855745628
488533.29000284097856 4922277.1923616733402
488533.00033501302823 4922278.3591805519536
488532.84323577501345 4922279.5072530573234
488532.76553416298702 4922280.5626215180382
488532.67362663202221 4922281.0811428045854
488532.38281753502088 4922281.6000145152211
488532.51757121499395 4922282.8216241924092
488532.98333814798389 4922283.7649581925943
488534.09823019301984 4922284.3554048743099
488535.07996670599096 4922284.6313680969179
488536.1681425839779 4922285.1107851853594
488537.38865846098633 4922285.4418667154387
488538.45008564699674 4922285.7917414437979
488539.84236323100049 4922285.7707771295682
488540.94344015198294 4922286.0465311184525
488542.04438662697794 4922286.2482341825962
488543.26457613799721 4922286.3941890429705
488544.31153722002637 4922286.0591153074056
488545.27848171599908 4922285.4650028739125
488546.01961378200212 4922284.6491339299828
488546.41673266299767 4922284.2596656000242
488546.23226402001455 4922284.9264522474259
488546.31231325498084 4922285.2040039058775
488546.9760347980191 4922285.6101183714345
488547.10876606800593 4922285.6839361600578
488547.18842437298736 4922285.7393345022574
488547.37419602397131 4922285.8130589714274
488547.42746442300268 4922285.9425550866872
488547.46727728797123 4922285.9609978711233
488547.41423689998919 4922285.9610911952332
488547.42772500799038 4922286.0906573059037
488547.50702500302577 4922285.9424151014537
488547.59978053398663 4922285.90522622969
488547.57326034101425 4922285.905272891745
488547.46721214102581 4922285.9239723160863
488547.40100937697571 4922285.9796273056418
488547.30825384898344 4922286.0168161801994
488547.30835156998364 4922286.0723545085639
488547.20210792997386 4922285.9799772761762
488547.01669459900586 4922286.1098933601752
488547.01666202500928 4922286.0913805840537
488546.97688173502684 4922286.0914505794644
488546.85754086798988 4922286.0916605675593
488546.87076839001384 4922286.073124458082
488547.1349279480055 4922285.4802489476278
488547.34568885102635 4922284.6838262230158
488547.52970159502001 4922283.7578607257456
488547.30232546798652 4922282.6474907221273
488546.04147545597516 4922282.0017601223662
488545.2050463220221 4922281.4108213447034
488544.50099003699142 4922280.6900598639622
488544.11455713701434 4922279.6169955749065
488544.45756057801191 4922278.6166988387704
488545.75623706099577 4922278.1515925060958
488546.53894202801166 4922278.3538563651964
488547.42831415397814 4922278.8891636561602
488548.38418210699456 4922279.5354310842231
488549.2079047409934 4922280.4411108084023
488549.83318148198305 4922281.6063194060698
488550.60405862302287 4922282.623169275932
488551.4943415580201 4922283.6768348868936
488552.26512051699683 4922284.6381466239691
488553.16885834501591 4922285.802865806967
488554.07249818998389 4922286.9120467845351
488555.25463221501559 4922288.0392510443926
488556.4485938299913 4922288.3518700059503
488557.98695971898269 4922288.4602425722405
488559.53803248697659 4922288.2538749799132
488561.22212921798928 4922288.2879408337176
488562.74713735899422 4922288.3407995002344
488564.15270706999581 4922288.3383298609406
488565.74408067401964 4922288.4280982939526
488567.36194189701928 4922288.4993077609688
488569.00609568302752 4922288.4408816127107
488570.65028200298548 4922288.4009686587378
488572.28130575700197 4922288.4166177306324
488573.81954136502463 4922288.4509429316968
488575.47702029201901 4922288.429520694539
488577.04167858802248 4922288.4082617759705
488578.93774173199199 4922288.3308832217008
488580.96630840102443 4922288.1977342553437
488582.62378741201246 4922288.1763138389215
488584.61267132801004 4922288.0987741211429
488585.6604458509828 4922288.2265264736488
488587.17235599498963 4922288.3719779988751
488588.72381915600272 4922288.3877706918865
488590.20907920302125 4922288.4592183083296
488591.72082695300924 4922288.5121070053428
488593.352142593998 4922288.6943763541058
488594.65179368801182 4922288.7846630876884
488596.03081067599123 4922288.7637340249494
488597.58269531000406 4922289.0201949365437
488598.92199683998479 4922289.0363617287949
488600.45958368899301 4922288.7004376752302
488601.45418775401777 4922288.7542343521491
488602.81987984402804 4922288.6963043948635
488604.06639319902752 4922288.7311475509778
488605.63147279398981 4922288.9505616081879
488606.45337155100424 4922288.8195330426097
488607.58047924400307 4922288.8175602145493
488608.45493242400698 4922288.4087474076077
488609.54177396697924 4922288.1291528791189
488610.27104662498459 4922288.1093638911843
488610.7221488970099 4922288.2566772224382
488610.88101085502421 4922288.1082965778187
488611.09297797299223 4922287.9968486884609
488611.15914886700921 4922287.9226815719157
488611.96888901700731 4922288.4211113313213
488612.60628026002087 4922288.938355544582
488613.08451794297434 4922289.4373654117808
488613.27103361301124 4922289.9368856390938
488613.57666334399255 4922290.3066076645628
488613.62999515701085 4922290.4731298750266
488613.48413419898134 4922290.4733850350603
488613.47110081097344 4922290.6029976746067
488613.47129512298852 4922290.714074337855
488613.13933954801178 4922290.4554753787816
488613.44428916601464 4922290.4364290712401
488612.66113432997372 4922289.9749782858416
488612.35602274897974 4922289.9014607444406
488612.23684389999835 4922289.9942334201187
488612.22351903398521 4922289.9572310624644
488612.28991663997294 4922290.0126533983275
488612.1969988559722 4922289.9572774600238
488612.14382894802839 4922289.8833191497251
488612.03774824197171 4922289.8835047446191
488611.86517275398364 4922289.7727296771482
488611.75912443600828 4922289.7914280537516
488611.71957090101205 4922289.9210870964453
488611.72008914698381 4922290.2172915320843
488611.72057500301162 4922290.4949831943959
488611.64117643598001 4922290.5876862844452
488611.60181725397706 4922290.8284219894558
488611.49593090900453 4922290.9396842587739
488611.32342022197554 4922290.8659347593784
488611.31035448500188 4922290.9770346274599
488611.21759866597131 4922291.0142225874588
488611.2043385800207 4922291.0142457885668
488611.27093053597491 4922291.1807447802275
488610.93997906701406 4922291.4960420308635
488610.15837913297582 4922291.92320486065
488608.91248199297115 4922292.2401033118367
488608.05158099002438 4922292.8155078506097
488607.05895422800677 4922293.8909895922989
488606.23831993201748 4922294.7440164107829
488605.3508345260052 4922295.2824421767145
488604.58288441598415 4922295.9317358005792
488603.58964284299873 4922296.655475304462
488602.83547179499874 4922297.6009503602982
488601.90937390597537 4922298.8059062510729
488600.95659411797533 4922299.9183448329568
488600.05643341102405 4922300.790024551563
488598.20145102601964 4922301.6078383866698
488596.94284760399023 4922302.2394795855507
488595.61836579302326 4922303.1119033060968
488594.34711921098642 4922304.0953110214323
488593.03612528397935 4922305.0973014803603
488591.89777206000872 4922306.2470922954381
488590.94489772600355 4922307.303994028829
488589.85952055000234 4922308.4166666818783
488588.89348418300506 4922309.5291302967817
488587.92738323099911 4922310.6045685028657
488586.86842982901726 4922311.6616568304598
488585.74301423801808 4922312.6262977104634
488584.81662945199059 4922313.6646410664544
488583.89021249301732 4922314.6844717822969
488583.0565836019814 4922315.6856270413846
488582.42214774002787 4922316.8530485099182
488581.72060005401727 4922317.5577668966725
488580.99275980197126 4922318.3921213299036
488580.3709025310236 4922319.1707514012232
488579.76243535801768 4922320.0234093796462
488579.08770070399623 4922320.8946965271607
488578.21452068298822 4922322.0255116680637
488577.35450352198677 4922323.1007653214037
488576.83810997800902 4922323.5274667842314
488576.67915219202405 4922323.6203099358827
488576.66615209600423 4922323.7684354344383
488576.16321362101007 4922324.3061903500929
488575.48766754899407 4922324.7146584196016
488574.22926578298211 4922325.4573807166889
488572.91766173997894 4922326.107632484287
488571.65838290698593 4922326.3505102610216
488570.29263395699672 4922326.3714212188497
488568.72772469598567 4922326.2445795508102
488567.32164289901266 4922325.9508437588811
488565.95537353900727 4922325.6755511751398
488564.62894916301593 4922325.437214541249
488563.31637021398637 4922325.5320848915726
488562.05770973098697 4922326.1267073182389
488560.66648187697865 4922326.7400758089498
488559.26218951202463 4922327.4645445747301
488557.92439277400263 4922328.2999737672508
488556.58669402298983 4922329.190941574052
488555.30210076697404 4922330.118841951713
488554.16320515598636 4922330.9539221972227
488553.18395079101902 4922332.0849272664636
488552.44305117800832 4922333.0303849140182
488551.8484350600047 4922334.2162522254512
488551.14793457102496 4922335.5133828530088
488550.4072636020137 4922336.5884301904589
488549.64069167798152 4922338.0152670657262
488549.04669534397544 4922339.5528774410486
488548.5056740869768 4922341.0533689986914
488548.08396034198813 4922342.5351378554478
488547.6488890919718 4922343.9613917395473
488547.26633674802724 4922345.091347867623
488546.98937570198905 4922345.9434256730601
488546.76516144099878 4922346.6287951488048
488546.77861686598044 4922346.7398484908044
488546.99087415501708 4922346.7950135078281
488546.92389021400595 4922346.4063618099317
488546.99009235302219 4922346.3507068092003
488547.0557732990128 4922345.9988473495468
488547.01618882798357 4922346.1099940184504
488546.9633118059719 4922346.2026512427256
488546.95014955801889 4922346.2582129118964
488547.00302657898283 4922346.1655556885526
488547.0426762009738 4922346.091434574686
488547.01618882798357 4922346.1099940184504
488547.0029288540245 4922346.1100173499435
488546.93682443501893 4922346.2212106855586
488546.8573623180273 4922346.2768890187144
488546.81774527602829 4922346.3695229105651
488546.7383483130252 4922346.4622267996892
488546.69863354397239 4922346.4993223566562
488546.64575653197244 4922346.5919795837253
488546.61943204398267 4922346.703102924861
488546.60633495001821 4922346.7956901537254
488546.52706830302486 4922346.9624451622367
488546.44770392897772 4922347.0736618377268
488546.39482692402089 4922347.1663190638646
488546.31565801502438 4922347.3886124165729
488546.28926838201005 4922347.462710198015
488546.22322914301185 4922347.6109291007742
488546.14386478299275 4922347.7221457762644
488546.10424775799038 4922347.8147796755657
488546.07792328402866 4922347.925903018564
488546.03850172599778 4922348.1296135913581
488546.0518920099712 4922348.2036413764581
488546.03866461501457 4922348.2221774868667
488546.01207952102413 4922348.18519859761
488545.91922715498367 4922348.1668491587043
488545.87967529299203 4922348.2965086158365
488545.90629296697443 4922348.3520002830774
488545.87944724602858 4922348.1669191615656
488545.90544593497179 4922347.8706680266187
488545.86595922900597 4922348.0373530415818
488545.76134550501592 4922348.8706147791818
488545.63001639797585 4922349.5928465127945
488545.71026035398245 4922349.9814748652279
488545.76333279797109 4922349.9998943051323
488545.69784743600758 4922350.4628304578364
488545.47431763302302 4922351.5369683485478
488545.41108030301984 4922353.2772862715647
488545.62630208098562 4922355.0171141587198
488545.96083073900081 4922356.73821926862
488546.38821144402027 4922358.4776738425717
488546.78920233302051 4922360.291226234287
488547.24306989501929 4922362.0121214278042
488547.67025447601918 4922363.6404994223267
488548.05749618000118 4922365.1763835437596
488548.52442757901736 4922366.7861788300797
488548.88488848297857 4922368.1740074269474
488549.29871462401934 4922369.7468705335632
488549.67263053002534 4922371.2457525301725
488550.12639888300328 4922372.9111096132547
488550.58010187401669 4922374.5394411748275
488550.927790465008 4922376.2049849238247
488551.2091142089921 4922377.8336197528988
488551.45056040800409 4922379.4067862294614
488551.66542156197829 4922380.9429738018662
488551.93338733899873 4922382.516093660146
488552.09507844800828 4922383.9783234233037
488552.16408047400182 4922385.5147675666958
488552.17971729999408 4922386.8661771994084
488552.14189127797727 4922387.9770139781758
488552.13025943300454 4922388.9026763141155
488552.10517233901192 4922389.7172852931544
488552.00013521802612 4922390.3098808368668
488551.98726606997661 4922390.5320575246587
488552.06692305498291 4922390.5874559329823
488552.0936056249775 4922390.6799731915817
488552.15980735997437 4922390.6243182402104
488552.18626200500876 4922390.587246036157
488552.19968468998559 4922390.6797866169363
488552.19994517602026 4922390.8278888594359
488552.23982250900008 4922390.8833572333679
488552.26643995399354 4922390.9388489313424
488552.27996032097144 4922391.0869278525934
488552.24145053798566 4922391.8089962527156
488552.16391002200544 4922392.9569285670295
488552.13976721197832 4922394.3084081793204
488552.16856621997431 4922395.6042561708018
488552.23724251199747 4922396.9555725371465
488552.18635204498423 4922398.1775093413889
488551.9896030779928 4922399.3997026905417
488551.77910589298699 4922400.3442276585847
488551.64696312899468 4922400.603639815934
488551.55398127500666 4922400.5112391756848
488551.55398127500666 4922400.5112391756848
488551.59356549102813 4922400.4000925216824
488551.68589610001072 4922400.1222375519574
488551.65918099798728 4922400.0112075125799
488551.63236820802558 4922399.8446391345933
488551.68557047797367 4922399.9371097441763
488551.72548031900078 4922400.011090897955
488551.6857332889922 4922400.0296736462042
488551.68579841399333 4922400.066699209623
488551.67247342597693 4922400.0296969683841
488551.60640204197261 4922400.159403049387
488551.60669510398293 4922400.32601807639
488551.50051850802265 4922400.2706663198769
488551.39456985099241 4922400.3449040278792
488551.31488041597186 4922400.2709928471595
488551.28832812397741 4922400.2525267135352
488551.20860612497199 4922400.1601027529687
488551.04929237399483 4922400.0493059586734
488550.90356412599795 4922400.1236136481166
488550.83713454799727 4922400.0496791489422
488550.65130105998833 4922399.9389290092513
488550.50524715700885 4922399.8281089020893
488550.42546000902075 4922399.6986593902111
488550.31921826000325 4922399.6062820926309
488550.31921826000325 4922399.6062820926309
488550.31983701599529 4922399.9580249227583
488550.14856604801025 4922400.5877627003938
488549.89851755602285 4922401.6619471786544
488549.52978178899502 4922403.1065972233191
488549.18828242301242 4922404.9584818147123
488548.70059919299092 4922406.625495236367
488548.4251714880229 4922408.347673769109
488548.00355992297409 4922409.8849811414257
488547.4895857090014 4922411.6816307958215
488546.97512314800406 4922413.2005887841806
488546.50044033001177 4922414.7194768162444
488545.98630402900744 4922416.4235626999289
488545.41890062700259 4922417.9981525056064
488544.95777158701094 4922419.683632357046
488544.49638212402351 4922421.221009994857
488543.9288165839971 4922422.703036038205
488543.34786114498274 4922424.1110343486071
488542.75390685000457 4922425.6671583065763
488542.14636713499203 4922427.0381778497249
488541.65845925401663 4922428.5756023935974
488541.15725921001285 4922430.0945375440642
488540.64250625501154 4922431.44688104745
488540.04829251999035 4922432.854903020896
488539.56005960702896 4922434.2071999246255
488539.03240610600915 4922435.7632075091824
488538.42561793699861 4922437.5600214060396
488537.88460739300353 4922439.060514099896
488537.46290253399638 4922440.5422838907689
488537.02800329599995 4922442.0611026305705
488536.58004012500169 4922443.6910214489326
488536.21150538302027 4922445.24674904719
488535.89607510698261 4922446.8394088130444
488535.54080047900788 4922448.3951131030917
488535.18510209297528 4922449.7101512495428
488534.93597109202528 4922451.3026942890137
488534.58027299202513 4922452.6177324736491
488534.23776956502115 4922453.8957217605785
488533.84252078901045 4922455.3404195429757
488533.394331041025 4922456.8407491398975
488532.99905001802836 4922458.2669342020527
488532.49762599600945 4922459.6562806172296
488532.0490128149977 4922460.9159441515803
488531.60075862897793 4922462.379248322919
488531.20547834300669 4922463.8054335042834
488530.70402251201449 4922465.1762672923505
488530.20263214001898 4922466.5841266876087
488529.70133986498695 4922468.0475244726986
488529.1735936269979 4922469.5479946043342
488528.60606847301824 4922471.0485348915681
488528.03815201902762 4922472.326921839267
488527.55005512799835 4922473.7532708700746
488527.04853557801107 4922475.087079398334
488526.57366618997185 4922476.4948923513293
488525.9925888190046 4922477.8288412131369
488525.29263129498577 4922479.4221794838086
488524.64541915099835 4922480.8488092739135
488524.01101000298513 4922482.0162367904559
488523.33678935701028 4922483.1652217302471
488522.68902304198127 4922484.2771344128996
488521.88197742798366 4922485.296763850376
488520.9289448899799 4922486.2425995003432
488519.88319278298877 4922487.2441373551264
488518.83750631101429 4922488.2827009521425
488517.79195081302896 4922489.3953158445656
488516.66673960298067 4922490.4525329302996
488515.56804811500479 4922491.5097034163773
488514.52233035000972 4922492.5297549301758
488513.51645727700088 4922493.5867619784549
488512.53667910501827 4922494.4030561903492
488511.68913843599148 4922495.0154758878052
488511.29206723201787 4922495.423459276557
488511.1198222360108 4922495.4978146851063
488510.86792118800804 4922495.5167721854523
488510.76351049100049 4922496.4611113909632
488510.76553662901279 4922497.6089039640501
488510.9138438940281 4922498.997105255723
488511.08889916801127 4922500.5148492259905
488511.1972639359883 4922501.8105568280444
488511.01365483598784 4922502.9586770990863
488510.96182534500258 4922503.6437437161803
488510.88292101200204 4922504.0141398264095
488510.75032448902493 4922504.0143738910556
488510.69725319801364 4922503.9959547361359
488510.67021101398859 4922503.6997970119119
488510.70979389600689 4922503.5886500896886
488510.73621516197454 4922503.5330649241805
488510.80248075100826 4922503.5144351087511
488510.85529060702538 4922503.3847519969568
488510.90813314699335 4922503.2735816687346
488510.89467741700355 4922503.1625283751637
488510.98742963600671 4922503.1253389623016
488511.05372790800175 4922503.1252219313756
488511.06685684702825 4922503.0511473920196
488511.13318779901601 4922503.0695431474596
488511.15970710699912 4922503.0694963354617
488511.22636484197574 4922503.2730199247599
488511.23975520901149 4922503.3470476521179
488511.21323590102838 4922503.3470944631845
488511.16029532102402 4922503.4027264406905
488511.13387405098183 4922503.4583116015419
488511.08109686599346 4922503.6065074941143
488511.05454488098621 4922503.5880415225402
488511.00157162698451 4922503.6251607155427
488511.04135058500106 4922503.6250904975459
488511.04141594300745 4922503.6621160637587
488511.01486395898974 4922503.6436500921845
488511.01486395898974 4922503.6436500921845
488511.00147358898539 4922503.5696223638952
488511.01476592198014 4922503.588111740537
488510.9883773290203 4922503.6622096886858
488510.89549440098926 4922503.6253479653969
488510.85565008100821 4922503.5883926171809
488510.82903273601551 4922503.5329010784626
488510.78925377497217 4922503.5329712973908
488510.73624784202548 4922503.5515777068213
488510.68327458697604 4922503.5886969035491
488510.67024369398132 4922503.7183097945526
488510.69695907901041 4922503.8293396830559
488510.63082421699073 4922503.9220206355676
488510.61759724398144 4922503.94055682607
488510.60433759097941 4922503.9405802330002
488510.59114329901058 4922503.977629205212
488510.63092225702712 4922503.9775589853525
488510.6574088819907 4922503.9589993897825
488510.67070121399593 4922503.9774887645617
488510.6442472700146 4922504.0145611455664
488510.64431263000006 4922504.0515867136419
488510.57814508798765 4922504.1257548825815
488510.61792404600419 4922504.1256846617907
488510.55152774398448 4922504.0702633457258
488510.47190446802415 4922504.0333782210946
488510.51106249500299 4922503.6815651105717
488510.41778739599977 4922503.4225499909371
488510.24521581100998 4922503.3117775851861
488510.12587892502779 4922503.3119882559404
488510.03289793798467 4922503.2195881940424
488509.96640357800061 4922503.1086285337806
488509.88668224000139 4922503.0162050640211
488509.88661687599961 4922502.9791794978082
488509.89994189498248 4922503.0161816561595
488509.99246533901896 4922502.8494027461857
488510.0587309320108 4922502.8307729223743
488510.03230966598494 4922502.8863580869511
488509.99275947600836 4922503.016017797403
488509.97956518502906 4922503.0530667752028
488509.99282484001014 4922503.0530433664098
488510.03266916499706 4922503.0899987071753
488510.08587119198637 4922503.1824689954519
488510.08587119198637 4922503.1824689954519
488510.11242318199947 4922503.2009349623695
488510.15236555202864 4922503.2934286566451
488510.20546952902805 4922503.3303605923429
488510.245477259974 4922503.459879854694
488510.31187357002636 4922503.5153011688963
488510.33845824102173 4922503.5522799193859
488510.37830256199231 4922503.5892352657393
488510.37833524198504 4922503.6077480493113
488510.41814688401064 4922503.6261906120926
488510.47112013498554 4922503.5890714144334
488510.53761448402656 4922503.7000310812145
488510.61727044300642 4922503.7554289875552
488510.72351106599672 4922503.8478056527674
488510.80303630401613 4922503.8291524285451
488510.86939992598491 4922503.8660609638318
488510.9093422809965 4922503.9585546646267
488510.90940763999242 4922503.9955802308396
488510.96238089102553 4922503.9584610387683
488511.00206181197427 4922503.9028524681926
