488553.2582550389925 4922510.048712962307
488553.24470236798516 4922509.8821212295443
488553.33745473297313 4922509.8449324220419
488553.35058413899969 4922509.7708579674363
488553.35061669698916 4922509.7893707500771
488553.50960215198575 4922509.7150397794321
488553.72156105702743 4922509.6035899659619
488553.65555587102426 4922509.7703216169029
488553.73508115799632 4922509.7516689198092
488553.84099549602251 4922509.6589184468612
488553.86764500499703 4922509.7329229461029
488554.19887557299808 4922509.5842377124354
488554.21236310701352 4922509.713803880848
488554.35815404402092 4922509.6765218144283
488554.37154390802607 4922509.7505496339872
488554.43777699698694 4922509.7134074764326
488554.51733484200668 4922509.7132675703615
488554.47768614301458 4922509.7873886572197
488554.47791403101292 4922509.9169781450182
488554.58408881898504 4922509.972329955548
488554.82305533002364 4922510.1385253034532
488555.44681179901818 4922510.4521467639133
488556.30943700001808 4922510.8764253361151
488557.49029338598484 4922511.300144537352
488558.61824124801205 4922511.7980083245784
488559.83894130599219 4922512.2586835967377
488561.21872426499613 4922512.7005666615441
488562.46591069997521 4922513.1426830319688
488563.8589529269957 4922513.5845433557406
488565.37123407702893 4922513.9706559665501
488566.52573265199317 4922514.4869873197749
488567.66674378799507 4922514.8737526787445
488569.00661671400303 4922515.2416561320424
488570.34658701799344 4922515.6650982126594
488571.67336253297981 4922516.1255894228816
488572.97400863899384 4922516.8082808684558
488574.44683460402302 4922517.3795932671055
488575.68095458502648 4922517.9328121496364
488577.08764439902734 4922518.5968054393306
488578.3750947950175 4922519.3165468070656
488579.09277109097457 4922520.2594423154369
488580.44625917397207 4922520.8309654789045
488581.81274681101786 4922521.2543633906171
488583.05980029999046 4922521.6224325718358
488584.25352294900222 4922521.8239799607545
488585.22196193097625 4922522.0999740380794
488586.41594413900748 4922522.4496240969747
488587.58343945402885 4922522.8178336592391
488588.60494905797532 4922523.1122480221093
488589.69285399699584 4922523.4620846649632
488590.92680926097091 4922523.9227425213903
488592.29332801001146 4922524.3646554183215
488593.67287907097489 4922524.6769558759406
488595.14553922601044 4922525.1557090375572
488596.20763786399039 4922525.9128744956106
488597.13726993201999 4922526.7443235721439
488598.3711591809988 4922527.1679572686553
488599.68463832099224 4922527.6099646324292
488601.07770732499193 4922528.0703457053751
488602.27184967702487 4922528.5125625953078
488603.81057942297775 4922528.8616121290252
488605.23003741999855 4922529.2478965185583
488606.43769813497784 4922529.8381932312623
488607.80421457602642 4922530.2801093868911
488609.47531279001851 4922530.499338677153
488610.84166690899292 4922530.8486915472895
488612.02238652599044 4922531.1983695076779
488613.44190829497529 4922531.6216812571511
488614.55584388400894 4922531.6937838951126
488615.51111765002133 4922532.025344026275
488616.59892250300618 4922532.3196468157694
488617.83277704200009 4922532.72477141954
488619.18609724799171 4922533.2037387201563
488620.34029680100502 4922533.5534645579755
488621.56072945601773 4922533.8660491276532
488622.75464281300083 4922534.1786802830175
488623.90858313400531 4922534.3803044809029
488625.11588528897846 4922534.7669640304521
488626.19055906502763 4922535.1353427330032
488627.27797472500242 4922535.2074938928708
488628.41878451500088 4922535.4831931972876
488629.73209820897318 4922535.8326426995918
488630.5816496249754 4922536.3680309886113
488631.74901057902025 4922536.6621973328292
488632.79700282699196 4922536.9380595255643
488633.87144949397771 4922537.1768500041217
488634.86630624998361 4922537.397266802378
488635.42327342997305 4922537.4333199299872
488635.56912885297788 4922537.4330652514473
488635.63545909599634 4922537.4514622725546
488635.8871972450288 4922537.3399456767365
488636.01976076199207 4922537.3212013747543
488636.28485547599848 4922537.2651999974623
488636.7755570570007 4922537.319881780073
488637.54493613197701 4922537.5036669699475
488638.61915631598094 4922537.6128687430173
488639.79974394501187 4922537.8885006001219
488641.11299191700527 4922538.2009268281981
488642.41320631897543 4922538.6429659537971
488643.75310238002567 4922539.029397576116
488645.33150923199719 4922539.322849159129
488646.72418494697195 4922539.5610865866765
488647.91812832502183 4922539.8922351403162
488649.04574140300974 4922540.2049867575988
488650.23965225898428 4922540.5176229523495
488651.49999000300886 4922540.9041949054226
488652.90592472697608 4922541.142410534434
488654.37789905397221 4922541.2324086204171
488655.78363999200519 4922541.359548159875
488657.60039545601467 4922541.4674588702619
488659.45709087100113 4922541.6678647017106
488661.18102915998315 4922541.775938142091
488662.60015841101995 4922541.9771071942523
488664.20476039499044 4922542.0853893114254
488665.31911272497382 4922542.3981668362394
488666.57928801502567 4922542.6921777883545
488667.68047725700308 4922543.0605171611533
488668.96723591402406 4922543.3915079664439
488670.41291593800997 4922543.6111453380436
488671.64673272898654 4922543.9977673543617
488673.15883924701484 4922544.2913410803303
488674.7900884670089 4922544.4736307961866
488675.66586427297443 4922544.8423637542874
488677.16509732202394 4922545.3581149028614
488678.8097345349961 4922545.6144336955622
488680.28196505602682 4922545.8525399155915
488681.62211491301423 4922546.3870816091076
488682.88151610898785 4922546.2367888754234
488683.42457890498918 4922545.9026134693995
488683.5037822269951 4922545.6988345077261
488683.84772626997437 4922545.2354154689237
488684.01942471897928 4922544.8463472863659
488684.07178706297418 4922544.4574865913019
488684.12460003100568 4922544.327804881148
488684.01858784799697 4922544.365014879033
488683.96551738097332 4922544.3465943112969
488683.81969430297613 4922544.3653606893495
488683.77978684398113 4922544.2913787141442
488683.71332805301063 4922544.1989300614223
488683.69987535499968 4922544.0878764055669
488683.64680488500744 4922544.0694558396935
488683.62015699100448 4922543.995450809598
488683.68648703198414 4922544.0138483224437
488683.69958566100104 4922543.921261344105
488683.68639046698809 4922543.9583099661395
488683.65990351198707 4922543.9768688613549
488683.68651922000572 4922544.0323611069471
488683.71303835901199 4922544.0323149980977
488683.76594788697548 4922543.9581716395915
488683.81898616999388 4922543.9580794228241
488683.87205663998611 4922543.9764999924228
488683.81908273301087 4922544.0136177781969
488683.87202445202274 4922543.9579872060567
488683.95145312399836 4922543.8837977433577
488684.07069269899512 4922543.8280519051477
488684.12373098102398 4922543.8279596893117
488684.16350969398627 4922543.8278905292973
488684.19012539502 4922543.8833827776834
488684.21683765697526 4922543.9944133795798
488684.34949773398694 4922544.031208416447
488684.34969085198827 4922544.1422851253301
488684.45592834299896 4922544.2346646236256
488684.53567887598183 4922544.3456030189991
488684.57548977102851 4922544.3640466425568
488684.53555013198638 4922544.2715518791229
488684.57542539999122 4922544.327021076344
488684.58878152701072 4922544.3825363786891
488684.57548977102851 4922544.3640466425568
488684.57552195701282 4922544.3825594307855
488684.61536503600655 4922544.4195158397779
488684.60213765298249 4922544.4380516763777
488684.5888137120055 4922544.4010491622612
488684.52254804997938 4922544.4196772091091
488684.52261242101667 4922544.4567027809098
488684.50944941001944 4922544.5122641874477
488684.52270897902781 4922544.51224113442
488684.53600073402049 4922544.5307308658957
488684.54929249099223 4922544.5492205983028
488684.54938904900337 4922544.6047589527443
488684.57590818597237 4922544.6047128476202
488684.54945342097199 4922544.6417845226824
488684.61584782000864 4922544.6972076119855
488684.6291717599961 4922544.7342101288959
488684.70885791600449 4922544.8081229534
488684.72234278102405 4922544.9376893965527
488685.17429454997182 4922545.5848531005904
488685.91863249801099 4922546.6202782141045
488686.47743287100457 4922547.7115644514561
488687.4075329269981 4922548.8207181952894
488688.21852187399054 4922550.0596689777449
488689.13587651000125 4922551.4650505753234
488689.9469613119727 4922552.7595399310812
488690.81092314998386 4922553.9613733077422
488691.42298542999197 4922555.1821573134512
488691.66403754899511 4922556.5516887186095
488691.79798393900273 4922557.328995318152
488691.83801989298081 4922557.4770284844562
488691.94432139000855 4922557.6064336765558
488692.03720251697814 4922557.6432979861274
488692.13005147897638 4922557.6616495093331
488692.19638135400601 4922557.6800471069291
488692.18315397598781 4922557.6985829295591
488692.16995876200963 4922557.735631538555
488692.16995876200963 4922557.735631538555
488692.18302531901281 4922557.6245317906141
488692.20951224199962 4922557.6059729289263
488692.22277178498916 4922557.6059498917311
488692.24925870500738 4922557.5873910356313
488692.23599916201783 4922557.5874140728265
488692.18292882601963 4922557.5689934352413
488692.18292882601963 4922557.5689934352413
488692.19622053299099 4922557.5874831844121
488692.14302154199686 4922557.495011405088
488692.12976199900731 4922557.4950344422832
488692.10321074799867 4922557.4765677312389
488692.12976199900731 4922557.4950344422832
488692.12982632801868 4922557.5320600131527
488692.34349070902681 4922558.4017923250794
488692.63777364802081 4922559.8823083387688
488693.2498671960202 4922561.1216053105891
488694.31239873601589 4922562.1379657853395
488695.6395739390282 4922562.8391484757885
488697.0855059279711 4922563.2068940503523
488698.39874600502662 4922563.5193318352103
488699.57945494598243 4922563.8690256774426
488700.83984948997386 4922564.2926327576861
488702.31233204802265 4922564.6788462428376
488703.81130135501735 4922565.0465012453496
488705.00446605199249 4922564.9333534231409
488705.09715423599118 4922564.8591412026435
488705.08399109099992 4922564.9147025691345
488705.08399109099992 4922564.9147025691345
488704.92468399199424 4922564.8039019927382
488704.88477689499268 4922564.7299198815599
488704.88451986899599 4922564.5818176008761
488704.80493057001149 4922564.5634428840131
488704.75179607199971 4922564.5079965740442
488704.65901150100399 4922564.5266704410315
488704.59268172900192 4922564.5082727149129
488704.67227103002369 4922564.526647428982
488704.73853654402774 4922564.5080195860937
488704.72540553100407 4922564.5820937389508
488704.73869718698552 4922564.6005835141987
488704.69904711499112 4922564.674703692086
488704.68569120101165 4922564.6191883469
488704.672399544972 4922564.6006985725835
488704.67236741597299 4922564.5821857862175
488704.65910788800102 4922564.5822087973356
488704.64584836002905 4922564.5822318093851
488704.68556268600514 4922564.5451372032985
488704.67223890102468 4922564.5081346435472
488704.67217464302666 4922564.4711090745404
488704.69859731302131 4922564.4155246950686
488704.69853305601282 4922564.3784991223365
488704.84432361798827 4922564.3412204254419
488704.88403794600163 4922564.3041258202866
488704.8442272330285 4922564.2856820682064
488704.87074628897244 4922564.28563604597
488704.93704393500229 4922564.2855209894478
488704.97695103200385 4922564.3595030978322
488704.95056048798142 4922564.4336002608761
488704.97701528802281 4922564.396528666839
488704.95043197600171 4922564.3595491200686
488704.95036771998275 4922564.3225235482678
488705.04324867698597 4922564.35938804131
488705.06963922298746 4922564.2852908773348
488705.04308803897584 4922564.2668241132051
488705.02986063697608 4922564.2853599116206
488705.09612615301739 4922564.2667320687324
488705.09593338798732 4922564.155655358918
488705.13558346702484 4922564.0815351856872
488705.83769601298263 4922563.710059938021
488706.8450348310289 4922563.4861578764394
488707.88014544697944 4922563.9842085875571
488708.92877236497588 4922564.630338746123
488709.95043042598991 4922565.0173360798508
488710.56040080200182 4922565.0347908455878
488710.64015063497936 4922565.1457295585424
488710.61385636497289 4922565.2753650555387
488710.57394933601608 4922565.2013829145581
488710.53404230601154 4922565.1274007726461
488710.5338175210054 4922564.997811274603
488710.62618464697152 4922564.7384712789208
488710.785042093019 4922564.5900930035859
488710.82456378702773 4922564.4419217221439
488711.0097155260155 4922564.1639079526067
488711.03633091802476 4922564.2194003118202
488711.24880448402837 4922564.4041601894423
488711.38152820797404 4922564.4779813466594
488711.47415225097211 4922564.3667436465621
488711.50086396699771 4922564.4777743648738
488711.50089607597329 4922564.4962871493772
488711.65962510899408 4922564.2738577518612
488711.64659034297802 4922564.4034702479839
488711.6204565949738 4922564.625669666566
488711.51473357202485 4922564.8294942881912
488711.56761113600805 4922564.7368383705616
488711.43527273298241 4922564.8851706329733
488711.32958183001028 4922565.1075080418959
488711.32996714801993 4922565.3296614699066
488711.23737523198361 4922565.4594119563699
488711.26395850401605 4922565.4963915292174
488711.18587841797853 4922566.3481176514179
488711.26578877598513 4922566.5516202989966
488711.54333972802851 4922566.0327793471515
488711.70155498699751 4922565.5141453817487
488711.8332833229797 4922565.0140702044591
488711.92587525799172 4922564.8843197254464
488711.97894547798205 4922564.9027405213565
488711.97910601802869 4922564.9953044494614
488712.08505380601855 4922564.9210693342611
488712.11147653899388 4922564.8654849864542
488712.16438621701673 4922564.791341856122
488712.23061964299995 4922564.7542013032362
488712.29688517702743 4922564.7355735348538
488712.29701360501349 4922564.8096246784553
488712.20429323299322 4922564.8653240101412
488712.11144443100784 4922564.8469721982256
488712.03188726300141 4922564.8471101783216
488711.93891002901364 4922564.754707230255
488711.87248395499773 4922564.6807710733265
