488852.140314157994 4922600.3909398177639
488852.15370045101736 4922600.4649682501331
488852.22002943500411 4922600.4833674812689
488852.2864852520288 4922600.575817855075
488852.28670721699018 4922600.7054073624313
488852.23404991498683 4922600.9276516428217
488852.27389169402886 4922600.9646090827882
488852.30047402100172 4922601.001589233987
488852.3664859069977 4922600.8348606014624
488852.39287798001897 4922600.7607640326023
488852.41930176102323 4922600.7051802510396
488852.39284627098823 4922600.7422512462363
488852.44578895997256 4922600.6866220440716
488852.4589532869868 4922600.6310609718785
488852.44582066801377 4922600.7051348304376
488852.51202281401493 4922600.6494829161093
488852.44588408601703 4922600.7421604022384
488852.41965055902256 4922600.9088209029287
488852.37990390497725 4922600.927401821129
488852.35363867098931 4922601.0755495354533
488852.20826032699551 4922601.3534911554307
488852.15538106200984 4922601.4461459321901
488852.12914754397934 4922601.6128064338118
488852.11626860999968 4922601.8349825832993
488852.063230802014 4922601.8350734300911
488851.99709209200228 4922601.9277509218082
488852.10291402897565 4922601.7794669363648
488852.01028812600998 4922601.8907026369125
488852.01051009597722 4922602.0202921433374
488851.95766254997579 4922602.1314597073942
488851.9573454480269 4922601.9463318428025
488852.20854571199743 4922601.5201062327251
488852.23496948799584 4922601.4645224511623
488852.04962254001293 4922601.6314554894343
488851.63873807498021 4922601.7247234974056
488850.5640881669824 4922601.3563075717539
488849.34329868998611 4922600.8215266317129
488848.42649315099698 4922599.7123269969597
488847.43006710300688 4922598.5662382468581
488846.02358095301315 4922597.9947504559532
488844.80320296698483 4922597.7006365917623
488844.02099000499584 4922597.7575158579275
488843.1993160250131 4922597.999591268599
488843.14662727498217 4922598.2033228371292
488843.0275142909959 4922598.3331169113517
488842.82878108299337 4922598.4260218003765
488842.82868587400299 4922598.370483440347
488842.8020082769799 4922598.277964967303
488842.7635945630027 4922599.0740829715505
488842.61850221001077 4922599.5186398867518
488842.5125217679888 4922599.5743600940332
488842.38014936598483 4922599.7041769120842
488842.28736490901792 4922599.7228488167748
488842.11616629100172 4922600.408117428422
488842.05031335301464 4922600.6674100980163
488841.98407955997391 4922600.7045493321493
488841.91771880997112 4922600.6676374189556
488841.95749717298895 4922600.6675692219287
488842.27531148801791 4922600.4263574341312
488843.16296504897764 4922599.9990403903648
488844.46197919698898 4922599.7561467774212
488845.84061363502406 4922599.5501426495612
488847.3625960489735 4922597.8813787577674
488848.74081862298772 4922597.4347090227529
488850.29189011402195 4922597.2654360756278
488851.72340455302037 4922596.9667784068733
488853.28754545102129 4922596.6864067427814
488854.89165508502629 4922596.5170440571383
488856.57481442502467 4922596.0513409720734
488858.23202554002637 4922595.9189138719812
488859.83575523499167 4922595.5273989746347
488861.28113194101024 4922595.5804636487737
488862.72606510901824 4922595.3743496388197
488864.21118854201632 4922595.4088341118768
488865.90859007899417 4922595.5170071311295
488867.43374518497149 4922595.6995265744627
488868.90576736297226 4922595.8265987290069
488870.53693470399594 4922595.9719119146466
488872.02218456502305 4922596.0804493138567
488873.75923758698627 4922596.1145052220672
488875.41676545399241 4922596.1672103628516
488877.0214136330178 4922596.3125704992563
488878.59925810300047 4922596.2913612667471
488880.34893790300703 4922595.9551405515522
488881.8207067589974 4922595.934113336727
488883.37200078397291 4922595.8944377815351
488885.18819956597872 4922595.6876946296543
488886.76610743202036 4922595.7035129517317
488888.27778117998969 4922595.7564704185352
488889.96141710598022 4922595.5684677669778
488891.75122364098206 4922595.4358228622004
488893.36859401501715 4922595.2664470318705
488895.13191335299052 4922595.1523610986769
488896.74931546702283 4922595.001498894766
488898.15472409198992 4922594.9435629053041
488899.33427976502571 4922594.6268326668069
488900.79184236400761 4922594.0504487697035
488902.0773478000192 4922593.6594869885594
488903.73383446101798 4922593.1012773970142
488905.25801072700415 4922592.7099093319848
488906.75554201600607 4922592.2445356808603
488908.17386373702902 4922591.982938609086
488909.67167931300355 4922591.6841807058081
488911.32845099398401 4922591.2925881287083
488912.58762787998421 4922591.0127503229305
488914.44313436298398 4922590.5282557858154
488916.35145833401475 4922589.9140819525346
488918.2597826619749 4922589.2999086761847
488920.18146137602162 4922588.7412517499179
488921.86459583201213 4922588.257052780129
488923.38880581501871 4922587.8842017548159
488924.80668810399948 4922587.3634293088689
488926.27789203502471 4922587.0091819996014
488927.64317773800576 4922586.7476794188842
488928.79615436500171 4922586.3939740732312
488930.41280372202164 4922585.7988133784384
488932.01631981699029 4922585.2777267787606
488933.76584790297784 4922584.8489565076306
488935.39600936201168 4922584.4018767978996
488936.98629817797337 4922583.8993267510086
488938.39104878000217 4922583.4526309510693
488940.12744412000757 4922583.0979360723868
488941.70507176197134 4922582.9471526481211
488943.33551728900056 4922582.6666900021955
488945.03210318402853 4922582.2935512224212
488946.76865639002062 4922582.0314220450819
488948.49220172601053 4922581.9174181353301
488950.52043257898185 4922581.6362818470225
488952.46891809999943 4922581.2442045202479
488954.08607359498274 4922580.9452542895451
488955.68993832700653 4922580.6278141755611
488957.30703129799804 4922580.2918391767889
488958.92437568202149 4922580.1039668656886
488960.50194166699657 4922579.9161624284461
488962.18511277099606 4922579.450486687012
488963.82831726700533 4922578.873802117072
488965.36582270701183 4922578.5194512428716
488967.00940431200434 4922578.1649209083989
488968.53361921099713 4922577.7920804703608
488970.08419641799992 4922577.3266315190122
488971.80708463699557 4922576.8238652879372
488973.29177253000671 4922576.5991956526414
488974.7893750629737 4922576.1708632586524
488976.51229530398268 4922575.6866110591218
488978.15600362501573 4922575.4061346882954
488979.70705227798317 4922575.218379817903
488981.12538058898645 4922574.9567986596376
488982.72918541799299 4922574.6023396486416
488984.10789213399403 4922574.4333904040977
488985.64568167802645 4922574.245659395121
488987.31603506399551 4922574.0391916008666
488988.9732543299906 4922573.9067978104576
488990.53762578399619 4922573.756048665382
488991.99576467997395 4922573.5129153765738
488993.4935569849913 4922573.1956640016288
488994.73976307699922 4922573.0824796063825
488995.89299613900948 4922572.8768884530291
488997.00635684898589 4922572.6158263906837
488997.84136179002235 4922572.4107735771686
488998.07984522997867 4922572.299293410033
488998.13282068900298 4922572.262178179808
488998.10623907501576 4922572.2251974372193
488998.14586114202393 4922572.1325662666932
488998.1853893250227 4922571.9843967426568
488998.29124636598863 4922571.8546279305592
488998.29099601699272 4922571.7065256489441
488998.43656901799841 4922571.5396640282124
488998.38346837798599 4922571.5027281101793
488998.50261623802362 4922571.3914496786892
488998.62179539701901 4922571.2986840335652
488998.79410648602061 4922571.261367094703
488998.84708195901476 4922571.2242518747225
488999.24461704300484 4922571.0754772266373
488999.96022404701216 4922570.8336008228362
489001.04697237798246 4922570.5170459207147
489002.10742076300085 4922570.33012550883
489003.27385149901966 4922570.0874876845628
489004.50664245500229 4922569.8817636370659
489005.8323751949938 4922569.7499341769144
489007.30399394402048 4922569.636371422559
489008.90808285801904 4922569.4485339382663
489010.35308891400928 4922569.2794783031568
489011.48024168197298 4922569.3331136852503
489012.67319197702454 4922569.0904327742755
489014.17095504299505 4922568.7546733785421
489015.52317599399248 4922568.6042883461341
489017.00799220101908 4922568.4536798372865
489018.47961142897839 4922568.3401196105406
489019.9646463849931 4922568.3191012758762
489021.47620039002504 4922568.2980385450646
489023.06715540599544 4922568.1842780588195
489024.38019128597807 4922568.3857048787177
489025.69300857099006 4922568.457542466931
489027.25741336902138 4922568.3253149362281
489028.76881135202711 4922568.21168997325
489030.41249257000163 4922567.9127140222117
489031.95034734997898 4922567.7620195280761
489033.38234438898508 4922567.7410936374217
489034.66879860899644 4922567.9055416472256
489036.07443251402583 4922567.97722495161
489037.71870656497777 4922568.0299937715754
489039.27016394899692 4922568.082919315435
489040.56984629697399 4922568.22883337643
489042.02833112300141 4922568.1893519442528
489043.44688158301869 4922568.0573738766834
489044.83894421998411 4922567.9439535401762
489046.19132181297755 4922567.8861388079822
489047.41135345899966 4922567.9766497742385
489048.22030879399972 4922568.0493398401886
489048.37948533799499 4922568.086097670719
489047.98176204500487 4922568.1237926017493
489048.03529855702072 4922568.4199079181999
489048.06191105302423 4922568.4754016492516
489047.99555115302792 4922568.4384876424447
489048.04849577200366 4922568.3828600347042
489048.20745424699271 4922568.2900283625349
489048.16764453699579 4922568.2715825140476
489048.04843346797861 4922568.3458344629034
489047.92922240297776 4922568.4200864182785
489047.99580037099076 4922568.5865899240598
489047.93000121501973 4922568.8829060550779
489047.82404967898037 4922568.9571356968954
489047.95661370700691 4922568.9383997851983
489047.82408083201153 4922568.9756484823301
489047.75787669897545 4922569.0312984017655
489047.67850651202025 4922569.1425089929253
489047.67847535898909 4922569.1239962065592
489047.7845515019726 4922569.1238177036867
489047.70465170999523 4922568.9203109424561
489047.67794575501466 4922568.809278854169
489047.67782114300644 4922568.7352277133614
489047.73085921601159 4922568.7351384600624
489047.77070007898146 4922568.7720970930532
489047.77066892600851 4922568.7535843085498
489047.78389729099581 4922568.7350492095575
489047.74411873298232 4922568.7351161474362
489047.73064114502631 4922568.6055489610881
489047.73051653301809 4922568.5314978193492
489047.75681749900104 4922568.4018636969849
489047.75666173401987 4922568.3092997698113
489047.7563190520159 4922568.1056591300294
489047.74321529699955 4922568.1982453688979
489047.72967540100217 4922568.0316526116803
489047.6763569440227 4922567.8651267960668
489047.63629800098715 4922567.6985786659643
489047.59627021302003 4922567.5505433212966
489047.58294838498114 4922567.513540064916
489047.60946742701344 4922567.5134954378009
489047.60943627398228 4922567.4949826532975
489047.60943627398228 4922567.4949826532975
489047.60928050702205 4922567.4024187242612
489047.23810737201711 4922567.4585818611085
489047.14513494999846 4922567.3661741325632
489047.52938068797812 4922567.1989119658247
489048.61572695802897 4922566.64169880189
489049.79482778999954 4922566.0473040873185
489051.01370741100982 4922565.4528426695615
489052.39160815201467 4922564.8025754839182
489053.78283096902305 4922564.1893118582666
489054.86917827499565 4922563.6320997439325
489056.03505181701621 4922563.056241247803
489057.33348975499393 4922562.4616472451016
489058.4200243849773 4922562.015512435697
489059.91692009399412 4922561.1614055922255
489061.20222368399845 4922560.6408857898787
489062.55366960598622 4922560.0276909051463
489063.94498771702638 4922559.4699678178877
489065.45551750197774 4922558.8379933964461
489066.97943151101936 4922558.2800481896847
489068.54306221602019 4922557.6850109621882
489070.08026739000343 4922557.1455570003018
489071.60430652898503 4922556.6616640221328
489072.99571937299334 4922556.1594812301919
489074.21482049801853 4922555.6946136681363
489075.59316064201994 4922555.3035304015502
489076.85204075102229 4922554.8385965684429
489078.15097928099567 4922554.5402112919837
489079.5028318699915 4922554.16768614389
489080.86775780998869 4922553.6840623151511
489082.23277711798437 4922553.2559771342203
489083.54457209300017 4922552.7169044874609
489084.73690712702228 4922552.1039811037481
489085.9427813339862 4922551.6576507659629
489087.24144154402893 4922551.1926522413269
489088.54022608697414 4922550.8017051164061
489089.89195591001771 4922550.3551309900358
489090.83260862500174 4922549.8907333239913
489091.05777285498334 4922549.7422532215714
489091.12403961201198 4922549.7236293144524
489091.20378313097171 4922549.8345726784319
489091.12444299500203 4922549.9642955185845
489091.07146682601888 4922550.0014099869877
489091.04519595002057 4922550.1495567159727
489090.92617024399806 4922550.3348845848814
489090.96579376101727 4922550.2422539871186
489090.97908434702549 4922550.2607445484027
489090.92607715399936 4922550.2793462313712
489090.92601509398082 4922550.242320661433
489091.0055724310223 4922550.2421873118728
489091.01883198699215 4922550.2421650877222
489090.97902228700696 4922550.2237189784646
489090.96573170099873 4922550.2052284162492
489090.99218875501538 4922550.1681583961472
489091.03193639399251 4922550.1495789410546
489091.03190536500188 4922550.131066152826
489091.07165300298948 4922550.1124866949394
489091.0451028610114 4922550.0940183596686
489091.03190536500188 4922550.131066152826
489091.09814108797582 4922550.0939294612035
489091.16443886898924 4922550.0938183404505
489091.16440783900907 4922550.0753055540845
489091.03206051298184 4922550.2236300781369
489091.03212257201085 4922550.2606556490064
489091.00575860898243 4922550.3532640226185
489090.99243699398357 4922550.3162606758997
489091.09854447102407 4922550.3345956625417
489091.19164062698837 4922550.5010551605374
489091.23129517602501 4922550.4269373454154
489091.29753089800943 4922550.3898006537929
489091.41683587001171 4922550.3710878547281
489091.33730956399813 4922550.3897339822724
489091.33659590198658 4922549.9639399312437
489091.38957207201747 4922549.9268254647031
489091.60147675598273 4922549.7783676059917
489091.95929863600759 4922549.6666908720508
489092.62150087399641 4922549.2027601478621
489093.84082184301224 4922548.8674857653677
489094.99406226899009 4922548.6619121897966
489096.02790469897445 4922548.4195131808519
489097.2339974429924 4922548.1027744337916
489098.54604275798192 4922547.7118071010336
489099.92435503500747 4922547.3022162113339
489101.28934592200676 4922546.8556222496554
489102.54832247900777 4922546.4462317507714
489103.97973551898031 4922546.0735784899443
489105.29175065399613 4922545.6640997305512
489106.77595440798905 4922545.1432560244575
489108.27344894601265 4922544.6409032531083
489109.81081534799887 4922544.1940226228908
489111.28157439199276 4922543.5621254220605
489112.76581006997731 4922543.0597958704457
489114.23660061898408 4922542.4464121256024
489115.76058453501901 4922541.9255039431155
489117.23140657902695 4922541.3306336589158
489118.82159601699095 4922540.7540769828483
489120.35893310699612 4922540.288686064072
489121.85661545401672 4922539.8974131336436
489123.22154750901973 4922539.4137982120737
489124.66600630700123 4922538.9115378558636
489126.15024406899465 4922538.4092113636434
489127.07776521198684 4922538.0188922416419
489127.62088229501387 4922537.7032667296007
489127.97873637598241 4922537.610104765743
489128.34972635499435 4922537.4428695365787
489128.49548898998182 4922537.3870875500143
489128.68106129701482 4922537.3497519074008
489128.68140144401696 4922537.5533925388008
489128.54911485197954 4922537.7387418616563
489128.57578862801893 4922537.8312614895403
489128.62888879998354 4922537.8681984655559
489128.64208653499372 4922537.831150748767
489128.80117058899486 4922537.8123721918091
489128.8807590000215 4922537.830752090551
489128.96031648502685 4922537.8306192057207
489128.98686657199869 4922537.8490876974538
489129.03990489599528 4922537.8489991081879
489129.09288137900876 4922537.8118849489838
489129.47818224300863 4922538.2740623094141
489129.79730883199954 4922538.8104015607387
489129.9566092970199 4922538.921212522313
489129.91726342402399 4922539.1804579440504
489129.86431786901085 4922539.236084879376
489129.90397292701527 4922539.1619673045352
489129.89058967202436 4922539.0879383124411
489129.82435361598618 4922539.1250746073201
489129.77128438302316 4922539.1066504055634
489129.75805572501849 4922539.125185335055
489129.78454396198504 4922539.1066282596439
489129.7713462220272 4922539.1436759727076
489129.7579320470104 4922539.0511341961101
489129.78445120400283 4922539.0510899052024
489129.82419901998946 4922539.0325106857345
489129.83748952002497 4922539.051001323387
489129.82422993902583 4922539.0510234683752
489129.7846676390036 4922539.1806793985888
489129.7450435020146 4922539.2733097570017
489129.71864802099299 4922539.347405185923
489129.62592373299412 4922539.4030985636637
489129.5198471089825 4922539.403275731951
489129.42709190299502 4922539.4404563261196
489129.36088677600492 4922539.4961054129526
489129.32123172300635 4922539.5702229905874
489129.29471256799297 4922539.570267284289
489129.26825525501044 4922539.6073371442035
489129.21527878497727 4922539.6444513015449
489128.96368694800185 4922539.8485127249733
489129.21518602297874 4922539.5889129480347
489129.97008530801395 4922539.0507798688486
489131.06951738597127 4922538.3824816606939
489132.36768885201309 4922537.6212876103818
489133.73262215801515 4922537.1376748988405
489135.084481510974 4922536.7651613149792
489136.528756403015 4922536.1518268873915
489137.98638383997604 4922535.5940090101212
489139.33808929199586 4922535.1289323875681
489140.76944512699265 4922534.7192616630346
489142.34678014897509 4922534.3833990683779
489143.84434164199047 4922533.9180800672621
489145.39481821097434 4922533.3786218175665
489146.8790279480163 4922532.8577872775495
489148.27054424298694 4922532.4111589677632
489149.66202986298595 4922531.9460181705654
489151.07997315301327 4922531.4438078980893
489152.41838994499994 4922530.9602433228865
489153.86279115197249 4922530.4209638908505
489155.20114666497102 4922529.9003743175417
489156.48664905899204 4922529.490950086154
489157.79823905800004 4922528.8223029570654
489159.01676542800851 4922528.0057084178552
489160.30168261902872 4922527.2445420464501
489161.9311340249842 4922526.3532123453915
489163.21626764797838 4922525.7216360401362
489164.28924780798843 4922525.0904131904244
489165.45498379698256 4922524.4220104403794
489166.63404126401292 4922523.7906113984063
489167.56153609097237 4922523.3817852763459
489167.95898549200501 4922523.1774826040491
489168.05158709699754 4922523.0477386442944
489168.31650203699246 4922522.8806822383776
489168.44903653400252 4922522.8434360018
489168.48878456099192 4922522.8248570179567
489168.51524216699181 4922522.787787316367
489168.55499019200215 4922522.769208333455
489168.43568449502345 4922522.7879197178409
489168.4489132980234 4922522.7693848665804
489168.52840935101267 4922522.7322268951684
489168.54160734498873 4922522.6951792612672
489168.67411104100756 4922522.6394202448428
489168.68743226997321 4922522.6764237442985
489168.51518054900225 4922522.7507617473602
489168.50192093697842 4922522.750783813186
489168.4886613250128 4922522.7508058799431
489168.54166896198876 4922522.7322048284113
489168.51521135802614 4922522.769274532795
489168.43571530398913 4922522.8064324995503
489168.43574611301301 4922522.8249452859163
489168.40922689100262 4922522.8249894194305
489168.39593647001311 4922522.8064986998215
489168.30324242601637 4922522.8807043051347
489168.30327323597157 4922522.8992170924321
489168.34295964101329 4922522.843612536788
489168.35621925297892 4922522.8435904700309
489168.40919608197873 4922522.8064766330644
489168.54179219802609 4922522.8062559645623
489168.66100547200767 4922522.7320062303916
489168.64777666598093 4922522.750541081652
489168.62125744402874 4922522.7505852151662
489168.56815737998113 4922522.7136479113251
489168.89946282998426 4922522.6020195502788
489169.60151373897679 4922522.1750560635701
489170.5156569579849 4922521.7107140766457
489171.6944998059771 4922520.9497264660895
489172.7539139839937 4922520.1333992406726
489173.90599179599667 4922519.2243538787588
489175.0980027380283 4922518.4078064793721
489175.83866342401598 4922517.2772917188704
489176.40661058499245 4922515.9434230774641
489177.01421372499317 4922514.5354372039437
489177.54219777800608 4922513.090558112599
489177.99080894800136 4922511.7568880543113
489178.22766627097735 4922510.6642369609326
489178.29301024001325 4922510.0902304332703
489178.38548911502585 4922509.886435485445
489178.25298507598927 4922509.9421943025663
489178.27944279002259 4922509.9051246419549
489178.13367911602836 4922509.9609055100009
489178.01449628599221 4922510.0536678517237
489178.01452706800774 4922510.0721806362271
489178.08057900099084 4922509.9239681297913
489177.84193630097434 4922509.9428777666762
489178.88809340598527 4922509.1265736054629
489179.00693769799545 4922508.8301706593484
489178.88763171498431 4922508.8488818509504
489178.4372040979797 4922509.0902976021171
489178.35758469701977 4922509.0534043125808
489178.17194974102313 4922509.0537129668519
489178.13214003999019 4922509.0352663239464
489178.03941490699071 4922509.0909590059891
489178.01292641100008 4922509.1095158830285
489177.99972833500942 4922509.1465634992346
489177.99969755299389 4922509.1280507128686
489177.95994941500248 4922509.1466296408325
489177.94662821199745 4922509.1096261199564
489177.96001097897533 4922509.1836552070454
489178.01314188400283 4922509.2391053680331
489178.05273610999575 4922509.1279625240713
489178.06614965898916 4922509.2205043956637
489178.03975350700784 4922509.2945996262133
489178.03975350700784 4922509.2945996262133
489178.0531362729962 4922509.3686287133023
489178.03993819799507 4922509.4056763285771
489178.05322861799505 4922509.4241670658812
489178.03999976097839 4922509.4427018957213
489177.98693042201921 4922509.4242773018777
489177.90724946197588 4922509.3503584526479
489177.84092048299499 4922509.3319559060037
489177.78791270800866 4922509.350556881167
489177.7878819250036 4922509.3320440966636
489177.78785114298807 4922509.3135313121602
489177.78778957802569 4922509.2765057422221
489178.11912665399723 4922509.1833906406537
489178.8878163920017 4922508.9599585533142
489180.09422819700558 4922508.8283630404621
489181.55278861901024 4922508.8259384697303
489183.0379298569751 4922508.8604957191274
489184.47003251902061 4922508.895141444169
489186.00821228401037 4922508.9296112339944
489187.41385714401258 4922509.001327238977
489188.70019596698694 4922509.0917545557022
489189.84070946497377 4922509.2009371630847
489190.80890910699964 4922509.347431814298
489191.31308283301769 4922509.5317228659987
489191.48533516202588 4922509.4573854701594
489192.33404427597998 4922509.5115146068856
489193.5544228440267 4922509.8056935966015
489194.85420545900706 4922510.0071768164635
489196.15374215197517 4922510.0605580266565
489197.44023426901549 4922510.2435509907082
489198.71371246001218 4922510.5746684800833
489200.0404748179717 4922511.0538004878908
489201.47362121101469 4922511.7178846001625
489202.85400518000824 4922512.5486720697954
489204.260723814019 4922513.268339141272
489205.53484583797399 4922513.9882264295593
489206.92802793602459 4922514.5413010148332
489208.36092728900257 4922515.0572843756527
