489299.77881457400508 4922486.3040208891034
489299.79210469697136 4922486.322511873208
489299.73918769601732 4922486.3966502025723
489299.73924856598023 4922486.4336757687852
489299.71275963098742 4922486.4522321503609
489299.69946951098973 4922486.4337411662564
489299.51380347902887 4922486.4155335752293
489299.43430623901077 4922486.4526899410412
489299.44750505097909 4922486.4156425725669
489299.44753548700828 4922486.4341553580016
489299.43427580298157 4922486.4341771565378
489299.27558568998938 4922486.6936177201569
489299.07672085397644 4922486.7124575078487
489299.23605013097404 4922486.8417853852734
489299.28899755800376 4922486.7861598338932
489299.28902799502248 4922486.8046726174653
489299.35541772900615 4922486.8601019661874
489299.38199796900153 4922486.8970839334652
489299.32895923400065 4922486.8971711331978
489299.28914974199142 4922486.8787237498909
489299.24937068897998 4922486.8787891501561
489299.249340253009 4922486.8602763684466
489299.23608056799276 4922486.8602981679142
489299.28905843198299 4922486.823185400106
489299.27579874702496 4922486.8232072014362
489299.16984301799675 4922486.8974327361211
489299.14329321397236 4922486.8789635524154
489299.14329321397236 4922486.8789635524154
489299.11686515697511 4922486.9345455020666
489299.13015527802054 4922486.9530364871025
489299.1302465890185 4922487.0085748340935
489299.06394816702232 4922487.0086838370189
489299.05068848398514 4922487.0087056374177
489299.09046753501752 4922487.0086402352899
489299.103788094013 4922487.0456440011039
489299.11701734300004 4922487.0271094180644
489299.15673551999498 4922486.990018450655
489299.16996476700297 4922486.9714838666841
489299.24949243699666 4922486.9528402844444
489299.28918017802062 4922486.897236533463
489299.32889836101094 4922486.8601455660537
489299.30234855302842 4922486.8416763842106
489299.35535685601644 4922486.8230763990432
489301.50202596798772 4922485.9679571371526
489303.58209295501001 4922484.9278197120875
489304.97290006099502 4922484.0369181837887
489306.37696724000853 4922483.1459951708093
489307.72805685101775 4922482.2921851575375
489308.98651140200673 4922481.5496045881882
489310.3239163159742 4922480.4366379370913
489311.423042318027 4922479.564729694277
489312.65467442700174 4922478.6370655605569
489313.85984827397624 4922477.7464707698673
489315.05173235497205 4922476.8373851859942
489316.24373832001584 4922476.0023509562016
489317.52859293599613 4922475.1856773849577
489318.86676013999386 4922474.5355320740491
489320.12533896701643 4922473.8670048024505
489321.34407816897146 4922473.1615174729377
489322.53623746498488 4922472.4190483130515
489323.76832801499404 4922471.7690780386329
489325.23909370601177 4922471.1187165435404
489326.73650056199403 4922470.5423630205914
489328.28670372400666 4922469.8178206207231
489329.82379925798159 4922469.1858642417938
489330.93676607398083 4922468.665680446662
489332.24859856400872 4922468.1266580643132
489333.95807129202876 4922467.4944201381877
489335.48221153201303 4922467.0476146563888
489337.17875874502352 4922466.6190399099141
489338.66324152698508 4922466.2463514702395
489340.20070274698082 4922465.8365509388968
489341.63193475501612 4922465.3343605641276
489342.95714977401076 4922464.8693697629496
489344.65336465998553 4922464.2371563659981
489346.29681367002195 4922463.7716452693567
489347.71505955501925 4922463.436092983
489349.01402858097572 4922463.1377618592232
489350.40554323699325 4922462.6726640835404
489351.92950400500558 4922462.1147857634351
489353.42679414898157 4922461.464387267828
489354.92414514598204 4922460.8510146848857
489356.32879935402889 4922460.3118453612551
489357.78637167002307 4922459.6985384924337
489359.34993139200378 4922459.0295201772824
489360.70136581599945 4922458.3793618204072
489362.09261000098195 4922457.747651508078
489363.43087598099373 4922457.1530537372455
489364.96776615001727 4922456.391516206786
489366.34563043800881 4922455.6857773447409
489367.61726582498522 4922454.8876481521875
489368.71658523200313 4922454.1268263338134
489370.22671534999972 4922453.2172311134636
489371.51133936602855 4922452.2524659913033
489372.67656549898675 4922451.2508704150096
489373.94750737200957 4922450.0269484817982
489375.12560116901295 4922448.7846655379981
489376.23754768300569 4922447.6350549347699
489377.49550309102051 4922446.5777703830972
489378.6338793070172 4922445.3725785687566
489379.56025064497953 4922444.2602970423177
489380.60574882401852 4922443.0182314682752
489381.63801782997325 4922441.7947004828602
489382.73652571701678 4922440.5340359471738
489383.80851446901215 4922439.2734148558229
489384.82740411802661 4922437.9758548857644
489385.76667507301318 4922436.6413992559537
489386.66622741997708 4922435.3440341930836
489387.5790701059741 4922434.0651604216546
489388.51834219397279 4922432.7307051988319
489389.43118561001029 4922431.4518316937611
489390.37042827700498 4922430.0988639649004
489391.23026339401258 4922428.8385899569839
489392.06357923499309 4922427.5783592872322
489392.83047568099573 4922426.2441856469959
489393.63709153997479 4922424.8729217145592
489394.50994647300104 4922423.4645242970437
489395.19722468400141 4922422.0934550203383
489395.97723143699113 4922420.6666962569579
489396.77046819502721 4922419.2214032066986
489397.51057553902501 4922417.7206583125517
489398.30378284701146 4922416.2568526789546
489398.99112293001963 4922414.9228093838319
489399.78454196301755 4922413.5885934028774
489400.69720940798288 4922412.1986448382959
489401.49053868901683 4922410.8088907301426
489402.36369864898734 4922409.585622205399
489403.19732052797917 4922408.510520814918
489404.21661066502566 4922407.453630107455
489404.95762513199588 4922406.5082695158198
489405.80453781801043 4922405.4516596589237
489406.78407943301136 4922404.4133468875661
489407.59124325297307 4922403.3753147935495
489408.51762553997105 4922402.2630374822766
489409.51036767900223 4922401.1876779906452
489410.5163398910081 4922400.0937842968851
489411.46945368801244 4922399.1110537303612
489412.67429441300919 4922397.9983240291476
489413.93217502202606 4922396.8855082895607
489415.15024634299334 4922395.7542447047308
489416.23596019600518 4922394.7712992094457
489417.48064236197388 4922393.6955312825739
489418.60613653599285 4922392.7125215120614
489419.86413955100579 4922391.6737580522895
489421.04258368600858 4922390.635124146007
489422.1814591549919 4922389.7261445680633
489423.41321429400705 4922388.8540399195626
489424.61854023201158 4922388.0375169366598
489425.78417703602463 4922387.2765971431509
489426.94978403899586 4922386.4971647812054
489428.11542139097583 4922385.7362454086542
489429.10871049301932 4922384.9941189847887
489429.85030236502644 4922384.4005040898919
489430.03527945798123 4922383.9929214585572
489429.955599842011 4922383.9189995406196
489430.00842896901304 4922383.7893239473924
489430.02159866999136 4922383.7337640738115
489430.03482850000728 4922383.7152297599241
489430.24689662002493 4922383.6593468887731
489430.31319608999183 4922383.6592392241582
489430.41918505902868 4922383.6035286225379
489430.43235476501286 4922383.5479687498882
489430.45887455297634 4922383.5479256846011
489430.47222463501384 4922383.6034424919635
489430.52523415198084 4922383.5848435815424
489430.52526421402581 4922383.6033563613892
489430.53849404602079 4922383.5848220493644
489430.5649837719975 4922383.5662662042305
489430.53843392099952 4922383.5477964896709
489430.52517402701778 4922383.5478180218488
489430.51182394300122 4922383.492301216349
489430.56486352201318 4922383.4922150857747
489430.6974023450166 4922383.4549742024392
489430.76373188197613 4922383.4733793213964
489430.79025166999782 4922383.4733362579718
489430.92294080299325 4922383.5286592813209
489430.94943053001771 4922383.5101034380496
489430.89645107497927 4922383.5472151264548
489431.02898989798268 4922383.5099742496386
489431.54552459798288 4922383.1388789489865
489432.48586506699212 4922382.4523775037378
489433.62480367301032 4922381.5804255018011
489434.67089322902029 4922380.6901115905493
489435.77008277800633 4922379.8367373207584
489436.78965310001513 4922378.9464667942375
489437.91533298901049 4922378.0745370713994
489439.01443328900496 4922377.1656250152737
489440.15349383401917 4922376.3677252857015
489441.41183379100403 4922375.5326066054404
489442.69660381198628 4922374.6419068137184
489443.83551512699341 4922373.7514438377693
489444.90809714898933 4922372.8425757950172
489446.16643839899916 4922372.0074580423534
489447.42480998300016 4922371.1908533098176
489448.72299165802542 4922370.3926971210167
489449.92853423499037 4922369.7057683151215
489451.10746720299358 4922368.9633443765342
489452.23315073602134 4922368.0914171505719
489453.06693617097335 4922367.1088861376047
489453.47679405799136 4922366.3677088916302
489453.50385386298876 4922366.7008959501982
489453.75717233400792 4922367.552075587213
489454.08978033700259 4922368.2365113124251
489453.9441611180082 4922368.3848498789594
489453.94407113100169 4922368.3293115412816
489454.01031076797517 4922368.2921785581857
489454.07661039702361 4922368.2920711347833
489454.08981033199234 4922368.2550240922719
489454.08969035098562 4922368.1809729747474
489454.02333072997862 4922368.1440548384562
489454.04982058599126 4922368.1254990920424
489453.82446183898719 4922368.1628898894414
489453.69189257698599 4922368.1816175179556
489453.59916308702668 4922368.2373062521219
489453.62568293698132 4922368.2372632818297
489453.61245300900191 4922368.2557975472882
489453.59919308399549 4922368.2558190319687
489453.59922307997476 4922368.2743318118155
489453.61257299600402 4922368.3298486657441
489453.63915283902315 4922368.366831254214
489453.65253274998395 4922368.4408608861268
489453.66585266799666 4922368.4778649611399
489453.69243251200533 4922368.5148475486785
489453.71904235199327 4922368.5703429169953
489453.70581242302433 4922368.5888771824539
489453.71904235199327 4922368.5703429169953
489453.70572243398055 4922368.5333388457075
489453.69243251200533 4922368.5148475486785
489453.63933281798381 4922368.4779079314321
489453.6260128999711 4922368.440903856419
489453.58614313299768 4922368.3854299746454
489453.59931307000807 4922368.3298701513559
489453.61254299897701 4922368.3113358858973
489453.61257299600402 4922368.3298486657441
489453.59940305998316 4922368.3854084890336
489453.6126929820166 4922368.4038997841999
489453.6126929820166 4922368.4038997841999
489453.6260128999711 4922368.440903856419
489453.6260128999711 4922368.440903856419
489453.6260128999711 4922368.440903856419
489453.63933281798381 4922368.4779079314321
489453.63933281798381 4922368.4779079314321
489453.55959328601602 4922368.3669601660222
489453.5462433709763 4922368.3114433130249
489453.51972351997392 4922368.3114862833172
489453.55974326998694 4922368.4595240652561
489453.73248225299176 4922368.6813981113955
489453.83874162699794 4922368.7923029074445
489453.87852140102768 4922368.7922384534031
489453.91836116701597 4922368.8291995581239
489454.01124062901363 4922368.8660747259855
489453.87834142497741 4922368.681161776185
489453.95700110401958 4922368.1256494829431
489454.20749994099606 4922367.2366278609261
489454.55096832400886 4922366.4400197658688
489454.97366645402508 4922365.4396422179416
489455.47577436000574 4922364.3465719139203
489456.13682172901463 4922363.1421672124416
489456.81091936898883 4922361.8081516446546
489457.36558785801753 4922360.4187911087647
489457.93345655902522 4922358.9923835908994
489458.50153538997984 4922357.6955655775964
489459.00322475400753 4922356.3433166528121
489459.47830448398599 4922354.9355723783374
489459.91351461899467 4922353.4723542220891
489460.45489455299685 4922352.064502665773
489460.89016505202744 4922350.6383101381361
489461.32549569499679 4922349.2491432037205
489461.77402654499747 4922347.8229292742908
489462.35512732202187 4922346.3779879258946
489462.94945836201077 4922344.9145123856142
489463.54378966998775 4922343.4510369077325
489464.04533135902602 4922342.0062245102599
489464.4806932269712 4922340.6355705857277
489465.06185518100392 4922339.2276550531387
489465.56354735000059 4922337.8754066796973
489466.06505996501073 4922336.4120816746727
489466.57974291901337 4922334.893196917139
489467.04159583599539 4922333.5039874846116
489467.56971899000928 4922332.0961580267176
489468.28333263401873 4922330.5954643478617
489469.06339639401995 4922329.1872273711488
489469.843580293993 4922327.8530416069552
489470.58425401500426 4922326.6855352940038
489471.39134784997441 4922325.5919729396701
489472.15875174000394 4922324.554013361223
489473.01876640599221 4922323.3863143092021
489473.83912107697688 4922322.2927308157086
489474.59314598102355 4922321.1807418651879
489475.33385125297355 4922320.0317488862202
489476.03477670502616 4922318.8828203137964
489476.74887264601421 4922317.678332047537
489477.44979860499734 4922316.5294036315754
489478.20382479799446 4922315.4174151113257
489478.9313611019752 4922314.3239823253825
489479.63240749697434 4922313.2491052644327
489480.26712400699034 4922312.1558226542547
489480.87550015602028 4922311.173659639433
489481.52365662099328 4922310.1914323950186
489482.22497312398627 4922309.2831706209108
489482.87295050598914 4922308.1898668510839
489483.54735847201664 4922307.0409819642082
489484.15555614500772 4922305.9477425962687
489484.83011410798645 4922304.8914217371494
489485.54451227100799 4922303.8720622416586
489486.24562069901731 4922302.8342114696279
489487.06606989499414 4922301.7961680209264
489487.87313969997922 4922300.684094983153
489488.66694971401012 4922299.5720434654504
489489.30163919000188 4922298.4602489862591
489489.94949927099515 4922297.2928948355839
489490.62396940699546 4922296.181036257185
489491.28535902698059 4922295.1802758257836
489491.96009859401966 4922294.2350323954597
489492.55521811399376 4922293.2528919065371
489493.17679820698686 4922292.233683116734
489493.82483890000731 4922291.1774060241878
489494.48602036800003 4922290.0470564877614
489495.1870122050168 4922288.9351555965841
489495.80853337602457 4922287.8789215134457
489496.50958542199805 4922286.8040463225916
489497.15765707101673 4922285.7662823498249
489497.83227898698533 4922284.7469884315506
489498.50678164401324 4922283.6536434758455
489499.16811402601888 4922282.6158583192155
489499.85602655197727 4922281.6150560006499
489500.53058960201452 4922280.5587368169799
489501.12586097599706 4922279.6691610254347
489501.48257001402089 4922278.8540213657543
489501.82619818201056 4922278.1499797813594
489502.07733409100911 4922277.6497284593061
489502.42075338802533 4922276.8160974662751
489502.8699849830009 4922275.8156804228202
489503.30589689302724 4922274.7782592410222
489503.79484941298142 4922273.7407525647432
489504.23085116298171 4922272.7588697774336
489504.49497892800719 4922272.0919821830466
489504.65341382200131 4922271.6659317435697
489504.73267605400179 4922271.48067569267
489504.7194159309729 4922271.4806970730424
489504.7060961049865 4922271.4436929021031
489504.69286583398934 4922271.4622270585969
489504.62662492401432 4922271.4993595173582
489504.66649484197842 4922271.554833705537
489504.61354390298948 4922271.6104575591162
489504.62674432597123 4922271.5734106237069
489504.57373368600383 4922271.592008925043
489504.54724329197779 4922271.6105644647032
489504.53395332000218 4922271.5920730689541
489504.52066334697884 4922271.5735816722736
489504.52066334697884 4922271.5735816722736
489504.52069319802104 4922271.5920944493264
489504.52072304900503 4922271.6106072273105
489504.58699380798498 4922271.5919875437394
489504.62674432597123 4922271.5734106237069
489504.64003429899458 4922271.591902019456
489504.60031363100279 4922271.6289917146787
489504.60037333198125 4922271.666017267853
489504.60043303400744 4922271.70304282289
489504.57391279097646 4922271.703085584566
489504.56062281801132 4922271.6845941897482
489504.63988504599547 4922271.4993381369859
489504.73225814901525 4922271.2214968204498
489504.90401290502632 4922270.8324505612254
489504.96992547699483 4922270.5916775595397
489505.00955660501495 4922270.4990495368838
489505.04930712800706 4922270.4804726205766
489505.06250755401561 4922270.4434256860986
489505.06250755401561 4922270.4434256860986
489505.08902780199423 4922270.4433829253539
489505.10228792898124 4922270.4433615459129
489505.1023476269911 4922270.4803870990872
489505.07588707498508 4922270.5174554111436
489505.06271649897099 4922270.5730151208118
489505.00967600301374 4922270.5731006432325
489505.00973570201313 4922270.6101261973381
489505.02293612697395 4922270.5730792628601
489504.99644572800025 4922270.5916348006576
489504.93014510499779 4922270.591741701588
489504.91688498097938 4922270.5917630819604
489504.90353530802531 4922270.5362461339682
489504.89024533098564 4922270.5177547363564
489504.83729438402224 4922270.573378588073
489504.82406410900876 4922270.5919127464294
489504.83732423401671 4922270.5918913651258
489504.87707475601928 4922270.5733144469559
489504.91679543198552 4922270.5362247535959
489504.95657580398256 4922270.5361606115475
489504.99617708200822 4922270.4250198118389
489504.99593828502111 4922270.276917597279
489504.99578903801739 4922270.1843537129462
489504.94271868601209 4922270.1659264564514
489504.96900013799313 4922270.0177814830095
489505.07409611501498 4922269.4066888140514
489505.1386655010283 4922268.3328408692032
489505.1236442719819 4922267.2406084295362
489505.40010718797566 4922265.9998034266755
489505.91534220398171 4922264.8141519501805
489506.36442594398977 4922263.7211712850258
489506.84014949400444 4922262.7021990092471
489507.31569413602119 4922261.5721501093358
489507.83081049000612 4922260.312447687611
489508.3727158990223 4922259.2193175526336
489508.86146153701702 4922258.0522218449041
489509.24424548301613 4922256.9593482576311
489509.62702955701388 4922255.8664746945724
489509.94336380297318 4922254.6811441229656
489510.41905874601798 4922253.643659346737
489510.93471331900219 4922252.7171871615574
489511.34422707499471 4922251.7538604037836
489511.89993089297786 4922250.9939391789958
489512.56162668397883 4922250.1783087560907
489512.99772083299467 4922249.251964930445
489513.18175257497933 4922248.2519759293646
489513.24623404600425 4922247.1225897772238
489513.28404606401455 4922245.9006824716926
489513.30847861600341 4922244.6047454318032
489513.28001958801178 4922243.4014577241614
489513.10578802402597 4922242.2539433464408
489512.9049763790099 4922241.0694461520761
489512.66423496202333 4922239.7924491800368
489512.43678347102832 4922238.5339436298236
489512.16946182801621 4922237.2199638625607
489511.86241915397113 4922235.9430737560615
489511.14496653398965 4922235.0741271153092
489510.26857034297427 4922234.3165136380121
489509.35224416700657 4922233.4664005152881
489508.38296646397794 4922232.6719113457948
489507.55972980899969 4922231.9882638426498
489506.60371187102282 4922231.1937535600737
489505.581303124025 4922230.3438119906932
489504.71831510798074 4922229.6787417633459
489503.85511794901686 4922228.8840822223574
489503.01847085799091 4922228.1078928029165
489502.26156398298917 4922227.442651828751
489501.73046874400461 4922227.0177134461701
489501.47786778997397 4922226.6108387419954
489501.34490733698476 4922226.3888993114233
489501.29180675902171 4922226.3519593123347
489501.29186647798633 4922226.3889848617837
489501.30509683501441 4922226.3704506997019
489501.23852702300064 4922226.2039426602423
489501.23846730397781 4922226.166917109862
489501.22520708898082 4922226.1669384976849
489501.21188715501921 4922226.1299343332648
489501.23837772401748 4922226.1113787852228
489501.30470865999814 4922226.1297846194357
489501.34466846100986 4922226.2407971099019
489501.38450882298639 4922226.2777584958822
489501.34484761802014 4922226.351873761043
489501.33158740401268 4922226.3518951488659
489501.37130832701223 4922226.3148054359481
489501.38450882298639 4922226.2777584958822
489501.43760940100765 4922226.3146984986961
489501.5039701940259 4922226.3516171127558
489501.51729012600845 4922226.3886212753132
489501.49073983798735 4922226.3701512757689
489501.42437904700637 4922226.3332326617092
489501.33134852699004 4922226.2037929445505
489501.29144844302209 4922226.1298060053959
489501.2781882280251 4922226.1298273932189
489501.26495787297608 4922226.148361556232
489501.23846730397781 4922226.166917109862
489501.21200659498572 4922226.2039854358882
489501.14567565900506 4922226.1855795998126
489501.1589657330187 4922226.2040709871799
489501.15902545297286 4922226.2410965394229
489501.14573538000695 4922226.2226051511243
489501.13253488502232 4922226.2596520902589
489501.1325647450285 4922226.2781648635864
489501.14582496002549 4922226.2781434757635
489501.15905531297904 4922226.259609314613
489501.02600526099559 4922225.982131563127
489501.01244644098915 4922225.7970251981169
489500.65522687701741 4922226.2974476255476
489500.68177716701757 4922226.3159176241606
489501.13157936098287 4922225.6672432767227
489502.3514893730171 4922225.6467629196122
489503.58582387800561 4922226.3482596445829
489504.5955703050131 4922227.5684777889401
489505.27407974901143 4922228.9558455515653
489505.91292767197592 4922230.4173286259174
489506.51187531801406 4922231.80482479278
489507.08412325102836 4922233.0812871158123
489507.73599183402257 4922234.3946467936039
489508.41458942001918 4922235.8375532254577
489509.05313759198179 4922237.1139088645577
489509.66501595400041 4922238.2977434275672
489510.26369357400108 4922239.518624975346
489510.92867189797107 4922240.7393997376785
489511.68644142197445 4922241.9415122279897
489512.40454944100929 4922243.2177400030196
489513.0562071549939 4922244.4015108058229
489513.37534618697828 4922244.9563813572749
489513.56161498400616 4922245.3448505708948
489513.61492410901701 4922245.5113801006228
489513.64153393299785 4922245.5668757036328
489513.62839305802481 4922245.640948170796
489513.64168305700878 4922245.6594395851716
489513.62848253198899 4922245.6964865000919
489513.66829288302688 4922245.7149351863191
489513.66835253301542 4922245.751960738562
489513.97268043400254 4922245.3441883381456
489514.88620115001686 4922244.4541011834517
489515.08280762698269 4922243.0282970415428
489515.30584509897744 4922241.5469118645415
489515.56899124599295 4922240.2691031545401
489515.83189894998213 4922238.8431922551244
489516.04188527300721 4922237.4914179006591
489516.35786379000638 4922236.083934372291
489516.67363373300759 4922234.5468614334241
489516.98949327500304 4922233.0653268387541
489517.27892199601047 4922231.6393733024597
489517.60819108999567 4922230.2503812685609
489517.97712170699378 4922228.7872740905732
489518.42552433302626 4922227.268500495702
489519.00617161602713 4922225.5273601133376
489519.49444479198428 4922224.0640608724207
489520.0889489959809 4922222.6931547475979
489520.88226741401013 4922221.2663901401684
489521.542983901978 4922219.8398390933871
489522.23013174097287 4922218.3577071037143
489522.90396006399533 4922216.8385709822178
489523.45844657201087 4922215.3196270186454
489523.99967309797648 4922213.8007044466212
489524.52760984399356 4922212.2632904881611
489525.01570651697693 4922210.6889150440693
489525.50392258999636 4922209.188590743579
489525.92577804997563 4922207.6513476166874
489526.38723574898904 4922206.0029638651758
489526.79589094000403 4922204.5027676913887
489527.27087741799187 4922203.0209776461124
489527.75912437902298 4922201.5391663089395
489528.15463903499767 4922200.1130426628515
489528.55003474000841 4922198.6128679467365
489529.0115830959985 4922197.020022730343
489529.43344018602511 4922195.4827798642218
489529.84212653100258 4922194.0010966835544
489530.22423294198234 4922192.4824306406081
489530.57984873600071 4922190.9823200562969
489530.85614116000943 4922189.630439649336
489531.10567491798429 4922188.1304997159168
489531.40842861897545 4922186.741551139392
489531.67146109999157 4922185.3896921053529
489532.06682875397382 4922183.8710048664361
489532.47551643999759 4922182.3893218804151
489532.91054631001316 4922180.7965196324512
489533.29271376301767 4922179.3148793531582
489533.62219734699465 4922178.0554776703939
489533.91184057801729 4922176.7591144237667
489534.2151014310075 4922175.684883158654
489534.32043984002667 4922175.2218932500109
489534.33352156798355 4922175.1107952855527
489534.3730048739817 4922174.9256035881117
489534.45200125797419 4922174.5737329637632
489534.66312462702626 4922173.9254447640851
489534.87389087397605 4922173.055003285408
489535.11126711900579 4922172.2400574954227
489535.34870294498978 4922171.4621372688562
489535.54614951397525 4922170.5546915847808
489535.79639937198954 4922169.4990584496409
489536.08660886902362 4922168.5544380191714
489536.28396635199897 4922167.5914540421218
489536.54771485197125 4922166.6839018156752
489536.78485347499372 4922165.7208539089188
489537.03501445002621 4922164.6096825115383
489537.32492678298149 4922163.4799344092607
489537.65441196097527 4922162.220532964915
489537.87769546697382 4922160.88725095056
489537.99495577102061 4922159.5911649959162
489538.04585484898416 4922158.2581600602716
489538.10998454899527 4922156.9066210417077
489537.98849901201902 4922155.5738931754604
489537.78742150298785 4922154.2227804204449
489537.69215902598808 4922152.7048822063953
489537.6767265109811 4922151.353471076116
489537.86037806997774 4922150.1128168925643
489537.88558959501097 4922149.298212248832
489537.87223995901877 4922149.2426952421665
489537.87215069402009 4922149.1871569240466
489537.99134526599664 4922149.0944012431428
489538.07108602201333 4922149.2053500050679
489538.08449516497785 4922149.2978925574571
489538.15079702297226 4922149.2977859964594
489538.19066739897244 4922149.3532603792846
489538.20404678600607 4922149.4272901592776
489538.23065679101273 4922149.4827858535573
489538.21742617199197 4922149.5013199392706
489538.21742617199197 4922149.5013199392706
489538.21751543402206 4922149.5568582592532
489538.21760469599394 4922149.6123965773731
489538.23095433000708 4922149.6679135849699
489538.2442444540211 4922149.6864050459117
489538.24421470001107 4922149.6678922744468
489538.23098408302758 4922149.6864263573661
489538.2442444540211 4922149.6864050459117
489538.23098408302758 4922149.6864263573661
489538.2044335869723 4922149.6679562097415
489538.20446334098233 4922149.6864689821377
489538.19111370900646 4922149.6309519745409
489538.11140271299519 4922149.5385159850121
489538.07153233798454 4922149.4830416012555
489538.04504135099705 4922149.501597000286
489538.0053495009779 4922149.557199257426
489537.80632491601864 4922149.4834678573534
489537.69923026498873 4922148.8542040763423
489538.01587245700648 4922147.8540028193966
489538.77010716899531 4922146.853098298423
489539.45771296898602 4922145.6486599128693
489540.34449247200973 4922144.6105169383809
489541.24456238601124 4922143.5908655524254
489542.01161232899176 4922142.3122485158965
489542.72559128201101 4922141.015204012394
489543.33357660897309 4922139.7738683223724
489543.9415919079911 4922138.5510454615578
489544.60270848998334 4922137.3651630124077
489545.25053518102504 4922136.1607891563326
489545.85831332299858 4922134.7898643054068
489546.43948172300588 4922133.3634437825531
489547.18031036999309 4922132.2699976991862
489547.59040196397109 4922131.6584161054343
489547.70947808702476 4922131.4916095156223
489547.60342455399223 4922131.510292631574
489547.61668496101629 4922131.510271338746
489547.56364333198871 4922131.5103565109894
489547.53715224302141 4922131.5289118690416
489547.56358387798537 4922131.4733309652656
489547.57684428500943 4922131.4733096724376
489547.55038292601239 4922131.5103778038174
489547.5768740120111 4922131.4918224439025
489547.57696319400566 4922131.5473607629538
489547.56379196798662 4922131.6029203729704
489547.57708210201235 4922131.6214118516073
489547.59040196397109 4922131.6584161054343
489547.6036920970073 4922131.6769075822085
489547.57723073801026 4922131.7139757154509
489547.57726046501193 4922131.7324884887785
489547.56402978498954 4922131.7510225540027
489547.56405951298075 4922131.7695353263989
489547.53756842500297 4922131.7880906844512
489547.52436747198226 4922131.8251375211403
489547.537657606008 4922131.8436290044338
489547.550977470004 4922131.8806332536042
489547.55103692400735 4922131.9176587993279
489547.53780624299543 4922131.9361928636208
489547.52454583597137 4922131.9362141573802
489547.49811420502374 4922131.9917950658128
489547.48488352698041 4922132.0103291301057
489547.48491325398209 4922132.0288419015706
489547.48485379898921 4922131.9918163586408
489547.48482407198753 4922131.9733035834506
489547.45836271299049 4922132.010371716693
489547.47162312001456 4922132.010350423865
489547.45836271299049 4922132.010371716693
489547.4583924409817 4922132.0288844881579
489547.48488352698041 4922132.0103291301057
489547.51140433899127 4922132.0102865444496
489547.49820338701829 4922132.0473333820701
489547.4583924409817 4922132.0288844881579
489547.39209040702553 4922132.028990955092
489547.31246851198375 4922131.9920931728557
489547.27262783801416 4922131.9551315065473
489547.24610702198697 4922131.955174094066
489547.25933770101983 4922131.9366400269791
489547.24607729399577 4922131.9366613207385
489547.2327871589805 4922131.9181698421016
489547.19300594000379 4922131.9182337252423
489547.15319499000907 4922131.8997848350555
489547.11329485697206 4922131.8257976239547
489547.100004722015 4922131.8073061462492
489547.100004722015 4922131.8073061462492
489547.0867145860102 4922131.7888146676123
489547.08662540098885 4922131.733276351355
489547.07336499297526 4922131.7332976451144
489547.0733947220142 4922131.7518104184419
489547.03361350001069 4922131.7518743006513
489546.99386200797744 4922131.7704509552568
489546.99389173701638 4922131.7889637267217
489547.00715214398224 4922131.7889424329624
489546.98060160101159 4922131.7704722499475
489546.96734119200846 4922131.7704935437068
489546.9673709209892 4922131.7890063151717
489546.99389173701638 4922131.7889637267217
489547.03364322800189 4922131.7703870730475
489547.03361350001069 4922131.7518743006513
489547.03355404199101 4922131.7148487539962
489547.05998567101778 4922131.6592678492889
489547.11296784400474 4922131.6221571266651
489547.15268960798858 4922131.5850677005947
489547.19244110299041 4922131.5664910469204
489547.24545300402679 4922131.5478930985555
489547.28517477202695 4922131.5108036715537
489547.31166585901519 4922131.4922483116388
489547.33821640099632 4922131.5107184974477
489547.36476694600424 4922131.5291886832565
489547.40460762300063 4922131.5661503477022
489547.43109870998887 4922131.5475949887186
489547.41783830302302 4922131.5476162815467
489547.43100952799432 4922131.4920566705987
489547.44424020702718 4922131.4735226044431
489547.47073129698401 4922131.4549672454596
489547.48393225000473 4922131.4179204041138
489547.51045306399465 4922131.4178778184578
489547.49716292897938 4922131.3993863416836
489547.44403211399913 4922131.3439331967384
489547.44391320401337 4922131.2698821062222
489547.49686565500451 4922131.2142586158589
489547.51003688102355 4922131.1586990030482
489547.54961001797346 4922131.0290457131341
489547.53629015298793 4922130.9920414639637
489547.46992865600623 4922130.9551223842427
489547.44331865297863 4922130.8996266536415
489547.41676810901845 4922130.8811564678326
489547.39024729200173 4922130.8811990553513
489547.37698688398814 4922130.8812203481793
489547.37698688398814 4922130.8812203481793
489547.36375620297622 4922130.8997544143349
489547.35049579199404 4922130.8997757080942
489547.33720565499971 4922130.8812842294574
489547.36369674699381 4922130.8627288695425
489547.39021756401053 4922130.8626862820238
489547.39018783601932 4922130.8441735105589
489547.4166789270239 4922130.825618150644
489547.45643042697338 4922130.8070414969698
489547.49618192599155 4922130.7884648460895
489547.49618192599155 4922130.7884648460895
489547.48295124497963 4922130.8069989103824
489547.46972056402592 4922130.8255329765379
489547.46972056402592 4922130.8255329765379
489547.45643042697338 4922130.8070414969698
489547.4563709719805 4922130.7700159549713
489547.46951247099787 4922130.6959435679018
489547.4694827439962 4922130.677430796437
489547.48271342599764 4922130.6588967312127
489547.50914506101981 4922130.6033158274367
489547.50911533401813 4922130.5848030550405
489547.49579547002213 4922130.5477988021448
489547.49573601497104 4922130.5107732592151
489547.48244587902445 4922130.4922817787156
489547.46918547002133 4922130.4923030715436
489547.48241615202278 4922130.473769005388
489547.48241615202278 4922130.473769005388
489547.44263492099708 4922130.4738328848034
489547.45583587797591 4922130.4367860481143
489547.45580614998471 4922130.4182732719928
489547.45577642298304 4922130.3997604995966
489547.442545738013 4922130.4182945657521
489547.4425754660042 4922130.4368073409423
489547.42931505700108 4922130.4368286347017
489547.42934478400275 4922130.4553414070979
489547.44260519300587 4922130.4553201133385
489547.46909628697904 4922130.436764754355
489547.4425754660042 4922130.4368073409423
489547.41605464700842 4922130.436849928461
489547.38962301099673 4922130.492430832237
489547.41617355699418 4922130.5109010189772
489547.48244587902445 4922130.4922817787156
489548.10610129201086 4922130.7504598414525
489548.18521786702331 4922130.4726404985413
489547.25618652801495 4922129.9742861352861
489546.0888838749961 4922129.7354940446094
489544.72273443097947 4922129.5340471891686
489543.39615796302678 4922129.2029473092407
489542.16222579602618 4922128.7606219341978
489541.0472207479761 4922128.0589262181893
489540.05126172100427 4922127.1719111911952
489539.24079952400643 4922126.1920341160148
489538.45650088501861 4922124.9899612488225
489537.8051930089714 4922124.0283413855359
489537.37987752497429 4922123.4181019272655
489537.14077329699649 4922123.1593067673966
489537.0874637850211 4922122.9927770737559
489536.99449202499818 4922122.9003624143079
489537.00763341999846 4922122.8262900095433
489536.79499049199512 4922122.530426687561
489536.21025209699292 4922121.7353153666481
489535.45259227399947 4922120.6072513246909
489534.69487265998032 4922119.4421618273482
489534.09636728797341 4922118.3323548901826
489533.57742432999657 4922117.2224200768396
489533.35056806902867 4922116.3341694828123
489533.26990403200034 4922115.6493248445913
489533.28292633098317 4922115.5012013474479
489533.26960635499563 4922115.4641971252859
489533.203155316005 4922115.3717398764566
489533.15014331997372 4922115.3903379365802
489533.13685311301379 4922115.371846488677
489533.15008378401399 4922115.3533123936504
489533.17654512898298 4922115.316244202666
489533.13664473599056 4922115.2422570828348
489533.07028299500234 4922115.2053381511942
489532.99063104297966 4922115.1499277716503
489532.99060127499979 4922115.1314149983227
489532.88433913397603 4922115.0205089468509
489532.81800716102589 4922115.0021027931944
489532.75176449201535 4922115.0392349511385
489532.73841474397341 4922114.9837179584429
489532.67214230500394 4922115.0023373486474
489532.73841474397341 4922114.9837179584429
489532.72515430202475 4922114.9837392810732
489532.67214230500394 4922115.0023373486474
