489482.56385512801353 4922100.4764914428815
489482.53733418602496 4922100.4765342930332
489482.56400468701031 4922100.5690553029999
489482.5112619230058 4922100.75426872354
489482.51162086601835 4922100.9764219811186
489482.47195910202572 4922101.0505373449996
489482.43217769399052 4922101.0506016211584
489482.43229734199122 4922101.1246527088806
489482.41912660899106 4922101.1802124502137
489482.39269540802343 4922101.23579361476
489482.36629411601461 4922101.3098875535652
489482.33998256502673 4922101.439519809559
489482.32684174599126 4922101.513592319563
489482.32696139498148 4922101.5876434091479
489482.30056010902626 4922101.6617373488843
489482.30061993398704 4922101.6987628927454
489482.30061993398704 4922101.6987628927454
489482.30067975900602 4922101.7357884347439
489482.3137906640186 4922101.6432031495497
489482.30053019698244 4922101.6432245755568
489481.93016439402709 4922102.2177204377949
489481.28201691800496 4922103.2184600541368
489480.51458530599484 4922104.2564181452617
489479.68106107402127 4922105.4240728905424
489478.88755789602874 4922106.7397656189278
489478.12060587399174 4922108.0739283524454
489477.31378302798839 4922109.3526171706617
489476.6396847210126 4922110.7051428016275
489475.83298221998848 4922112.0578828975558
489474.97332807601197 4922113.4662471767515
489474.08715342101641 4922114.874654459767
489473.16131758998381 4922116.3571772910655
489472.3150747360196 4922117.8580843480304
489471.52169434400275 4922119.2478290954605
489470.79458649898879 4922120.6189539218321
489470.00114687497262 4922121.9716733181849
489469.15442628401797 4922123.1763764442876
489468.22817342501367 4922124.3997211866081
489467.34173212898895 4922125.6415144624189
489466.41562975302804 4922126.957423328422
489465.39685465401271 4922128.3660464184359
489464.43106171599356 4922129.7375582698733
489463.46535908500664 4922131.1646085884422
489462.51291728398064 4922132.5916375918314
489461.64000834699254 4922134.0000251540914
489460.83331186597934 4922135.3527671685442
489460.21223131101578 4922136.6866959156469
489459.56475012999726 4922138.0947187626734
489458.83776684099576 4922139.5398960653692
489458.17693591100397 4922140.8924022130668
489457.38356136501534 4922142.2821487439796
489456.59000724198995 4922143.5608187364414
489455.92863740801113 4922144.5800952091813
489455.14822427200852 4922145.7846928117797
489454.20889685698785 4922147.1191377220675
489453.24313906900352 4922148.509164057672
489452.35685391997686 4922149.8435232993215
489451.55016134702601 4922151.1962665058672
489450.74346910702297 4922152.5490098139271
489449.85730504698586 4922153.9574205009267
489449.0507035300252 4922155.3657023459673
489448.2308420020272 4922156.7740057921037
489447.43729145498946 4922158.0526769366115
489446.72321328299586 4922159.2756808698177
489445.95636413502507 4922160.6653858432546
489445.13647393102292 4922162.0551769193262
489444.3960260549793 4922163.3707879846916
489443.76151108602062 4922164.593663235195
489443.0873054160038 4922165.8721413873136
489442.36005867097992 4922167.1507056429982
489441.60632157500368 4922168.4478257745504
489440.86578505201032 4922169.7078989371657
489440.04568684700644 4922170.9681012621149
489439.19906831200933 4922172.2283467203379
489438.2994088170235 4922173.4886783557013
489437.49236162402667 4922174.6192700788379
489436.55277162097627 4922175.7871026415378
489435.58690169302281 4922177.103080580011
489434.76668525702553 4922178.2892324905843
489433.89339782297611 4922179.4569578329101
489433.03322074800963 4922180.5320978984237
489432.08064260001993 4922181.8665676163509
489430.9560416219756 4922183.4234706675634
489430.02989473799244 4922184.7023593075573
489429.0904578579939 4922185.9627568433061
489428.24384340399411 4922187.2230037655681
489427.45027044700691 4922188.4831646466628
489426.69629823701689 4922189.6321843639016
489425.91589594102697 4922190.8367855716497
489425.21490526199341 4922191.9486937522888
489424.38143231201684 4922193.134868549183
489423.42891795298783 4922194.5063651166856
489422.52950526901986 4922195.9148011794314
489421.70941393397516 4922197.1750058792531
489420.94221356598428 4922198.3425606042147
489420.2940850930172 4922199.3433064771816
489419.83132974698674 4922200.1771356929094
489419.69914834498195 4922200.4365300741047
489419.73883887397824 4922200.3809270886704
489419.64607718400657 4922200.4181035142392
489419.64604709198466 4922200.3995907399803
489419.72551842499524 4922200.3439230946824
489419.73871850897558 4922200.3068759907037
489419.72542815102497 4922200.2883847700432
489419.75188850297127 4922200.2513161115348
489419.73859814397292 4922200.232824892737
489419.71201742300764 4922200.195842451416
489419.71198733197525 4922200.1773296762258
489419.75158759002807 4922200.0661883670837
489419.79127812001389 4922200.0105853807181
489419.77798776101554 4922199.9920941600576
489419.75155749800615 4922200.0476755928248
489419.73832732101437 4922200.066209920682
489419.75164777197642 4922200.1032139183953
489419.73844768700656 4922200.1402610177174
489419.7252776940004 4922200.1958208978176
489419.73850786901312 4922200.1772865690291
489419.73856805200921 4922200.2143121166155
489419.76508858799934 4922200.2142690094188
489419.79175957897678 4922200.3067897763103
489419.87132118799491 4922200.3066604556516
489420.00377341400599 4922200.2138810474426
489420.08327484101756 4922200.1767261801288
489420.03041431301972 4922200.2878890410066
489420.21557662298437 4922199.9913829043508
489420.25514679902699 4922199.8617288246751
489420.2683769770083 4922199.8431944977492
489420.2684371569776 4922199.8802200453356
489420.25511670997366 4922199.8432160513476
489420.24191662098747 4922199.880263151601
489419.85827155702282 4922200.4362714299932
489419.21029392199125 4922201.5295812888071
489418.42992454097839 4922202.7526961984113
489417.45077193900943 4922204.0501856803894
489416.43186905502807 4922205.3662527659908
489415.37303529999917 4922206.5898208292201
489414.16845959401689 4922207.8876773798838
489412.9372434259858 4922209.1115261977538
489411.83863019797718 4922210.3351595466956
489410.79305836098501 4922211.5587067967281
489409.73431703698589 4922212.8378141177818
489408.82137851999141 4922214.0796587262303
489407.76251749199582 4922215.2847152734175
489406.6505556590273 4922216.4528327686712
489405.44583286100533 4922217.6581270853058
489404.33405266201589 4922218.9373216321692
489403.60675922001246 4922220.1788647994399
489403.06535031902604 4922221.5682080164552
489402.80207476997748 4922222.7534573925659
489402.6832451520022 4922223.068368870765
489402.6832451520022 4922223.068368870765
489402.77606670401292 4922223.0682177506387
489402.88205805799225 4922223.0125067196786
489402.9351592210005 4922223.0494459178299
489402.9351592210005 4922223.0494459178299
489402.90860863897251 4922223.0309763159603
489402.89537855697563 4922223.0495106820017
489402.88211833697278 4922223.049532270059
489402.8952881389996 4922222.9939723564312
489402.94823860900942 4922222.9383476786315
489403.00109865999548 4922222.8271846733987
489402.98774802102707 4922222.7716679340228
489402.93467699101893 4922222.7532415119931
489402.94784679700388 4922222.6976815983653
489402.94778651802335 4922222.660656047985
489402.90803599002538 4922222.679233587347
489402.8549649619963 4922222.6608071643859
489402.84233766997932 4922223.0495970351622
489402.85577873099828 4922223.1606520973146
489402.40673965599854 4922224.2721526315436
489401.79893984401133 4922225.6060655862093
489401.37732586602215 4922227.2729062791914
489400.88929047499551 4922228.8658038619906
489400.49380545300664 4922230.2919353526086
489399.99229926901171 4922231.7552651753649
489399.67646627599606 4922233.2368054874241
489399.4666547109955 4922234.6811475027353
489399.137622085982 4922236.1997349960729
489398.75548854697263 4922237.6813833443448
489398.54555672698189 4922239.0516742998734
489398.32215374201769 4922240.2923974301666
489398.11207133397693 4922241.5701245246455
489397.88872882799478 4922242.8478732286021
489397.61240600398742 4922244.1627338882536
489397.5752489399747 4922245.7734101917595
489398.00361513800453 4922248.2534310212359
489398.28476231801324 4922249.9006145335734
489398.63187850697432 4922251.3440495412797
489398.96585498400964 4922252.8615572713315
489399.32719582301797 4922254.8973795641214
489399.5422225180082 4922256.6557477833703
489399.67732641700422 4922258.1920922687277
489399.9447905329871 4922259.580118605867
489400.2390160060022 4922261.1162039777264
489400.51989076199243 4922262.5967726297677
489400.80058451701188 4922263.9662646381184
489400.98890938598197 4922265.6135994549841
489401.09740206599236 4922267.0944488430396
489401.1262133489945 4922268.5013766847551
489401.12844407599187 4922269.8713221549988
489401.25007620401448 4922271.2780988579616
489401.27876685699448 4922272.6109755979851
489401.20182872901205 4922274.2217167280614
489401.13796988897957 4922275.7213596096262
489400.92812926898478 4922277.1471889028326
489400.73151870601578 4922278.5544838346541
489400.46869814401725 4922280.0174250742421
489400.35164838598575 4922281.4245904637501
489400.30108006700175 4922282.9427245557308
489400.10456026397878 4922284.4055578513071
489399.8815806619823 4922285.905459901318
489399.67189140501432 4922287.4238531440496
489399.44894216099055 4922288.9422679916024
489399.14658326999051 4922290.5533763132989
489398.87071454001125 4922292.145928684622
489398.51513471698854 4922293.6460467670113
489398.15946459997213 4922295.0906265387312
489397.83031478698831 4922296.5351631389931
489397.47488622699166 4922298.1278451774269
489397.07979827502277 4922299.7946431487799
489396.63167027902091 4922301.4615275552496
489396.23613035999006 4922302.8506339229643
489395.69476015301188 4922304.2584907310084
489395.15323937201174 4922305.5737836938351
489394.62497886200435 4922306.8890551039949
489394.03041832498275 4922308.2044345904142
489393.42265831597615 4922309.5568612962961
489392.78837847901741 4922310.9093312844634
489392.27331858198158 4922312.1875557312742
489391.82440821500495 4922313.3731082780287
489391.30886593402829 4922314.3551283571869
489390.51401818398153 4922314.8192445775494
489390.02333654597169 4922314.7830187482759
489390.8724012139719 4922315.0408143559471
489390.95181054901332 4922314.9481207877398
489391.04475148598431 4922315.0220206100494
489390.89970582199749 4922315.5221033571288
489390.47686336300103 4922316.4299211064354
489389.73596138501307 4922317.449334314093
489388.45118724601343 4922318.3400444686413
489387.35211419098778 4922319.2674777535722
489386.45209273998626 4922320.2871507816017
489385.36625012900913 4922321.1960500050336
489384.04184823902324 4922322.1793898008764
489382.69071532797534 4922323.0331836817786
489381.32641336001689 4922323.9425378134474
489380.18753201601794 4922324.8515244377777
489379.03536077099852 4922325.7420201227069
489377.77701911900658 4922326.5771507937461
489376.42570664797677 4922327.3198693124577
489375.02147533098469 4922328.1367258103564
489373.68339327798458 4922328.860910478048
489372.34561379702063 4922329.7702232077718
489371.07407424098346 4922330.6424023918808
489369.92199596902356 4922331.5884380340576
489368.78302684199298 4922332.4418883351609
489367.60424777999287 4922333.2768910387531
489366.35950173297897 4922334.3156428355724
489365.19428579398664 4922335.3357521006837
489363.976151261013 4922336.42999936454
489362.81093607499497 4922337.450109061785
489361.77832111902535 4922338.4700022442266
489360.69248498702655 4922339.3789056213573
489359.56677841598867 4922340.2323358748108
489358.45427158597158 4922341.0487190848216
489357.38130281702615 4922341.7169352164492
489356.22898630797863 4922342.5148710785434
489355.02341823797906 4922343.1833044355735
489353.76487106899731 4922343.8888503313065
489352.41374663100578 4922344.7426505405456
489351.11566243501147 4922345.5963642559946
489349.80434889998287 4922346.46861270722
489348.49324778199662 4922347.4704508790746
489347.22204816597514 4922348.5462753251195
489346.1362157430267 4922349.4551811516285
489345.09022412297782 4922350.4010475957766
489344.13690099102678 4922351.2541983621195
489343.40890648198547 4922352.0514418566599
489342.4824068529997 4922353.0896772360429
489341.54270819399972 4922354.1649600211531
489340.65617093001492 4922355.3142072027549
489339.86242330900859 4922356.4447897030041
489339.21383798599709 4922357.1493394812569
489338.43301722197793 4922358.0762598728761
489337.57281896698987 4922359.1143873622641
489336.58005189400865 4922360.1712449872866
489335.70653361198492 4922361.1723688952625
489334.75348630198278 4922362.1921360669658
489333.78730070398888 4922363.2859762245789
489332.82105475099524 4922364.3427909724414
489332.00021322397515 4922365.1216751057655
489331.15306444797898 4922366.0301922727376
489330.35889492998831 4922366.9015970444307
489329.57780345500214 4922367.6619035005569
489328.6772817739984 4922368.3668673718348
489327.7899291489739 4922369.016271286644
489326.95552532398142 4922369.6100500114262
489326.18745162000414 4922370.2222328959033
489325.39243316202192 4922370.5752804530784
489324.50453461497091 4922370.8914547869936
489323.56353574397508 4922371.1706906827167
489322.99414874997456 4922371.6529582394287
489322.0528767129872 4922371.7655793372542
489321.33720556297339 4922371.9889074135572
489320.76742393698078 4922372.2305090306327
489320.29070478200447 4922372.6200606394559
489319.89342367398785 4922372.9354306105524
489319.81404643901624 4922373.0466378359124
489319.73439580702689 4922372.9912300454453
489319.77423631201964 4922373.0281903324649
489319.73445656197146 4922373.0282556051388
489319.66818735899869 4922373.0468771746382
489319.62840760900872 4922373.0469424491748
489319.56219916202826 4922373.1025895811617
489319.52244979102397 4922373.1211676355451
489319.46953164000297 4922373.1953057888895
489319.40320168097969 4922373.1769018024206
489319.36342193302698 4922373.1769670788199
489319.32355104800081 4922373.1214940156788
489319.38972911698511 4922373.0473341029137
489319.34994936501607 4922373.047399379313
489319.24383965600282 4922373.0290606729686
489319.24368776200572 4922372.9364967737347
489319.19061771797715 4922372.9180710306391
489319.1375172919943 4922372.881132511422
489319.12419661798049 4922372.8441287083551
489319.13748691300862 4922372.8626197297126
489319.17726666497765 4922372.8625544514507
489319.17729704402154 4922372.8810672331601
489319.21707679302199 4922372.8810019558296
489319.25682616297854 4922372.8624238967896
489319.40229032898787 4922372.6215184135363
489319.52102202200331 4922372.2510669920594
489319.62667607702315 4922371.9917140081525
489319.62679758801823 4922372.0657651266083
489319.67980688501848 4922372.0471653137356
489319.75918413198087 4922371.9359580874443
489319.79896388697671 4922371.9358928119764
489319.85176054498879 4922371.7877035439014
489319.87815887399483 4922371.7136089093983
489319.83843987202272 4922371.7506997426972
489319.85148715099785 4922371.6210885290056
489319.79841709602624 4922371.6026627784595
489319.77189725800417 4922371.6027062954381
489319.77186688000802 4922371.584193517454
489319.77180612599477 4922371.5471679568291
489319.79844747297466 4922371.6211755601689
489319.81182890100172 4922371.6952049201354
489319.85166941402713 4922371.7321652062237
489319.85173016798217 4922371.7691907659173
489319.90504323499044 4922371.9357187487185
489319.99907773302402 4922372.6760776350275
489319.99938150000526 4922372.861205432564
489319.94719238602556 4922373.3796502929181
489319.8942742299987 4922373.4537884425372
489319.8411738150171 4922373.4168499149382
489319.80136368999956 4922373.3984024086967
489319.82785314298235 4922373.3798461128026
489319.80130293598631 4922373.3613768508658
489319.80127255799016 4922373.342864071019
489319.81468435999705 4922373.435406209901
489319.81474511499982 4922373.4724317695946
489319.81468435999705 4922373.435406209901
489319.77493499097181 4922373.453984263353
489319.76173583097989 4922373.4910315815359
489319.80151557602221 4922373.4909663079306
489319.76182696397882 4922373.5465699220076
489319.76182696397882 4922373.5465699220076
489319.7219864599756 4922373.509609634988
489319.74850629299181 4922373.5095661189407
489319.76182696397882 4922373.5465699220076
489319.76185734098544 4922373.5650826999918
489319.77508687798399 4922373.5465481644496
489319.74859742599074 4922373.5651044575498
489319.73524637601804 4922373.50958787743
489319.65580839698669 4922373.5837695449591
489319.64245734602446 4922373.5282529629767
489319.65565650799545 4922373.4912056457251
489319.66882528999122 4922373.4356455476955
489319.68205482698977 4922373.417111011222
489319.68205482698977 4922373.417111011222
489319.68217633798486 4922373.4911621296778
489319.73506411100971 4922373.3985111983493
489319.11257718002889 4922373.8438405711204
489317.80103055597283 4922374.5679932888597
489316.43714347697096 4922375.7180272648111
489315.08606092701666 4922376.5903480648994
489313.70827655500034 4922377.3516360102221
489312.29062159202294 4922378.0574512276798
489310.96609029197134 4922378.9482421213761
489309.72096674097702 4922379.7463387139142
489308.58186188497348 4922380.5072357440367
489307.41632873401977 4922381.3237148765475
489306.23790096899029 4922382.3623693687841
489305.33820514497347 4922383.5671815508977
489304.88831173098879 4922384.141818520613
489304.80893488897709 4922384.2530259313062
489304.8620353009901 4922384.2899643359706
489304.83557635400211 4922384.3270334741101
489304.76945940701989 4922384.4382190974429
489304.72971014899667 4922384.4567972421646
489304.68996089097345 4922384.4753753887489
489304.74293962202501 4922384.4382626740262
489304.74293962202501 4922384.4382626740262
489304.75626035500318 4922384.4752664454281
489304.83588055399014 4922384.5121612744406
489304.84911002701847 4922384.4936267044395
489304.84895792702446 4922384.4010628070682
489304.82234688202152 4922384.3455680413172
489304.78244552202523 4922384.2715822877362
489304.78223258099752 4922384.1419928288087
489304.74239205801859 4922384.10503263399
489304.76872932398692 4922383.9939123773947
489304.79512743401574 4922383.9198176795617
489304.76851638301741 4922383.8643229166046
489304.74193575500976 4922383.8273409316316
489304.70203439198667 4922383.753355178982
489304.70203439198667 4922383.753355178982
489304.76821218198165 4922383.6791951125488
489304.76818176201778 4922383.6606823336333
489304.80793102801545 4922383.6421041898429
489304.74175323400414 4922383.7162642516196
489304.58357754000463 4922384.2904218975455
489303.8816854400211 4922384.8284473754466
489303.43209647998447 4922385.5882122479379
489302.26476967602503 4922385.3124382877722
