489187.6964376019896 4922447.63081343472
489187.57691519497894 4922447.5199349904433
489187.60352698597126 4922447.5754292812198
489187.59023646701826 4922447.5569385262206
489187.64306025102269 4922447.4272609436885
489187.60328095400473 4922447.4273270256817
489187.57663840800524 4922447.3533199531958
489187.53685911197681 4922447.3533860361204
489187.51030882599298 4922447.334917309694
489187.45705448498484 4922447.2054159464315
489187.39097093697637 4922447.3351155603305
489187.2585270589916 4922447.4278997508809
489187.21877851599129 4922447.4464786173776
489187.29824484401615 4922447.3908081008121
489187.28498507797485 4922447.3908301284537
489187.2320997909992 4922447.4834821522236
489187.15263346600113 4922447.5391526669264
489187.07319789897883 4922447.6133359670639
489187.205734038027 4922447.5760901179165
489187.2853541370132 4922447.6129835126922
489187.41782876802608 4922447.5387121038511
489187.48400457500247 4922447.4645508369431
489187.61672524298774 4922447.5383816892281
489187.64333703601733 4922447.5938759800047
489187.57694594899658 4922447.5384477712214
489187.51064712298103 4922447.5385579094291
489187.47083707398269 4922447.5201112106442
489187.48406608402729 4922447.5015764012933
489187.51058561401442 4922447.5015323460102
489187.52384537900798 4922447.5015103174374
489187.56365542998537 4922447.5199570171535
489187.51067787699867 4922447.5570706920698
489187.43105777702294 4922447.5201772935688
489187.33817791199544 4922447.483305927366
489187.33808564802166 4922447.4277675822377
489187.40432296600193 4922447.3906318768859
489187.48394306702539 4922447.4275252744555
489187.48397382098483 4922447.446038056165
489187.49717207800131 4922447.4089904641733
489187.55021114001283 4922447.4089023536071
489187.57669991598232 4922447.3903455156833
489187.49717207800131 4922447.4089904641733
489187.27187908801716 4922447.4834160674363
489186.46352552698227 4922447.7809643484652
489185.45655242400244 4922448.2454582406208
489184.1578646840062 4922448.7104370454326
489182.80619961797493 4922449.2125298213214
489181.44112114200834 4922449.6220810096711
489180.03604812698904 4922449.9021091386676
489178.81685809901683 4922450.3299311902374
489177.54453685099725 4922450.7023033164442
489176.25898677302757 4922451.0932105211541
489175.14624474599259 4922451.7430102415383
489173.91401117801433 4922452.3004447417334
489172.61541745497379 4922452.8209641985595
489171.29018123098649 4922453.2674769116566
489170.01819982699817 4922453.8434911165386
489168.75950920698233 4922454.4379962831736
489167.5007263830048 4922454.9769633505493
489166.2417280600057 4922455.3863411862403
489164.96943933097646 4922455.777228558436
489163.68401429499499 4922456.2421893840656
489162.43824537500041 4922456.633033098653
489161.08661444799509 4922457.1536431796849
489159.8143572040135 4922457.5630443450063
489158.34286475100089 4922457.7691364558414
489157.03098277200479 4922458.2711683399975
489155.57327467499999 4922458.7919562859461
489154.274714552972 4922459.3309921985492
489153.17461881798226 4922459.6105179488659
489151.94229604298016 4922460.1124182706699
489150.61697013501544 4922460.5033968565986
489149.39756797300652 4922460.8016349533573
489147.97951679199468 4922461.2483071619645
489146.68071082001552 4922461.63924233336
489145.18288547301199 4922461.9564583422616
489143.65863343398087 4922462.3292572759092
489142.1873896230245 4922462.6834553042427
489140.75589428498643 4922463.0190745163709
489139.36411651101662 4922463.3176020979881
489137.9591409220011 4922463.6531776748598
489136.27530940697761 4922463.7485521491617
489134.75096557900542 4922464.0658148238435
489133.26584473700495 4922464.0497813606635
489131.75435898499563 4922464.1263564294204
489130.32255532499403 4922464.2768501099199
489128.95701946300687 4922464.4087205920368
489127.6842708439799 4922464.5219235289842
489126.37174307997338 4922464.6351931700483
489124.9664900440257 4922464.8041565110907
489123.62725730397506 4922464.8063943227753
489122.1156480719801 4922464.8089204998687
489120.750019649975 4922464.8852543542162
489119.10562744102208 4922464.7769261756912
489117.68680536100874 4922464.7607854316011
489116.46725070197135 4922464.9664657916874
489115.1675804600236 4922464.8390493523329
489113.66920000000391 4922464.8230425342917
489112.29025000502588 4922464.862374776043
489110.91151683498174 4922465.0312967905775
489109.55921026098076 4922465.1446363748983
489108.12709751998773 4922465.1100071165711
489106.60253847099375 4922465.297686913982
489105.06475076399511 4922465.5039020422846
489103.52714911702788 4922465.8211942324415
489102.02920281101251 4922466.0643690470606
489100.49135342601221 4922466.2335596950725
489098.84711623599287 4922466.2178005464375
489097.33587945299223 4922466.4424858689308
489095.67881680000573 4922466.6859286883846
489094.14084364200244 4922466.7810697061941
489092.58998309500748 4922467.0983866993338
489091.07887084200047 4922467.3971246052533
489089.56754149601329 4922467.5662733837962
489088.08297997602494 4922467.883480316028
489086.59838755597593 4922468.1821748046204
489085.07395401201211 4922468.4439107747748
489083.48328407702502 4922468.7427838668227
489081.94568423001328 4922469.0600811587647
489080.46112341701519 4922469.3772898288444
489079.22871486801887 4922469.8236655946821
489077.5982042439864 4922470.0855813054368
489076.2197216199711 4922470.402612933889
489074.81444002100034 4922470.5530743235722
489073.39580553100677 4922470.6480199312791
489072.04362508398481 4922470.8354184450582
489070.33327690401347 4922470.9308545133099
489068.70279799698619 4922471.2112852381542
489067.07197716401424 4922471.2880757637322
489065.57362913398538 4922471.2905928026885
489063.99575390398968 4922471.3117566425353
489062.32471845002146 4922471.1294362396002
489060.7467187300208 4922471.0765497386456
489058.98302069702186 4922470.9869501087815
489057.45815315801883 4922470.9895135946572
489055.7608158980147 4922470.9368289401755
489054.27585203200579 4922471.0133774131536
489052.65816647198517 4922471.0160981193185
489051.02715891099069 4922470.9818159686401
489049.7806208539987 4922470.9098617080599
489048.30941517400788 4922471.2825937559828
489046.8914042970282 4922471.7478007925674
489045.61915701802354 4922472.1572243059054
489044.17481406702427 4922472.7335532661527
489042.75671030202648 4922473.1432228572667
489041.67016186501132 4922473.5893601952121
489040.60997713997494 4922473.9428891455755
489039.70865966397105 4922474.1480480590835
489038.31551696098177 4922473.6320348288864
489037.10794766299659 4922473.0786836501211
489036.71093584102346 4922473.542173255235
489035.43878310697619 4922474.0071371085942
489034.11321742000291 4922474.2500371793285
489032.74774792202516 4922474.4189534178004
489031.47540844901232 4922474.7728413511068
489030.19021503202384 4922475.3674180582166
489028.38779962598346 4922475.9073283784091
489026.8107995329774 4922476.4468591557816
489025.27392219001194 4922477.1899638501927
489023.86908027797472 4922477.599615206942
489022.33170395402703 4922478.0465160757303
489020.91363393497886 4922478.4747032159939
489019.53521827497752 4922478.8287724284455
489018.4086746199755 4922479.1453912854195
489017.72023222700227 4922479.775989302434
489016.39482457202394 4922480.111456900835
489015.01581584598171 4922480.1137841958553
489013.6775861849892 4922480.7084536906332
489013.34599998401245 4922480.6534748990089
489012.27240196900675 4922480.9144669407979
489011.41077166498872 4922481.0640242751688
489010.40250327298418 4922480.7510084249079
489008.87832577998051 4922481.160864520818
489007.5128896330134 4922481.3482988430187
489006.21212599700084 4922480.5729567566887
489005.2840096540167 4922480.6115501895547
489004.2620433329721 4922480.0393787259236
489003.62517115002265 4922479.7997878361493
489003.20064179797191 4922479.6709152469411
489002.96146672399482 4922479.3751139845699
489002.68238740001107 4922479.0053288154304
489002.48339803400449 4922478.9501265343279
489002.39051755901892 4922478.9132578037679
489002.27143049502047 4922479.0615617111325
489002.11253305000719 4922479.1914200568572
489001.98018629400758 4922479.3397463755682
489001.86100539902691 4922479.4325119424611
489001.66264170297654 4922479.747565343976
489001.64947585202754 4922479.8031261004508
489001.57010535302106 4922479.9143372382969
489001.47747515601804 4922480.0255707809702
489001.41127051302465 4922480.0812211632729
489001.38487624801928 4922480.1553171081468
489001.33211900899187 4922480.3220217861235
489001.22604141797638 4922480.3222010433674
489001.19967844197527 4922480.4148097699508
489001.14704634802183 4922480.6555655775592
489001.14704634802183 4922480.6555655775592
489001.17356574401492 4922480.6555207641795
489001.0546977330232 4922480.9334141751751
489001.01532534498256 4922481.1741475760937
489001.14823516499018 4922481.3590513290837
489001.1351944609778 4922481.4886632161215
489001.25446916098008 4922481.451435985975
489001.25471943599405 4922481.5995382489637
489001.28127011202741 4922481.6180062172934
489001.44032390002394 4922481.5807117661461
489001.48022812302224 4922481.654695677571
489001.50712291902164 4922481.8768042577431
489001.57357781601604 4922481.969256138429
489001.63990757701686 4922481.987656888552
489001.62689814902842 4922482.1357815600932
489001.62721098202746 4922482.3209093911573
489001.66708391497377 4922482.3763805171475
489001.6406896589906 4922482.4504764629528
489001.53505007200874 4922482.7098346780986
489001.42919150699163 4922482.8396034138277
489001.28386670799227 4922483.1545672016218
489001.20465267897816 4922483.3583422582597
489000.74118914798601 4922483.729382192716
489000.21095790702384 4922483.822842463851
489000.11864066700218 4922484.1192038580775
489000.06563318899134 4922484.1378062767908
489000.07851742702769 4922483.9156304737553
488999.70630740100751 4922483.360874466598
488998.88323642499745 4922482.7883676933125
488998.30034186999546 4922483.104071162641
488997.9429873219924 4922483.4934447742999
488997.3753241780214 4922484.9754312420264
488996.70130212802906 4922486.2909820489585
488996.26601726101944 4922487.6431549768895
488995.83138987602433 4922489.3840963803232
488995.42312557401601 4922491.032429067418
488995.12034413201036 4922492.3288395423442
488994.73847432801267 4922493.9030763050541
488994.58239471097477 4922495.6990853352472
488994.27958235598635 4922496.9769830740988
488993.9912819879828 4922498.9953697472811
488993.71564665000187 4922500.6619911305606
488993.45261366502382 4922501.9398216530681
488993.20312220399501 4922503.3842448163778
488992.99381680798251 4922505.0692669069394
488992.67793341900688 4922506.4582638675347
488992.20305969199399 4922507.9215810885653
488991.71567801997298 4922509.8292275881395
488991.30716556502739 4922511.329458319582
488990.88514315400971 4922512.6816092366353
488990.27704767102841 4922513.7748952237889
488989.70841810497222 4922514.6829861383885
488989.16471068101237 4922514.6468802634627
488989.07154876500135 4922514.4433966623619
488989.00512533902656 4922514.3694576900452
488988.89820266701281 4922513.8697919845581
488988.92440872901352 4922513.6846192823723
488989.05725559598068 4922513.832497227937
488989.21668435202446 4922514.0173558825627
488989.21680962800747 4922514.091407016851
488989.24326624901732 4922514.0543365860358
488989.25671379501 4922514.165390856564
488989.50964894198114 4922514.7573737418279
488989.44366398302373 4922514.9426137367263
488989.48344286700012 4922514.9425464430824
488989.49667117802892 4922514.9240112286061
488989.17834613798186 4922514.869011237286
488989.11217327101622 4922514.9431745316833
488989.00603360502282 4922514.9063284220174
488988.79391086898977 4922514.9252001279965
488988.55561340501299 4922515.1477573290467
488988.09187096700771 4922515.3521831333637
488987.58881953102536 4922515.8343680333346
488986.9132677349844 4922516.2427935134619
488986.0917348350049 4922516.5774147454649
488985.17735332198208 4922516.8936803834513
488984.32927001302596 4922517.2098339367658
488983.70647504099179 4922517.451554925181
488982.93779292999534 4922517.6750100832433
488982.03664000297431 4922517.9727409286425
488980.87063949502772 4922518.4745615012944
488979.5188790980028 4922518.9026454640552
488978.03452267800458 4922519.3309542555362
488976.33763628901215 4922519.5374693041667
488974.86635168397333 4922519.8546796580777
488973.27598157298053 4922520.3201947957277
488971.59295121801551 4922520.8784315185621
488969.64397585502593 4922520.9928112886846
488968.11955930001568 4922521.2545747030526
488966.68792878999375 4922521.4976683473215
488965.45522399200127 4922521.7589378785342
488964.11631681700237 4922521.9463363736868
488962.87013283401029 4922522.0780393928289
488961.4115752960206 4922522.0805129744112
488959.78045435802778 4922521.9722025711089
488958.09623209101846 4922521.8269569901749
488956.77039628301281 4922521.9032577956095
488955.37823102198308 4922521.9611585922539
488953.82682473101886 4922521.9452785970643
488952.30206335900584 4922522.0034050950781
488950.57831351499772 4922522.0063312528655
488948.98741128202528 4922522.1571350004524
488947.31698287499603 4922522.3265870222822
488945.56699687597575 4922522.496174601838
488943.75074435002171 4922522.6843880545348
488942.1335119259893 4922522.9463152335957
488940.68871749797836 4922523.2449754793197
488939.03164357499918 4922523.4699454512447
488937.6665014650207 4922523.8240095162764
488936.18186566600343 4922524.085712807253
488934.57789349701488 4922524.3476193202659
488932.90756045200396 4922524.5726134004071
488931.38305173401022 4922524.7788470732048
488929.84544094197918 4922525.0776675743982
488928.32108989800327 4922525.3764658868313
488926.6773080410203 4922525.6199292363599
488925.08653322700411 4922525.8447899678722
488923.44272010098211 4922526.0697413496673
488921.95814839500235 4922526.3684734543785
488920.55310293700313 4922526.648557683453
488919.02850053098518 4922526.799255900085
488917.66285583202261 4922526.8571196151897
488916.2836362849921 4922526.7298783576116
488915.11663342401152 4922526.6393016278744
488914.06903004099149 4922526.5855474118143
488913.55196851299843 4922526.623453816399
488913.3663655819837 4922526.6422828100622
488913.36642865097383 4922526.679308379069
488913.41946706897579 4922526.6792180323973
488913.59193653502734 4922526.7344627659768
488913.68478530098218 4922526.752817446366
488913.80418481002562 4922526.7896397449076
488913.76443753001513 4922526.8082202868536
488913.83086168498266 4922526.8821584945545
488913.883994703996 4922526.9376065060496
488913.99019767000573 4922527.0114769600332
488914.04326762002893 4922527.0298994015902
488914.05659028998343 4922527.0669023878872
488914.0566218229942 4922527.0854151714593
488914.08320409501903 4922527.1223955703899
488914.17608438798925 4922527.1592630436644
488914.25583120400552 4922527.2702042423189
488914.29570461000549 4922527.3256748402491
488914.26934306597104 4922527.4182839300483
488914.28272879798897 4922527.4923124825582
488914.2563672530232 4922527.5849215742201
488914.26968992000911 4922527.6219245567918
488914.26978451700415 4922527.677462910302
488914.25649338198127 4922527.658972710371
488914.28298105497379 4922527.6404147557914
488914.40225441602524 4922527.6031859284267
488914.40209675597725 4922527.5106220059097
488913.68588898697635 4922527.4007648974657
488912.35964481497649 4922527.2364085586742
488911.19305202097166 4922527.3864987278357
488910.11968657100806 4922527.7770971516147
488908.98037026502425 4922528.3714493587613
488908.18618236097973 4922529.1873676422983
488907.13984142697882 4922529.8741259174421
488905.64257975202054 4922530.5061144670472
488904.13205876701977 4922531.1381259663031
488902.60802595602581 4922531.6220581512898
488901.05734790302813 4922532.0319847790524
488899.57268384698546 4922532.2751836460084
488898.07494977500755 4922532.6294821705669
488896.55072826502146 4922533.0023390715942
488894.93321597902104 4922533.0976629303768
488893.47475565702189 4922533.1556900944561
488892.17601076501887 4922533.5651889322326
488890.57232706801733 4922533.993721364066
488889.04908602498472 4922534.9404763411731
488887.08666699199239 4922534.9438267741352
488885.90735398000106 4922535.4086614623666
488884.3168674929766 4922535.8001472270116
488882.79283723398112 4922536.2840840602294
488881.49425176199293 4922536.7861489569768
488879.92987385002198 4922536.9369242936373
488878.79030882101506 4922537.3831795230508
488877.51761030097259 4922537.5149442106485
488876.11291717999848 4922537.9986786749214
488874.78781339799752 4922538.5007902374491
488873.47638082801132 4922539.2435456020758
488872.08570761501323 4922540.1715651042759
488870.81399110599887 4922540.8772274274379
488869.83373224100797 4922541.43428886123
488868.57489584799623 4922541.9177755322307
488867.56814985297387 4922542.4933954523876
488866.54820779897273 4922543.1060637775809
488865.79326732002664 4922543.6072018789127
488865.47535434097517 4922543.7928741360083
488865.47554436797509 4922543.9039508448914
488865.63484923000215 4922544.0147553477436
488865.7278245689813 4922544.1071604853496
488865.80763534799917 4922544.255126661621
488865.91393359098583 4922544.3845346886665
488866.02039017697098 4922544.6065066428855
488866.04719434201252 4922544.7730763386935
488865.95459905499592 4922544.9028246151283
488865.79583261301741 4922545.1067374469712
488865.30497524497332 4922544.959474475123
488864.98766412300756 4922545.4968896722421
488864.18028760398738 4922546.3498616153374
488863.51914661098272 4922547.42473750934
488862.83164511201903 4922548.592222776264
488862.06458651198773 4922549.7598442668095
488861.50964939402184 4922550.908589983359
488861.02107360697119 4922552.0942478533834
488860.32028181402711 4922553.2432433040813
488859.73866776900832 4922554.2994706453755
488859.15683208900737 4922555.2261085435748
488858.64031188801164 4922555.5787366647273
488858.50755796901649 4922555.4863997204229
488858.40154498099582 4922555.5236068796366
488858.37502589001087 4922555.5236522760242
488858.34850679797819 4922555.5236976733431
488858.38853896799264 4922555.6717318603769
488858.40176682098536 4922555.6531963748857
488858.48122902499745 4922555.5975218266249
488858.56088137399638 4922555.6529239937663
488858.52126119297463 4922555.74555601459
488858.49490055599017 4922555.8381653372198
488858.4419574480271 4922555.8937944853678
488858.41556512098759 4922555.9678910244256
488858.38914110598853 4922556.0234747771174
488858.38936294597806 4922556.1530642723665
488858.41591372602852 4922556.171531659551
488858.42920496501029 4922556.1900217439979
488858.42914158198982 4922556.1529961759225
488858.40243234101217 4922556.041964863427
488858.44217928801663 4922556.0233839815482
488858.40252741600852 4922556.0975032187998
488858.34964769397629 4922556.190157936886
488858.3363247680245 4922556.1531550670043
488858.25695764797274 4922556.2643679687753
488858.13743159297155 4922556.153495551087
488858.08445679600118 4922556.1906119156629
488858.03157707798528 4922556.2832666411996
488857.89907671202673 4922556.3390319887549
488857.75293648097431 4922556.1726666213945
488857.71296768600587 4922556.0616580098867
488857.6468918150058 4922556.1913610035554
488857.60695471201325 4922556.098865182139
488857.56746132299304 4922556.2655483465642
488857.47480298002483 4922556.3582711750641
488857.3953724890016 4922556.4324585217983
488857.26318907499081 4922556.6733517367393
488857.27616336598294 4922556.5067139687017
488857.28923274500994 4922556.3956145551056
488857.2890425780206 4922556.2845378462225
488857.40831509098643 4922556.2473079673946
488857.4744226509938 4922556.1361177554354
488857.63356888300041 4922556.1543581355363
488857.75261954800226 4922555.9875387689099
488857.83192327502184 4922555.8393002906814
488857.89787238300778 4922555.6355461552739
488857.93755594099639 4922555.5799397006631
488857.95034009899246 4922555.3022252246737
488857.9767324210261 4922555.228128685616
488857.98986519698519 4922555.1540548466146
488857.98961165698711 4922555.0059525649995
488857.98942150099901 4922554.8948758561164
488857.93628823198378 4922554.839428297244
488857.93631992500741 4922554.8579410826787
488857.92287021997618 4922554.7468870729208
488857.85647740500281 4922554.6914622141048
488857.80350259802071 4922554.7285785805434
488857.75030593998963 4922554.6361054563895
488857.71036882902263 4922554.5436096340418
488857.670495104976 4922554.4881393779069
488857.67055849201279 4922554.5251649459824
488857.67062187899137 4922554.5621905159205
488857.68397650698898 4922554.6177061721683
488857.72385022998787 4922554.6731764283031
488857.75046440598089 4922554.7286693807691
488857.80366106401198 4922554.821142507717
488857.84350309200818 4922554.8580999802798
488857.85679433401674 4922554.8765900665894
488857.87014895997709 4922554.9321057219058
488857.89666805398883 4922554.932060321793
488857.88344020000659 4922554.9505958082154
488857.89673143997788 4922554.9690858907998
488857.89679482602514 4922555.0061114616692
488857.88356697198469 4922555.024646949023
488857.84372494299896 4922554.9876894764602
488857.79062336799689 4922554.9507547058165
488857.7242939369753 4922554.9323554188013
488857.72438901697751 4922554.9878937732428
488857.75109827099368 4922555.098925084807
488857.75116165797226 4922555.1359506547451
488857.75119335099589 4922555.1544634411111
488857.77777583198622 4922555.1914436100051
488857.7777441390208 4922555.172930826433
488857.77768075297354 4922555.1359052555636
488857.77755398000591 4922555.0618541138247
488857.77758567297133 4922555.0803669001907
488857.8040096880286 4922555.0247831465676
488857.80391460901592 4922554.9692447893322
488857.81723754102131 4922555.0062476601452
488857.85701618500752 4922555.0061795609072
488857.91011775902007 4922555.0431143315509
488857.91002268000739 4922554.9875759761781
488857.89673143997788 4922554.9690858907998
488857.91005437297281 4922555.0060887616128
488857.87018065300072 4922554.9506185073406
488857.87027573102387 4922555.0061568617821
488857.87033911701292 4922555.0431824307889
488857.8704341960256 4922555.098720787093
488857.91027622297406 4922555.1356782577932
488857.9368587009958 4922555.1726584304124
488857.95021332800388 4922555.2281740847975
488857.97692257701419 4922555.3392053963616
488858.01679629401769 4922555.3946756534278
488858.10973988799378 4922555.4685678975657
488858.13632236601552 4922555.5055480701849
488858.13638575101504 4922555.5425736419857
488858.18958239402855 4922555.6350467707962
488858.24287411401747 4922555.7830582549796
488858.24293749802746 4922555.8200838267803
488858.22980471898336 4922555.8941576648504
488858.24319103301968 4922555.9681861074641
488858.26983689097688 4922556.0421918500215
488858.29641936399275 4922556.0791720207781
488858.29638767201686 4922556.060659237206
488858.25654565397417 4922556.0237017646432
488858.22999487101333 4922556.0052343774587
488858.16353868501028 4922555.9127839459106
488858.13705128600122 4922555.9313421286643
488858.09720926498994 4922555.8943846561015
488858.04401262197644 4922555.8019115282223
488858.01730337401386 4922555.6908802147955
488857.977397966024 4922555.6168971741572
488857.93758763402002 4922555.5984524842352
488857.89768222597195 4922555.5244694435969
488857.88435929402476 4922555.4874665737152
488857.87097297597211 4922555.4134381348267
488857.85765004501445 4922555.3764352630824
488857.8575866590254 4922555.3394096931443
488857.8575866590254 4922555.3394096931443
488857.87081451102858 4922555.3208742085844
488857.87084620399401 4922555.3393869930878
488857.84423203102779 4922555.2838940378278
488857.83100417698734 4922555.3024295214564
488857.84423203102779 4922555.2838940378278
488857.87075112498133 4922555.2838486386463
488857.87068773899227 4922555.2468230677769
488857.87062435399275 4922555.2097974969074
488857.88382051500957 4922555.1727492287755
488857.88382051500957 4922555.1727492287755
488857.8838839000091 4922555.2097747977823
488857.89714344701497 4922555.2097520967945
488857.92363084701356 4922555.1911939121783
488857.937017165008 4922555.2652223529294
488857.96353626099881 4922555.2651769537479
488857.99005535297329 4922555.2651315545663
