488711.16168218501844 4922475.9499627454206
488711.1882337119896 4922475.9684295300394
488711.22794861899456 4922475.9313349695876
488711.25453225697856 4922475.9683145396411
488711.28101956500905 4922475.9497557627037
488711.30747476400575 4922475.9126841994002
488711.34718967502704 4922475.8755896380171
488711.40010007400997 4922475.8014465160668
488711.46630229597213 4922475.7457931824028
488711.49275749601657 4922475.7087216190994
488711.53244029800408 4922475.6531142788008
488711.57212310400791 4922475.5975069394335
488711.59857830498368 4922475.5604353770614
488711.611838014971 4922475.560412379913
488711.61170958302682 4922475.48636124935
488711.63810057198862 4922475.412264123559
488711.63806846400257 4922475.3937513390556
488711.61151693400461 4922475.3752845516428
488711.58490118902409 4922475.3197921970859
488711.59806457499508 4922475.2642308520153
488711.62451977899764 4922475.2271592924371
488711.6111316360184 4922475.1531311590225
488711.62432712997543 4922475.11608259473
488711.59771138499491 4922475.0605902420357
488711.61077844601823 4922474.9494905481115
488711.59742241102504 4922474.8939751973376
488711.58416269998997 4922474.8939981954172
488711.54425513499882 4922474.8200160572305
488711.54409459297312 4922474.7274521421641
488711.51747884397628 4922474.6719597885385
488711.43798479199177 4922474.7091233404353
488711.41152958699968 4922474.7461949018762
488711.38494594697841 4922474.70921532996
488711.34510259598028 4922474.6722587579861
488711.30535556998802 4922474.6908405367285
488711.29209585802164 4922474.6908635348082
488711.29203164001228 4922474.6538379685953
488711.22566886298591 4922474.6169273937121
488711.18588972999714 4922474.6169963879511
488711.18592183897272 4922474.6355091696605
488711.27890036499593 4922474.727912097238
488711.30541978799738 4922474.7278661010787
488711.26564065401908 4922474.7279350943863
488711.27877192897722 4922474.6538609657437
488711.31864738900913 4922474.7093303203583
488711.23905701201875 4922474.6909555271268
488711.23915333900368 4922474.7464938750491
488711.22589362802682 4922474.7465168731287
488711.15949874400394 4922474.6910935156047
488711.14620692201424 4922474.672603729181
488710.86701444699429 4922474.247292695567
488710.71945574501297 4922473.2663681982085
488710.49221025797306 4922472.2115305727348
488710.09213877801085 4922470.8978130044416
488709.6257043069927 4922469.547184901312
488709.30493392300559 4922468.0852271169424
488708.97090367099736 4922466.6232923539355
488708.6235814220272 4922465.1428678296506
488708.28945451701293 4922463.6253947615623
488707.96865142899333 4922462.1449242709205
488707.79383381700609 4922460.7382518742234
488707.56604139500996 4922459.368697071448
488707.3777069170028 4922457.8139454377815
488707.32190560101299 4922456.2219381853938
488707.25290874700295 4922454.6669795131311
488707.07770533498842 4922453.0381537629291
488706.88924207998207 4922451.4093510294333
488706.7405901409802 4922449.7989920657128
488706.55222307797521 4922448.2257276987657
488706.31100958801107 4922446.7636320646852
488706.10954318399308 4922445.282954630442
488705.86816886998713 4922443.7282951092348
488705.54723577498225 4922442.1737736547366
488705.3987760579912 4922440.674491437152
488705.19714863499394 4922439.1012501390651
488705.035396856023 4922437.5834781648591
488704.96672054799274 4922436.213647373952
488704.79190161899896 4922434.806975110434
488704.65689412900247 4922433.4187466064468
488704.46852610801579 4922431.8454823372886
488704.20085621700855 4922430.4204583996907
488703.89337466901634 4922428.9769907379523
488703.58595724601764 4922427.5705486526713
488703.29160671401769 4922426.0530068846419
488703.05026317102602 4922424.5168602913618
488702.82211506401654 4922422.9436651337892
488702.63377844297793 4922421.3889137264341
488702.41901849099668 4922419.8897466976196
488702.27042903401889 4922418.3164134770632
488702.13503506901907 4922416.7060316829011
488702.1321750979987 4922415.0583941703662
488701.9837140099844 4922413.5591120887548
488701.84848055697512 4922412.041294220835
488701.76619000401115 4922410.4678459446877
488701.68396368902177 4922408.9314232347533
488701.66813298198394 4922407.4504237882793
488701.73170070402557 4922405.8767223330215
488701.79523632198106 4922404.2845081044361
488701.81918521097396 4922402.8034396152943
488701.88272088597296 4922401.2112253941596
488701.9593879180029 4922399.5449370406568
488702.0758667300106 4922397.8970924215391
488702.21905814798083 4922396.3602784611285
488702.32237361400621 4922394.7679952122271
488702.38581309997244 4922393.1202426785603
488702.436217673996 4922391.6021026242524
488702.44687475298997 4922390.102544400841
488702.5237027410185 4922388.5288199866191
488702.58691741502844 4922386.7514780070633
488702.59738174802624 4922385.1408431166783
488702.47543991100974 4922383.6415150659159
488702.26071085600415 4922382.1608609110117
488702.24462317902362 4922380.5317592844367
488702.21546839398798 4922379.0137573564425
488702.18599225499202 4922377.3106276337057
488701.98461924900766 4922375.8854888258502
488701.86277351598255 4922374.4416991481557
488701.62162059999537 4922373.0166294099763
488701.221605609986 4922371.7399381371215
488700.87453375098994 4922370.407616475597
488700.50084547902225 4922369.0198025349528
488700.18035746802343 4922367.7244604378939
488700.40343012602534 4922366.3726361822337
488700.34958691999782 4922365.9099087724462
488700.25651027401909 4922365.7619676766917
488700.19001777097583 4922365.6510060988367
488700.11049030901631 4922365.6696570012718
488700.0575148530188 4922365.7067746417597
488699.91178414598107 4922365.7810789858922
488699.80586538300849 4922365.8738270513713
488699.69991448102519 4922365.9480623407289
488699.62054773001 4922366.0592771461233
488699.52788890799275 4922366.1520021930337
488699.46178209298523 4922366.2631939779967
488699.38231892301701 4922366.3188704466447
488699.32940776401665 4922366.3930136542767
488699.35605619498529 4922366.4670187290758
488699.32966489897808 4922366.5411158902571
488699.26326881401474 4922366.4856926621869
488699.30301646597218 4922366.4671108163893
488699.34286054701079 4922366.5040673082694
488699.3295363310026 4922366.4670647727326
488699.27620732301148 4922366.3005418423563
488699.30269504600437 4922366.2819830197841
488699.3028878979967 4922366.3930596979335
488699.38228678202722 4922366.3003576677293
488699.39541814697441 4922366.2262835269794
488699.40848522901069 4922366.1151838283986
488699.35531693202211 4922366.0412247972563
488699.3418641469907 4922365.9301711432636
488699.31502285902388 4922365.7450893893838
488699.30150578997564 4922365.5970101766288
488699.36754832498264 4922365.4487928291783
488699.40719955897657 4922365.3746726438403
488699.4600464469986 4922365.2635038811713
488699.52618541300762 4922365.1708248760551
488699.6056164560141 4922365.0966356275603
488699.6717232830124 4922364.9854438407347
488699.81738972500898 4922364.8741139341146
488699.94989265600452 4922364.8183453865349
488700.05590785900131 4922364.7811356624588
488700.20167073101038 4922364.725344103761
488700.33430222398601 4922364.7436266820878
488700.4006019019871 4922364.7435115817934
488700.4668694420252 4922364.7248837053776
488700.49342145002447 4922364.7433504443616
488700.51994132099207 4922364.7433044053614
488700.55972112802556 4922364.7432353468612
488700.63931287801825 4922364.7616100106388
488700.63931287801825 4922364.7616100106388
488700.65247640101006 4922364.7060486515984
488700.65241212502588 4922364.6690230928361
488700.65231570997275 4922364.6134847523645
488700.62582797498908 4922364.6320435721427
488700.62592438998399 4922364.6875819107518
488700.63915218698094 4922364.6690461123362
488700.59930810402147 4922364.6320896102116
488700.59927596501075 4922364.6135768303648
488700.51961993501754 4922364.5581766087562
488700.4796794350259 4922364.4656817708164
488700.38669918797677 4922364.373279010877
488700.26713478600141 4922364.2438967321068
488700.17425095202634 4922364.2070323126391
488700.12121120502707 4922364.207124395296
488700.09475561301224 4922364.244195994921
488700.06823573802831 4922364.2442420357838
488700.04178014601348 4922364.2813136363402
488699.97557688300731 4922364.3369670789689
488699.93592563597485 4922364.4110872587189
488699.96257406799123 4922364.4850923353806
488699.98922250198666 4922364.5590974120423
488700.02919514797395 4922364.6701050279662
488700.02942012797575 4922364.7996944859624
488700.13566030899528 4922364.8920742198825
488700.01644945301814 4922364.9663325212896
488699.6570491429884 4922364.1709045618773
488699.4428009520052 4922362.9679422397166
488699.82515363098355 4922361.7084056166932
488700.16756592900492 4922360.356374181807
488700.48355489101959 4922359.0599271450192
488700.6536845350056 4922357.7637333376333
488700.70437826099806 4922356.4122083690017
488700.63570027798414 4922355.0423777997494
488700.5275316350162 4922353.8392313010991
488700.43288002500776 4922352.7841640235856
488700.31138707202626 4922351.5440149959177
488700.18995835300302 4922350.3408915316686
488700.04255602898775 4922349.4525313563645
488700.02871754701482 4922349.1193243516609
488700.05514106299961 4922349.063739974983
488700.13499012199463 4922349.2302168654278
488700.14818581199506 4922349.1931682862341
488700.10869516502135 4922349.3598523596302
488700.33443599002203 4922349.5445888089016
488700.40083223901456 4922349.6000120481476
488700.851446132001 4922349.469639939256
488700.87809461500729 4922349.5436450187117
488700.93116661900422 4922349.5620657224208
488700.90438958600862 4922349.414009526372
488700.95742945297388 4922349.4139174520969
488700.91752100497251 4922349.33993539121
488700.95717235602206 4922349.2658152189106
488701.0366357479943 4922349.2101387698203
488700.78456782101421 4922349.1365250097588
488700.78421430598246 4922348.9328844416887
488700.71817157097394 4922349.0811017667875
488700.78479278401937 4922349.2661144630983
488700.86454541201238 4922349.3770530242473
488700.82502261298941 4922349.5252243140712
488700.79866336600389 4922349.6178342467174
488700.83857181697385 4922349.6918163076043
488700.82534398901043 4922349.7103521050885
488700.79908115498256 4922349.8585003754124
488700.93180936400313 4922349.9323213044554
488700.99798064201605 4922349.8581550940871
488700.71948922297452 4922349.8401257088408
488700.32175452500815 4922349.8778418535367
488700.20241483399877 4922349.8780490327626
488700.28187821200117 4922349.8223725762218
488700.22877406899352 4922349.7854390954599
488700.22880620800424 4922349.8039518771693
488700.25529400201049 4922349.7853930564597
488700.26865038502729 4922349.8409083727747
488700.26871466398006 4922349.877933931537
488700.26881108101225 4922349.9334722692147
488700.30865525500849 4922349.9704287676141
488700.34846729197307 4922349.9888724861667
488700.40153929201188 4922350.0072931880131
488700.44135132798692 4922350.0257369093597
488700.46793553500902 4922350.0627164281905
488700.53436391701689 4922350.1366524463519
488700.56091598502826 4922350.1551191871986
488700.54775243502809 4922350.2106805453077
488700.53455674700672 4922350.2477291207761
488700.53462102398043 4922350.284754681401
488700.50819750799565 4922350.3403390562162
488700.45525406597881 4922350.3959694718942
488700.41553844697773 4922350.433064090088
488700.38911493500927 4922350.4886484658346
488700.36269142298261 4922350.5442328434438
488700.30971584201325 4922350.5813504802063
488700.26996808999684 4922350.5999323185533
488700.25667598599102 4922350.5814425600693
488700.24341602099594 4922350.5814655795693
488700.1904404439847 4922350.6185832181945
488700.15069268998923 4922350.6371650584042
488700.09765283297747 4922350.6372571401298
488700.03132087201811 4922350.61885946244
488699.9914766990114 4922350.5819029659033
488699.93843684101012 4922350.5819950476289
488699.88533270399785 4922350.5450615743175
488699.83222856500652 4922350.5081280963495
488699.79232011100976 4922350.4341460457072
488699.77899586502463 4922350.3971435073763
488699.7657358989818 4922350.3971665278077
488699.76570375898154 4922350.3786537488922
488699.73918382899137 4922350.3786997906864
488699.71263175999047 4922350.3602330526337
488699.68614397197962 4922350.3787918752059
488699.67301257001236 4922350.4528660112992
488699.62006913399091 4922350.5084964344278
488699.59370991098695 4922350.6011063735932
488699.56728640402434 4922350.656690753065
488699.51434297201922 4922350.7123211752623
488699.46139953902457 4922350.7679515983909
488699.42158750700764 4922350.7495078854263
488699.3819361809874 4922350.8236280679703
488699.30244068300817 4922350.8607917558402
488699.28924500098219 4922350.8978403378278
488699.23633371700998 4922350.9719835408032
488699.22317017999012 4922351.0275449026376
488699.20991021598456 4922351.0275679249316
488699.15693464601645 4922351.0646855738014
488699.13047900499078 4922351.1017571743578
488699.09069911297411 4922351.1018262421712
488699.07743915001629 4922351.1018492644653
488699.07740700797876 4922351.0833364855498
488699.0508549400256 4922351.0648697530851
488699.05075851199217 4922351.0093314135447
488699.06392204697477 4922350.953770053573
488699.05059779901057 4922350.9167675161734
488699.0770212970092 4922350.8611831329763
488699.07695701200282 4922350.824157577008
488699.09012054797495 4922350.7685962151736
488699.12973973102635 4922350.6759632537141
488699.15609894599766 4922350.5833533136174
488699.18258673098171 4922350.5647944901139
488699.20901023602346 4922350.5092101069167
488699.23543373902794 4922350.4536257255822
488699.23536945402157 4922350.416600169614
488699.22210949001601 4922350.416623191908
488699.2485972759896 4922350.3980643665418
488699.27514934702776 4922350.4165311036631
488699.26198580802884 4922350.4720924617723
488699.26188938197447 4922350.4165541259572
488699.30147642601514 4922350.3054083827883
488699.35416272497969 4922350.1016757236794
488699.39371763198869 4922349.972017204389
488699.42014113697223 4922349.9164328239858
488699.44659678597236 4922349.8793612234294
488699.47305243299343 4922349.8422896200791
488699.43324039602885 4922349.8238459080458
488699.38016838900512 4922349.8054252164438
488699.35358417400857 4922349.7684457013384
488699.35342346597463 4922349.6758818058297
488699.39304265799001 4922349.5832488434389
488699.48583028098801 4922349.5645749131218
488699.56551864201901 4922349.6384879006073
488699.59203857602552 4922349.6384418578818
488699.63178633298958 4922349.6198600148782
488699.67150195100112 4922349.5827653910965
488699.73786606302019 4922349.6196758449078
488699.76438599597896 4922349.6196298031136
488699.80413375498028 4922349.601047962904
488699.77722813602304 4922349.3789406539872
488699.80358736700146 4922349.2863307166845
488699.8167509129853 4922349.2307693585753
488699.81668663199525 4922349.1937438007444
488699.84311014402192 4922349.1381594222039
488699.84307800402166 4922349.1196466414258
488699.82978589599952 4922349.101156883873
488699.81649379001465 4922349.082667125389
488699.80323382199276 4922349.0826901467517
488699.77677816897631 4922349.1197617454454
488699.75029037398053 4922349.1383205680177
488699.71051047299989 4922349.1383896311745
488699.68392625701381 4922349.1014101142064
488699.60446287598461 4922349.1570865809917
488699.59123505000025 4922349.1756223794073
488699.56468297197716 4922349.1571556450799
488699.57787865999853 4922349.1201070630923
