488712.41125421697507 4922294.2628247542307
488712.43783858302049 4922294.2998043186963
488712.54346976301167 4922294.0404414758086
488712.5026622050209 4922293.4481015782803
488712.27566771901911 4922292.5413664011285
488712.14104429102736 4922291.3752913782373
488712.16595922602573 4922290.4496065163985
488712.05808065197198 4922289.4130749488249
488712.09590252302587 4922288.2837265459821
488712.24006198800635 4922287.3022963991389
488712.15835041599348 4922286.0620782952756
488712.1562315080082 4922284.8402349948883
488712.12788134202128 4922283.785052687861
488711.95277109299786 4922282.2117655742913
488711.8579598289798 4922281.064134365879
488711.74950315401657 4922279.6943728299811
488711.73502302501583 4922278.9909103000537
488711.6693003809778 4922279.3242552671582
488711.6315748449997 4922280.5091419909149
488711.43492070800858 4922281.805381340906
488711.27807906101225 4922283.1200644802302
488710.92191858997103 4922284.1944264974445
488710.73797895701136 4922285.1759256627411
488710.55339719698532 4922285.7871692907065
488710.61989033001009 4922285.8981309626251
488710.68622292001965 4922285.9165287455544
488710.76559084502514 4922285.8053140919656
488710.79220736201387 4922285.8608064269647
488710.89851288899081 4922285.9902118816972
488710.97794503299519 4922285.9160227859393
488711.16361848497763 4922285.9342135954648
488711.33603184000822 4922285.952427405864
488711.44217682100134 4922285.989268982783
488711.60126586601837 4922285.9704802427441
488711.8267838130123 4922286.025627637282
488711.99942190002184 4922286.1734309056774
488712.21164763602428 4922286.2100885305554
488712.39744949201122 4922286.3023304836825
488712.53049989498686 4922286.5612794170156
488712.57024807599373 4922286.5426976559684
488712.64858872001059 4922285.8390741534531
488712.93761423102114 4922284.283494993113
488712.96182305901311 4922282.9505290482193
488712.90611814201111 4922281.4140605209395
488712.54562333400827 4922279.9891975298524
488712.03955608897377 4922278.7312025120482
488711.67909305001376 4922277.3248523529619
488711.11934282002039 4922275.6966938553378
488710.58614466001745 4922274.0870021879673
488710.22561683302047 4922272.643626566045
488709.87834897602443 4922271.2002279674634
488709.57063656998798 4922269.6271709501743
488708.94458449498052 4922267.9991276618093
488708.3455662279739 4922266.6672428557649
488708.09131130401511 4922265.3347600037232
488707.77037017099792 4922263.7802388621494
488707.43645780201769 4922262.3923557372764
488707.14245420898078 4922261.078454721719
488706.91455852898071 4922259.6533620301634
488706.67356319801183 4922258.320856240578
488706.40611169999465 4922257.0254220291972
488706.23083877697354 4922255.3595712510869
488706.26731077802833 4922253.452686265111
488705.97356352797942 4922252.2868875302374
488705.56031405797694 4922251.0287320064381
488705.04075820097933 4922249.6411711545661
488704.83970326598501 4922248.4011603044346
488704.61148539598798 4922246.7909399615601
488704.22417739202501 4922245.1995085403323
488703.87661761802156 4922243.5894953375682
488703.4356901840074 4922241.6649260520935
488703.06109557201853 4922239.7587545113638
488702.76647960999981 4922238.0931109962985
488702.47202415700303 4922236.5200313748792
488702.16479035298107 4922235.2246664231643
488701.76470287999837 4922233.9109498299658
488701.33770921698306 4922232.3751259893179
488700.97753057198133 4922231.1353914961219
488700.56415026501054 4922229.8031852254644
488700.30931386601878 4922228.137472787872
488699.80269391002366 4922226.5647616283968
488699.32262629200704 4922225.0105172414333
488698.85588295198977 4922223.4932754207402
488698.60139944800176 4922222.0312035959214
488698.05512649798766 4922220.5326127549633
488697.53566307597794 4922219.2005908899009
488697.01546005700948 4922217.442775237374
488696.56207232899033 4922215.9810488978401
488696.02851210598601 4922214.167718032375
488695.96047479397384 4922213.1681433171034
488695.70660110900644 4922212.057814354077
488695.36058078502538 4922211.3364148847759
488694.96065125800669 4922210.1152626276016
488694.69370995502686 4922209.1160333864391
488694.13517159002367 4922208.191361955367
488694.03952013398521 4922206.5623989822343
488693.53305779502261 4922205.0822522323579
488693.106574859994 4922203.8426333935931
488692.75907450099476 4922202.2696464248002
488692.29226370801916 4922200.7153795780614
488692.22297143301694 4922198.9938067086041
488691.67659862397704 4922197.4396781232208
488691.24940725200577 4922195.7927783783525
488690.53036078001605 4922194.0723344227299
488690.07703432900598 4922192.6476341299713
488689.61022221500752 4922191.0933674974367
488688.90449942997657 4922189.4099262375385
488688.43681818700861 4922187.3558147856966
488688.01052617299138 4922186.2272729557008
488687.57058762898669 4922184.8766009090468
488687.07718941097846 4922183.2853550147265
488686.74307553202379 4922181.7863964661956
488686.23599826300051 4922179.9545076256618
488685.80877221102128 4922178.2890955032781
488685.66023789200699 4922176.7527887951583
488685.4322702930076 4922175.2906714845449
488685.15116475301329 4922173.773108064197
488684.76375119300792 4922172.1261396473274
488684.62838027701946 4922170.5342716043815
488684.26722960197367 4922168.7391549320891
488683.90627183497418 4922167.0551149277017
488683.61180869897362 4922165.4820363270119
488683.19777701800922 4922163.7795758061111
488682.71718588401563 4922161.9291284065694
488682.36974520498188 4922160.3931676400825
488681.98255548701854 4922158.87578883674
488681.72777603002032 4922157.2471028454602
488681.20717758097453 4922155.2671353314072
488680.84628267597873 4922153.6201210785657
488680.47209502797341 4922151.9546171333641
488680.2572892140015 4922150.4369386779144
488680.12233530002413 4922149.0857368344441
488679.98702719097491 4922147.5308944853023
488679.81177689798642 4922145.8835574639961
488679.6232661359827 4922144.2362435106188
488679.5277711719973 4922142.6998447738588
488679.3126750739757 4922141.0155514171347
488678.83266075100983 4922139.4983342774212
488678.41849740897305 4922137.7218230366707
488677.99155644298298 4922136.2230264879763
488677.68411992798792 4922134.8165862401947
488677.35016246902524 4922133.410192145966
488676.97652024502167 4922132.0594055904076
488676.56251695298124 4922130.3754583504051
488676.24152959597996 4922128.8024263009429
488675.88082523900084 4922127.2664890196174
488675.38735545199597 4922125.6382186003029
488675.03975010698196 4922124.009694442153
488674.77222251397325 4922122.6772362394258
488674.58422519097803 4922121.3261268474162
488674.23700594902039 4922119.9197560120374
488673.80957969598239 4922118.1432681884617
488673.32985235197702 4922116.7926664547995
488672.62453619600274 4922115.3498931759968
488672.0518241939717 4922113.9068892123178
488671.46591592399636 4922112.5009339209646
488670.98599436401855 4922111.0392557391897
488670.42660652502673 4922109.6332543874159
488669.97343099897262 4922108.3011195324361
488669.46721344802063 4922106.9690770348534
488669.06740164902294 4922105.8219776395708
488668.81403490400407 4922105.0078542474657
488668.69385283399606 4922104.5267299255356
488668.64048870402621 4922104.3416945403442
488668.5475365340244 4922104.2678050389513
488668.53411493398016 4922104.1752642625943
488668.48084747797111 4922104.0457671964541
488668.42758002202027 4922103.9162701265886
488668.38760525599355 4922103.8052627472207
488668.33433779602638 4922103.6757656801492
488668.28110255999491 4922103.5647813845426
488668.16137161600636 4922103.3428358817473
488668.06809714401606 4922103.0838186675683
488668.0679037750233 4922102.9727420350537
488668.04099609801779 4922102.7506349403411
488668.08051967900246 4922102.6024635117501
488668.15988912998 4922102.4912483738735
488668.18621670198627 4922102.3801255747676
488668.25232568697538 4922102.2689335215837
488668.2389040790149 4922102.1763927461579
488668.21212531597121 4922102.0283367382362
488668.23848511901451 4922101.9357267124578
488668.25161667802604 4922101.8616525409743
488668.27807316498365 4922101.8245808277279
488668.30436851602281 4922101.6949452562258
488668.37050973501755 4922101.6022659754381
488668.4102911510272 4922101.6021967232227
488668.41022669698577 4922101.5651711793616
488668.39693399501266 4922101.5466814944521
488668.42348716798006 4922101.565148094669
488668.43674764002208 4922101.5651250109076
488668.46323635498993 4922101.5465660737827
488668.4365542770247 4922101.4540483830497
488668.42319712397875 4922101.3985331505537
488668.44965361402137 4922101.3614614382386
488668.39654726802837 4922101.3245282303542
488668.36996187001932 4922101.2875488540158
488668.35663694300456 4922101.2505463957787
488668.38322234299267 4922101.2875257702544
488668.34350538201397 4922101.3246205663309
488668.30375619302504 4922101.3432025909424
488668.30388510302873 4922101.4172536814585
488668.31727448501624 4922101.4912816826254
488668.3969984499854 4922101.5837070364505
488668.34405324800173 4922101.6393376877531
488667.98563377198298 4922101.417807707563
488668.20961154898396 4922100.5843405369669
488668.92435587401269 4922099.8240703735501
488669.6270643909811 4922099.7673087036237
488670.54197275300976 4922099.7286906018853
488671.40403253299883 4922099.8012415710837
488672.30580928601557 4922099.83669788111
488673.44575917802285 4922099.5755346389487
488674.59874416800449 4922099.1847591213882
488675.76486095099244 4922098.7199096539989
488676.5998523819726 4922098.477790328674
488677.07706857699668 4922098.3843960678205
488677.01095940399682 4922098.4955880288035
488677.69989244197495 4922098.1426459467039
488678.83955306600546 4922097.7148687057197
488679.97924603399588 4922097.3056044345722
488681.39724829699844 4922096.8032922912389
488682.90810634201625 4922096.3193318489939
488684.64374920597766 4922095.4647244540974
488686.12792594498023 4922094.8882470056415
488687.58538894099183 4922094.2007393529639
488688.85739842097973 4922093.6246312521398
488690.14234696299536 4922092.8633726397529
488691.3876429789816 4922092.1762344827875
488692.47374903602758 4922091.4523474397138
488693.63964338199003 4922090.8579117795452
488694.54052096401574 4922090.3750135730952
488695.29572613397613 4922090.0034454390407
488695.73312957998132 4922089.8916088622063
488695.91868006897857 4922089.8357481537387
488696.36937618098455 4922089.7424013651907
488696.66104279202409 4922089.7048692321405
488697.44286558701424 4922089.3887936091051
488698.76779030502075 4922088.7385442657396
488699.84099076699931 4922088.2183219641447
488700.70134856301593 4922087.3096999274567
488701.00492616498377 4922086.4946085764095
488701.09726766997483 4922086.2167558819056
488701.04416139097884 4922086.1798224085942
488700.91162063000957 4922086.2170781278983
488700.60678974102484 4922086.3101713983342
488700.46111702802591 4922086.4215012323111
488700.24891685001785 4922086.4033567616716
488700.06278775900137 4922086.1259874580428
488700.20762492198264 4922085.5333255631849
488700.27199925802415 4922084.4224441861734
488700.29655995301437 4922083.2931190961972
488700.32105638401117 4922082.1267684679478
488700.42476241197437 4922080.7566392421722
488700.58167123200838 4922079.4789818068966
488700.89760993898381 4922078.1455098502338
488701.26652659900719 4922076.7749203024432
488701.64838261599652 4922075.2191800493747
488701.99048936500913 4922073.6820216402411
488702.35921373101883 4922072.2003555381671
488702.79436945397174 4922070.7926254738122
488703.33551328297472 4922069.3291730275378
488703.88991789601278 4922067.8656976185739
488704.32562036399031 4922066.7726847697049
488704.86724672402488 4922065.5869240229949
488705.28933562402381 4922064.2902937764302
488705.71091075998265 4922062.6974592292681
488705.96009890298592 4922061.1049238052219
488705.93107242701808 4922059.6609737109393
488705.66319525998551 4922058.1248739054427
488705.48759584600339 4922056.2738959565759
488705.32561024202732 4922054.626535480842
488705.04447215801338 4922053.0904587218538
488704.68418810900766 4922051.7951860502362
488704.37736383901211 4922050.740487373434
488704.07037884299643 4922049.5932248597965
488703.7102229159791 4922048.3720033317804
488703.40294854901731 4922047.0581259224564
488703.06944204197498 4922045.9109094878659
488703.08112835302018 4922045.0037607336417
488703.41151857300429 4922044.3552384581417
488703.92755711701466 4922043.7063940372318
488704.2317154299817 4922043.2245327569544
488704.6682869620272 4922042.6313647730276
488705.29082809202373 4922042.2230023955926
488705.90030142699834 4922041.9257397055626
488706.57652743801009 4922041.887540826574
488707.55758652702207 4922041.7562490664423
488708.65808733197628 4922041.6802887450904
488709.69231730501633 4922041.6229563811794
488710.6471442640177 4922041.658326016739
488711.41651552898111 4922041.8050943575799
488711.96010354702594 4922041.7486132271588
488712.68933988298522 4922041.6918102297932
488713.88269701000536 4922041.6342026107013
488714.74421836499823 4922041.3920422364026
488715.57835209998302 4922040.6500831572339
488715.29968703101622 4922040.5394892832264
488715.39013632101705 4922039.1693833824247
488715.13574582501315 4922037.7628496401012
488714.88164407300064 4922036.5229308409616
488714.73372335801832 4922035.3383664460853
488714.92942303197924 4922033.4867446226999
488714.62192557897652 4922032.0432773269713
488714.168143960007 4922030.3593969373032
488713.62311056599719 4922029.5828032419086
488712.39192756498232 4922030.7697588410228
488712.06028375902679 4922030.696282624267
488711.82146426197141 4922030.6226454535499
488712.04679842601763 4922030.5667162286118
488712.15262653899845 4922030.4184301132336
488712.24541875399882 4922030.3997563822195
488712.40448194998316 4922030.3624549098313
488712.57677366101416 4922030.3066176809371
488712.77574711601483 4922030.3432983178645
488713.02773093001451 4922030.3613742189482
488713.12049104797188 4922030.324187733233
488712.56290312798228 4922029.9548980500549
488712.05803659401136 4922029.4003887418658
488711.5920208269963 4922028.3089401600882
488711.37782832502853 4922027.1430036071688
488711.82718067301903 4922026.2721215793863
488712.31644342798973 4922025.4752216795459
488712.63328603602713 4922024.6601079627872
488713.09593145502731 4922023.8077158033848
488713.7309973060037 4922022.9735375568271
488714.33950995502528 4922022.1208925852552
488714.76256644097157 4922021.3796461336315
488715.3844362910022 4922020.5825165826827
488715.94022774201585 4922019.9150914112106
488716.35018436401151 4922019.2664318997413
488716.77330544497818 4922018.5622111242265
488717.11676649801666 4922017.8025899734348
488717.44677446997957 4922016.93191521056
488717.61771895299898 4922016.098541803658
488717.78863139200257 4922015.2466556327417
488717.94647574302508 4922014.5058690626174
488718.09093114099232 4922013.6910544084385
488718.32779404101893 4922012.6354128802195
488718.4454715459724 4922011.6725420439616
488718.49713456002064 4922010.8764010425657
488718.64130135602318 4922009.8949714787304
488718.82521809602622 4922008.8949602115899
488718.98293439298868 4922008.0801226003096
488719.11419356398983 4922007.302356492728
488719.27203826297773 4922006.5615699663758
488719.2710437339847 4922005.9876741282642
488719.27040210098494 4922005.617418746464
488719.23045969300438 4922005.5249238433316
488719.2971800880041 4922005.7654749397188
488719.46966499899281 4922005.8207145100459
488719.72107229899848 4922005.5055608283728
488719.61498696100898 4922005.5057446612045
488719.66783714597113 4922005.3945761313662
488719.6280551449745 4922005.3946450687945
488719.57504455500748 4922005.4132497534156
488719.52206604799721 4922005.4503672113642
488719.49541638797382 4922005.3763620918617
488719.4554419000051 4922005.2653544181958
488719.44192458299221 4922005.117275246419
488719.40217465901515 4922005.1358569543809
488719.42872807802632 4922005.1543237613514
488719.42872807802632 4922005.1543237613514
488719.38894607301336 4922005.1543927006423
488719.4419887450058 4922005.1543007818982
488719.46854216197971 4922005.1727675916627
488719.46851008100202 4922005.1542548229918
488719.5082279240014 4922005.1171603482217
488719.58775984897511 4922005.0985097009689
488719.65403110999614 4922005.0798820368946
488719.66729177802335 4922005.0798590574414
488719.70713794400217 4922005.1168156592175
488719.69390935398405 4922005.1353514073417
488719.74691994697787 4922005.1167467208579
488719.77337712299777 4922005.0796752246097
488719.82629147602711 4922005.0055322330445
488719.85278073098743 4922004.9869735073298
488719.86597724002786 4922004.9499249896035
488719.90575924701989 4922004.9498560531065
488719.94550917099696 4922004.9312743488699
488719.94547709199833 4922004.9127615792677
488719.97196634800639 4922004.894202850759
488720.03823761199601 4922004.8755751913413
488720.09111988998484 4922004.7829194311053
488720.1175449899747 4922004.7273351699114
488720.19672405498568 4922004.5050440700725
488720.24944594298722 4922004.3198244692758
488720.04947728000116 4922003.7092477660626
488719.17347095400328 4922003.2479451764375
488717.93961885099998 4922002.8983398396522
488716.49385255901143 4922002.697204656899
488715.12777859100606 4922002.5699829375371
488713.81471516302554 4922002.4241567747667
488712.42211973300437 4922002.2969816066325
488711.10883145802654 4922002.0215666051954
488709.8080331379897 4922001.301822415553
488708.99739793298068 4922000.3035359000787
488708.27958723501069 4921999.3050884688273
488707.58955015899846 4921999.0285930959508
488707.31097952200798 4921998.9735378753394
488707.23138332198141 4921998.955163134262
488706.97923768998589 4921998.8445236124098
488706.91309487097897 4921998.9372024806216
488706.89973784098402 4921998.8816871801391
488706.93961623200448 4921998.9371564695612
488706.96616970899049 4921998.9556232299656
488707.01921243197285 4921998.9555312097073
488707.04583014198579 4921999.0110235055909
488707.04589437501272 4921999.0480490429327
488707.03269792697392 4921999.0850975867361
488707.0063050329918 4921999.1591946715489
488706.95335866097594 4921999.21482499782
488706.9534550110111 4921999.2703633056954
488706.97997636999935 4921999.2703172955662
488707.00652984797489 4921999.2887840531766
488706.99339763401076 4921999.3628581324592
488707.00678677897668 4921999.436886202544
488707.03340448701056 4921999.4923785012215
488707.0600221939967 4921999.5478707980365
488707.09986846597167 4921999.5848273197189
488707.13971473497804 4921999.6217838451266
488707.1530717620044 4921999.6772991456091
488707.21943938999902 4921999.7142096599564
488707.23279641597765 4921999.7697249632329
488707.23302122601308 4921999.8993143448606
488707.2463782519917 4921999.9548296462744
488707.25979950901819 4922000.0473704878241
488707.24663517798763 4922000.1029317984357
488707.33978108101292 4922000.2878984557465
488707.0086495319847 4922000.5106267975643
488706.30605845397804 4922000.6414354797453
488705.49587231699843 4921999.9023281671107
488704.52723242598586 4921999.5522652184591
488703.88972392998403 4921998.979473894462
488703.45054726902163 4921998.0731076104566
488703.40915889199823 4921997.14753820654
488703.36805964400992 4921996.3885837234557
488703.36748136300594 4921996.0553538864478
488703.26139587099897 4921996.0555379865691
488703.08903907198692 4921996.0743499193341
488703.00941069697728 4921996.0374624608085
488702.95623943797546 4921995.9635034389794
488702.87661106401356 4921995.9266159804538
488702.77055769599974 4921995.9453128566965
488702.78362561401445 4921995.8342132307589
488702.79653288802365 4921995.6305497605354
488702.82279723702231 4921995.4824015833437
488702.84915796999121 4921995.3897917121649
488702.9942544720252 4921994.9452321194112
488702.89975899102865 4921993.9827292365953
488702.65897818998201 4921992.7798135159537
488702.37819030700484 4921991.447377470322
488701.99125246098265 4921990.0781000209972
488701.71027153998148 4921988.6345873987302
488701.27035483898362 4921987.3024275964126
488700.84363439597655 4921985.9332192726433
488700.45672804000787 4921984.5824546962976
488700.08305010100594 4921983.213154355064
488699.70921132399235 4921981.7512901984155
488699.37525094801094 4921980.3448953088373
488698.97492254397366 4921978.9015900073573
488698.5746582460124 4921977.4953102702275
488698.20097951299977 4921976.1260100519285
488697.78751843300415 4921974.7567789312452
488697.63943255000049 4921973.4796511903405
488697.39836074900813 4921972.1101207882166
488697.17042100598337 4921970.6665163030848
488696.87611316901166 4921969.1860014162958
488696.56867304001935 4921967.7795606460422
488696.27458996500354 4921966.4286351697519
488695.94069237401709 4921965.0592660205439
488695.71284851600649 4921963.6711999038234
488695.57776555197779 4921962.2459470648319
488695.46897900599288 4921960.6910587977618
488695.50635012798011 4921959.3025321364403
488695.50387467700057 4921957.8770490260795
488695.47513488202821 4921956.5997141171247
488695.71103180199862 4921954.9886888321489
488695.84126057499088 4921953.6185137592256
488695.90566773497267 4921952.5261453380808
488696.01021087099798 4921951.6373482812196
488696.55261690501356 4921950.8958934908733
488696.5259024730185 4921950.7848629392684
488697.24224167701323 4921950.9317217068747
488697.07168377697235 4921951.9872487746179
488697.13917698600562 4921952.6721060462296
488697.21870949101867 4921952.6534551307559
488697.28517408500193 4921952.7459038430825
488697.23171311599435 4921952.5053299656138
488697.39135671302211 4921952.8012579521164
488697.40583893097937 4921953.5047200927511
488697.67082939902321 4921953.3746702391654
488697.66980083897943 4921952.7822616770864
488697.65609006898012 4921952.523105956614
488697.66832228400744 4921951.9306743750349
488697.5485574399936 4921951.6902156099677
488697.48193212400656 4921951.5052030589432
488697.46838206000393 4921951.3386111743748
488697.53465380298439 4921951.3199832867831
488697.65396866202354 4921951.3012633053586
488697.70691534399521 4921951.2456329073757
488697.79961222101701 4921951.1714206710458
488697.87898403801955 4921951.0602059271187
488697.95835585799068 4921950.9489911785349
488697.95819514902541 4921950.8564273435622
488697.95803444099147 4921950.7638635067269
488697.94467723800335 4921950.7083482267335
488697.98442743200576 4921950.6897663883865
488697.98436314897845 4921950.6527408557013
488697.98433100699913 4921950.634228088893
488697.98436314897845 4921950.6527408557013
488697.99762392800767 4921950.6527178315446
488698.01107755501289 4921950.7637714147568
488698.0509884590283 4921950.8377534151077
488698.06434566102689 4921950.8932686932385
488698.10422441997798 4921950.9487379258499
488698.15733181702672 4921950.9856713712215
488698.22369999199873 4921951.0225817924365
488698.29010030301288 4921951.0780049813911
488698.3697613949771 4921951.133405148983
488698.36992209701566 4921951.2259689858183
488698.38334357598796 4921951.3185098012909
488698.34372194699245 4921951.411142706871
488698.27754662197549 4921951.485308887437
488698.18475332099479 4921951.5039828149602
488698.07876352698077 4921951.5597052993253
488697.98600237001665 4921951.5968919945881
488697.86678394401679 4921951.6711502764374
488697.80054434202611 4921951.7082909289747
488697.74753337801667 4921951.7268957877532
488697.68126163602574 4921951.7455236744136
488697.61502203601412 4921951.7826643297449
488697.54878244001884 4921951.8198049860075
488697.50909653701819 4921951.8754123589024
488697.50912867998704 4921951.8939251257107
488697.49583576101577 4921951.8754353830591
488697.48260712699266 4921951.893971174024
488697.45614986197324 4921951.9310427587479
488697.40320318500744 4921951.9866731576622
488697.36351728701266 4921952.0422805342823
488697.36358157399809 4921952.0793060678989
488697.36361371702515 4921952.0978188356385
488697.39010312501341 4921952.0792600195855
488697.40336390101584 4921952.0792369954288
488697.42988545197295 4921952.0791909461841
488697.44314622797538 4921952.0791679210961
488697.50941796699772 4921952.0605400344357
488697.56239678699058 4921952.0234224023297
488697.575657562993 4921952.0233993781731
488697.60224340000423 4921952.0603788653389
488697.57578613399528 4921952.0974504472688
488697.60221125697717 4921952.0418660994619
488697.66851513902657 4921952.0417509796098
488697.72159038501559 4921952.0601716507226
488697.77453706500819 4921952.0045412527397
488697.80099433200667 4921951.9674696717411
488697.88026971399086 4921951.8007166236639
488697.81396582897287 4921951.8008317407221
488697.82725874800235 4921951.8193214870989
488697.99964884598739 4921951.8190221833065
488697.89359477401013 4921951.8377191349864
488697.97328799997922 4921951.9116320656613
488697.90695197501918 4921951.8932344140485
488697.58853262598859 4921951.8012231439352
488697.6947474090266 4921951.875090024434
488697.45627843402326 4921952.005093825981
488697.35028865200002 4921952.0608163252473
488697.35016007797094 4921951.9867652552202
488697.2311345289927 4921952.1721001528203
488697.17828429001383 4921952.283268854022
488697.3641922979732 4921952.4310486512259
488697.20480584097095 4921952.283222803846
488697.53622880397597 4921952.2271088901907
488697.08539457101142 4921952.2464044941589
488696.79336819797754 4921952.0802961438894
488696.81940757698612 4921951.8025585785508
488697.03151571500348 4921951.7651646416634
488697.07091231597587 4921951.5429423553869
488696.88519714598078 4921951.5062391748652
488696.85848271998111 4921951.395208619535
488696.69912837498123 4921951.2658955547959
488696.63256732100854 4921951.1179085457698
488696.68557828699704 4921951.0993036758155
488696.61949941702187 4921951.2290081754327
488696.52683469897602 4921951.3217331953347
488696.48695592797594 4921951.2662639711052
488696.4339449640247 4921951.2848688419908
488696.40742340998258 4921951.2849148958921
488696.40739126299741 4921951.2664021300152
488696.43397711002035 4921951.3033816134557
488696.46056295599556 4921951.3403610931709
488696.51360606902745 4921951.3402689881623
488696.52693113702117 4921951.3772714976221
488696.54025620600441 4921951.414274007082
488696.58010282798205 4921951.4512304654345
488696.6066565309884 4921951.4696971783414
488696.60678511299193 4921951.5437482474372
488696.63337095698807 4921951.5807277308777
488696.65998894697987 4921951.6362199820578
488696.64688889699755 4921951.7288068439811
488696.63375670200912 4921951.8028809400275
