488711.03756754100323 4921922.694241726771
488711.03743912401842 4921922.6201906623319
488710.99762451299466 4921922.6017468841746
488711.02411408000626 4921922.5831881249323
488711.0638002770138 4921922.5275808339939
488711.05047522997484 4921922.4905782993883
488711.0504110219772 4921922.4535527667031
488711.03711808199296 4921922.4350629942492
488711.02372882899363 4921922.3610349260271
488710.99717505299486 4921922.3425681516528
488711.01037168002222 4921922.3055196227506
488711.14272321597673 4921922.1571875261143
488711.23535645299125 4921922.0459499508142
488711.1954776319908 4921921.9904806390405
488711.208545846981 4921921.8793810447678
488711.18189575697761 4921921.8053759699687
488711.10220231401036 4921921.731462880969
488711.00937644799706 4921921.7316238572821
488710.9297472119797 4921921.6947363037616
488710.83711397298612 4921921.805973879993
488710.75764526199782 4921921.8616501614451
488710.67814444797114 4921921.8988136779517
488710.77097031101584 4921921.8986526988447
488710.77109873102745 4921921.9727037632838
488710.7579021009733 4921922.0097522931173
488710.79768461402273 4921922.0096833026037
488710.75793420599075 4921922.0282650608569
488710.71821590600302 4921922.0653595868498
488711.16940541000804 4921922.2497053649276
488711.07722163299331 4921922.6201216736808
488710.33483955397969 4921922.7509988769889
488709.55232180602616 4921922.6783047337085
488708.75644686899614 4921922.5500953877345
488707.98715780198108 4921922.4588656648993
488707.35044496599585 4921922.3488932233304
488706.9126767750131 4921922.2570885363966
488706.72705717501231 4921922.2759233722463
488706.62087412999244 4921922.2205691188574
488706.55463417898864 4921922.2577096773311
488706.5546984130051 4921922.2947352128103
488706.55453782901168 4921922.2021713769063
488706.62077778001549 4921922.1650308184326
488706.59412764001172 4921922.0910257641226
488706.44793725700583 4921921.9061511587352
488706.12938809301704 4921921.7400884060189
488705.41298164200271 4921921.55620312877
488704.40490094799316 4921921.4098496763036
488703.5162320099771 4921921.3003148064017
488702.89284407300875 4921921.2273453241214
488702.56106607400579 4921921.0798185253516
488702.2824278040207 4921920.9877379853278
488702.17640534701059 4921921.0249476348981
488702.05696140200598 4921920.9696164680645
488701.99052868597209 4921920.8956804750487
488701.91089938802179 4921920.8587930323556
488701.88431344600394 4921920.8218135302886
488701.84437027602689 4921920.729318741709
488701.80458775698207 4921920.7293877871707
488701.76470884401351 4921920.6739185350016
488701.68511167197721 4921920.6555438600481
488701.59225366002647 4921920.6371922036633
488701.49945990997367 4921920.6558660790324
488701.48616693797521 4921920.6373763298616
488701.49945990997367 4921920.6558660790324
488701.49949204100994 4921920.674378846772
488701.53930669400143 4921920.6928225643933
488701.52604585501831 4921920.6928455801681
488701.55253540200647 4921920.6742867836729
488701.51259222702356 4921920.5817919978872
488701.65862212300999 4921920.6741026584059
488701.08834173402283 4921920.638066819869
488700.08058215101482 4921920.6768417023122
488698.94040701002814 4921920.8269235491753
488697.6409411340137 4921920.884718047455
488696.28827119397465 4921920.8500410756096
488695.21449681301601 4921921.0555467447266
488693.83546597801615 4921921.1134801739827
488692.2576190539985 4921921.2272977130488
488691.18429510702845 4921921.6919827768579
488689.83201126899803 4921921.879460349679
488688.78491976897931 4921922.1774848317727
488687.81726470397552 4921922.4013201566413
488686.53093137702672 4921922.3850427614525
488685.31054827297339 4921922.1650099437684
488684.24958476197207 4921922.1113156415522
488683.14896745298756 4921922.1317417379469
488682.08803610299947 4921922.0965605499223
488680.96099369297735 4921922.1725714271888
488679.8736050479929 4921922.1744622522965
488678.83954951202031 4921922.3428759118542
488677.60645268601365 4921922.4375846330076
488676.57236504898174 4921922.5874858824536
488675.67127227602759 4921922.9593098126352
488674.35854618099984 4921923.017132028006
488673.40395929600345 4921923.1298698224127
488672.28979142499156 4921922.9837059276178
488671.12267681001686 4921922.8931728349999
488669.9423979910207 4921922.858201331459
488668.53674939699704 4921922.8606479819864
488666.94538464600919 4921922.8263926086947
488665.19482537399745 4921922.7553891669959
488663.52370212302776 4921922.6101965690032
488662.06491339701461 4921922.5571986921132
488660.84498094202718 4921922.5963491927832
488659.66489550599363 4921922.6724561527371
488658.48484235402429 4921922.7670760899782
488657.17185830202652 4921922.6767996400595
488655.83222349599237 4921922.5125186052173
488654.66510855901288 4921922.4219884611666
488653.59081944701029 4921922.3312967317179
488652.23792363901157 4921922.1670395480469
488650.84543889999622 4921922.1139286011457
488649.51932288502576 4921922.0977278780192
488647.96790175902424 4921922.15597161185
488646.65524030401139 4921922.2508249469101
488645.32915659202263 4921922.2531378436834
488644.29519882600289 4921922.4770952919498
488642.81014661397785 4921922.572250126861
488641.56408021098468 4921922.8336037099361
488640.15856082399841 4921922.9101075567305
488639.04477985302219 4921922.9861025502905
488637.74499177298276 4921922.858781337738
488635.91431774600642 4921922.4732076134533
488634.41542301297886 4921922.2351577123627
488632.930112268019 4921922.1822126666084
488631.43163765501231 4921922.1848294185475
488629.72060161898844 4921921.9656639099121
488628.2219652539934 4921921.8757175682113
488626.84306451497832 4921922.0077162561938
488625.21207852498628 4921922.0661044213921
488623.42157427500933 4921921.9026178950444
488621.88322000700282 4921921.8497680714354
488620.29195180698298 4921921.8710624016821
488618.62060071597807 4921921.5962919648737
488616.72423606197117 4921921.5625821212307
488614.93399047001731 4921921.5472000613809
488613.36914674402215 4921921.5129113979638
488611.8179524759762 4921921.7007531132549
488610.10717476397986 4921921.6296948883682
488608.68829743901733 4921921.6506904317066
488607.1633010149817 4921921.6533591803163
488605.54547872499097 4921921.6561907650903
488603.87477512098849 4921921.7516794456169
488602.15076890302589 4921921.6991592934355
488600.57302089902805 4921921.8685373580083
488599.08832579897717 4921922.16734259855
488597.37754805799341 4921922.0962877208367
488595.72010551899439 4921922.1917552640662
488594.10231579100946 4921922.2131024589762
488592.61703712202143 4921922.1786793777719
488590.89270645799115 4921921.9410345423967
488589.26146113901632 4921921.8513295827433
488587.68348631000845 4921921.8911214061081
488586.02591401297832 4921921.9125403529033
488584.42164479097119 4921922.0819688346237
488582.89677833300084 4921922.1586943352595
488581.41146711201873 4921922.10576104559
488579.82013411697699 4921922.0900397347286
488578.56087423302233 4921922.3884541839361
488576.98286710499087 4921922.4097358332947
488575.36494751699502 4921922.3570366194472
488573.78661544597708 4921922.1931913793087
488571.9827190520009 4921921.9556912072003
488570.31172344897641 4921921.884573600255
488568.58752190601081 4921921.7209857357666
488566.95634123298805 4921921.6683119004592
488565.32532312301919 4921921.7082023024559
488563.707630918012 4921921.7850953508168
488562.16976399801206 4921922.0099511370063
488560.71120195701951 4921922.0865653362125
488559.10683580499608 4921922.2004617583007
488557.44916603202 4921922.1663496820256
488556.17619070998626 4921922.2056130357087
488554.69084671098972 4921922.1341730738059
488553.40464311197866 4921922.1919730529189
488552.01232028298546 4921922.2314470810816
488550.64655170199694 4921922.2893875250593
488549.26758743397659 4921922.3843771182001
488547.86184098600643 4921922.331311525777
488546.54918095399626 4921922.4261850491166
488545.59446583100362 4921922.464890524745
488545.02418468502583 4921922.4288683552295
488544.53333824698348 4921922.3186551574618
488544.05581778602209 4921922.2454441906884
488543.976220180979 4921922.2270714454353
488543.89665515499655 4921922.2272114651278
488543.75059046200477 4921922.1163915749639
488543.5912649279926 4921922.0055950237438
488543.5248304149718 4921921.9316606447101
488543.48498274001759 4921921.8947051241994
488543.48481983697275 4921921.802141292952
488543.59080880298279 4921921.7464162893593
488543.6969932509819 4921921.8017678912729
488543.72364524798468 4921921.8757722834125
488543.81666659400798 4921921.986685522832
488543.76398161897669 4921922.1904193032533
488542.94197259901557 4921922.2844300949946
488541.84096465399489 4921922.0827268827707
488540.50116378400708 4921921.825905743055
488539.63872041698778 4921921.5497316522524
488539.50575351697626 4921921.3463246766478
488540.18202373298118 4921921.3266213070601
488541.41515145002631 4921921.2503993175924
488542.93978959100787 4921921.0440747346729
488544.3317216890282 4921920.78244556766
488545.85632745700423 4921920.5576089024544
488547.36790047498653 4921920.4623852884397
488548.95894088997738 4921920.3114837659523
488550.78864396497374 4921920.1416500490159
488552.40594577498268 4921919.8426005905494
488553.97007415699773 4921919.4695937335491
488555.48135462100618 4921919.2077571069822
488557.00583096401533 4921918.9088719887659
488558.42448099300964 4921918.7582758180797
488559.55142503598472 4921918.6267054267228
488560.3070979929762 4921918.5143004795536
488560.51907631999347 4921918.4028510302305
488560.55872872698819 4921918.3287300560623
488560.63816367299296 4921918.2545391721651
488560.65142451797146 4921918.254515869543
488560.66462030197727 4921918.2174670342356
488560.65135945397196 4921918.2174903368577
488560.70433777500875 4921918.1803715927526
488560.78374019201146 4921918.0876679457724
488560.79683838097844 4921917.9950808100402
488560.79683838097844 4921917.9950808100402
488560.58495763200335 4921918.1620685514063
488559.98864250897896 4921918.4037831742316
488558.79568703100085 4921918.7020849231631
488557.35090578702511 4921919.0748808290809
488555.94561432901537 4921919.2809922248125
488554.55374655098421 4921919.5796444378793
488553.29393392102793 4921919.5633467398584
488551.99424109101528 4921919.4915809491649
488550.61495060799643 4921919.4014425873756
488549.3152902770089 4921919.3481900952756
488547.96261911699548 4921919.3135439446196
488546.59675223997328 4921919.3159469394013
488545.15099454397568 4921919.1333625596017
488543.65212822897593 4921918.91384631861
488542.12664236797718 4921918.638838804327
488540.58786294399761 4921918.3453422244638
488539.06250719202217 4921918.1443864926696
488537.36453215801157 4921917.814145305194
488535.78596977697453 4921917.5207199119031
488534.36650482099503 4921917.2085018539801
488532.90702890697867 4921916.7667648186907
488531.51402011397295 4921916.417475133203
488529.93529403401772 4921916.0314873242751
488528.39651343302103 4921915.7379936277866
488526.77820021298248 4921915.4631532877684
488525.39871271501761 4921915.2619436671957
488524.05907296197256 4921915.0976897440851
488522.85207430599257 4921914.9517150614411
488521.60519510600716 4921914.7502724509686
488520.68954335001763 4921914.3816305669025
488520.14565247099381 4921914.2715127421543
488519.86691335798241 4921914.1239017080516
488519.84019576298306 4921914.0128718819469
488519.64138089300832 4921914.0687609715387
488519.53519611299271 4921914.0134097663686
488519.45579423202435 4921914.1061139171943
488519.42914192797616 4921914.0321096247062
488519.41591372201219 4921914.050645778887
488519.36300090100849 4921914.1247903909534
488519.32321833999595 4921914.1248605521396
488519.37626175500918 4921914.1247670035809
488519.21716415701667 4921914.1435604142025
488519.12437082797987 4921914.1622368926182
488519.00499048898928 4921914.1439346121624
488518.9385556189809 4921914.0700004864484
488518.89870775397867 4921914.033045116812
488518.81914262700593 4921914.0331854447722
488518.71305579302134 4921914.0333725493401
488518.67333853297168 4921914.0704682460055
488518.67327323101927 4921914.0334427142516
488518.67320792900864 4921913.996417180635
488518.68643613200402 4921913.9778810273856
488518.71289253799478 4921913.9408087171614
488518.68637082999339 4921913.940855493769
488518.739544852986 4921914.0148130068555
488518.75280570698669 4921914.0147896185517
488518.77929476398276 4921913.9962300760671
488518.77922946197214 4921913.9592045452446
488518.81894672301132 4921913.9221088476479
488518.84543578297598 4921913.9035493051633
488518.89831594802672 4921913.8108919207007
488518.93780466000317 4921913.6442068601027
488518.97745662298985 4921913.5700856326148
488519.00378243200248 4921913.4589622560889
488519.00358653097646 4921913.3478856598958
488519.01678208599333 4921913.3108367407694
488519.06962960999226 4921913.1996665904298
488519.44096622802317 4921913.2175245182589
488519.50828261999413 4921913.7913033431396
488518.93891477299621 4921914.2736409157515
488518.1437533320277 4921914.5527357263491
488517.38775407598587 4921914.4800178995356
488516.03534298099112 4921914.5934805115685
488514.81527916202322 4921914.5586073119193
488513.60867217899067 4921914.6347875390202
488512.22990281798411 4921914.8408615719527
488511.10302439500811 4921915.0094656879082
488509.77716789400438 4921915.1413955595344
488508.43765843100846 4921915.0511959148571
488507.09837771800812 4921915.0905859088525
488505.75899895699695 4921915.0744378808886
488504.67147830699105 4921915.0023069037125
488503.51798031502403 4921915.115420867689
488501.95336325297831 4921915.2107483511791
488500.40187627199339 4921915.232001716271
488498.91639919701265 4921915.0865234136581
488497.43098747497424 4921914.9780709827319
488495.97219555499032 4921914.9251103205606
488494.4868164670188 4921914.8351713260636
488492.89544868498342 4921914.8009584983811
488491.42333037301432 4921914.7109967600554
488490.04397252999479 4921914.5838456982747
488488.70449540001573 4921914.5121628781781
488487.41812713601394 4921914.4774120599031
488486.02547556202626 4921914.3317725323141
488484.73887801001547 4921914.1674328800291
488483.37264976499137 4921913.9662087066099
488481.83363724697847 4921913.5431366441771
488480.41426707297796 4921913.2864686492831
488478.86225545802154 4921913.011522885412
488477.44291781802895 4921912.7733683027327
488476.02416997600812 4921912.8684438234195
488474.63243553502252 4921913.2411641953513
488473.32056140498025 4921913.7803588751704
488472.02155493799364 4921914.0973771391436
488470.70958283398068 4921914.5810340484604
488469.13203316001454 4921914.8615205688402
488467.55389328498859 4921914.8087776778266
488465.98848942102632 4921914.4598074108362
488464.43641185300658 4921914.1478395564482
488462.95040874101687 4921913.7061651935801
488461.49073025700636 4921913.1533675659448
488460.17718349600909 4921912.7484138114378
488458.8504413550254 4921912.38050936535
488457.58977358299308 4921911.882898259908
488456.3025838980102 4921911.3853344293311
488455.0553407589905 4921910.9802641319111
488454.02043542300817 4921910.6673815818503
488452.89270395302447 4921910.3546638526022
488451.67221201898064 4921910.0791365234181
488450.42523109901231 4921909.8221692405641
488449.43027218797943 4921909.6017806697637
488448.50174892897485 4921909.4553256593645
488447.69231058401056 4921909.1605568556115
488447.02900451997994 4921909.0136314015836
488447.09534169599647 4921909.0320264976472
488446.81663354899501 4921908.9029313558713
488446.80327411700273 4921908.8474165908992
488446.80343839502893 4921908.9399804212153
488446.19317574898014 4921908.7929609166458
488445.09199816599721 4921908.4987102327868
488443.8849964630208 4921908.3527501868084
488442.55923851998523 4921908.5402320474386
488441.5398282459937 4921909.4861960411072
488440.48089867201634 4921910.5803329702467
488439.34270018798998 4921911.8412262713537
488438.5890998619725 4921913.1199495363981
488437.71598774200538 4921914.3063210397959
488436.80269877699902 4921915.2706101294607
488435.90267093601869 4921916.2348757926375
488434.89626056898851 4921917.0327151548117
488433.74361931497697 4921917.6271734125912
488432.40509614901384 4921918.0923724081367
488431.23886546399444 4921918.5017270110548
488430.72192279802402 4921918.6322354888543
488430.61626375699416 4921918.8730899952352
488430.66910972597543 4921918.7619191240519
488430.655717274989 4921918.6878916267306
488430.77519648597809 4921918.761730584316
488430.40287285600789 4921918.1884947223589
488430.17747137497645 4921918.207408150658
488430.07141750899609 4921918.2261094646528
488430.08494158001849 4921918.3741880292073
488430.09830113500357 4921918.4297027587891
488430.09849855297944 4921918.5407793568447
488430.09872887498932 4921918.6703687254339
488430.19171930500306 4921918.7627675747499
488430.28454522002721 4921918.7626025956124
488430.3509152510087 4921918.7995102880523
488430.40409023797838 4921918.8734670821577
488430.47062477702275 4921919.0029386067763
488430.5370606079814 4921919.076871833764
488430.57700764900073 4921919.1693649617955
488430.68322600802639 4921919.2432274883613
488430.76285687397467 4921919.280111615546
488430.82932560000336 4921919.372557612136
488430.98848862497834 4921919.3907875725999
488431.02820535597857 4921919.3536913385615
488431.04146620002575 4921919.3536677714437
488431.05466124298982 4921919.3166186744347
488431.06795498699648 4921919.3351078722626
488431.02817245497135 4921919.3351785726845
488431.00151916698087 4921919.2611746415496
488430.98835702199722 4921919.3167365072295
488431.01471421000315 4921919.2241255389526
488431.01468130899593 4921919.205612774007
488430.8953995120246 4921919.242850410752
488430.77618352102581 4921919.3171135820448
488430.60382545099128 4921919.3359327260405
488430.56391131400596 4921919.2619523638859
488430.48428044602042 4921919.2250682367012
488430.39148743898841 4921919.2437459807843
488430.24578266899334 4921919.3365690642968
488430.21922807797091 4921919.3181034363806
488430.13969591900241 4921919.3367576124147
488430.03374077897752 4921919.4109972286969
488430.06016375898616 4921919.3554117912427
488430.04673839901807 4921919.2628715289757
488429.99366211902816 4921919.244453038089
488430.00679134897655 4921919.1703784009442
488430.04650807601865 4921919.1332821613178
488430.05967021099059 4921919.0777202937752
488430.08619189902674 4921919.0776731567457
488430.09948564600199 4921919.0961623545736
488430.01998638600344 4921919.1333293002099
488429.98040127498098 4921919.2444766070694
488429.95394539501285 4921919.2815492767841
488429.90093492198503 4921919.3001563185826
488429.88777278899215 4921919.3557181879878
488429.87441323400708 4921919.3002034565434
488429.87441323400708 4921919.3002034565434
488429.86118529399391 4921919.318739795126
488429.84785864298465 4921919.2817378295586
488429.83459779701661 4921919.2817613985389
488429.84779283602256 4921919.2447122978047
488429.90080330701312 4921919.2261052532122
488429.94052003102843 4921919.1890090135857
488429.96697591297561 4921919.1519363429397
488429.95368216698989 4921919.1334471451119
488430.03308271302376 4921919.0407418990508
488430.05957150098402 4921919.0221819942817
488430.07276653801091 4921918.9851328935474
488430.03295109997271 4921918.966690832749
488430.05937408201862 4921918.9111053952947
488429.79409137897892 4921918.8745512450114
488429.80718770297244 4921918.781963842921
488429.9275224150042 4921919.3371347142383
488429.46447874198202 4921919.9488809462637
488428.64263557398226 4921920.1354700066149
488427.55511486798059 4921920.0633519105613
488426.40148740902077 4921920.1024284800515
488425.76493406499503 4921920.0850474070758
488425.20774826698471 4921919.956448322162
488425.11495528597152 4921919.9751261388883
488425.07527151197428 4921920.0307351760566
