1
16 21
488671.83089967246633 4922312.2579175308347
488675.66016368876444 4922302.219763125293
488676.01523840636946 4922288.5121624814346
488672.01805676886579 4922248.4092709226534
488667.67185136373155 4922216.3399138562381
488661.88193489884725 4922199.8271584799513
488660.27255081187468 4922184.497227656655
488658.25192959263222 4922171.438877902925
488656.26283608522499 4922159.1141712265089
488651.56412029149942 4922135.9910371433944
488643.73254600120708 4922113.9703523637727
488641.19896182056982 4922097.5219043688849
488638.40868056262843 4922082.7443582592532
488636.42523811967112 4922074.1828959183767
488631.88041721621994 4922063.5760499844328
488625.80428444291465 4922057.2476087156683
