27
3 2
488494.1276212669909 4921972.0750721907243
488492.12500992772402 4921972.4447800815105
488493.9383138261619 4921970.2167961280793
7 2
488509.72407721035415 4921971.6691246274859
488504.241535431589 4921971.7725288532674
488499.01966176409042 4921961.5006312960759
488498.68477824429283 4921959.3192082680762
488498.88087558042025 4921956.591713107191
488507.01040163735161 4921957.2566390298307
488516.43009368650382 4921958.0496462853625
4 2
488497.60526197467698 4921972.344947216101
488494.1276212669909 4921972.0750721907243
488493.9383138261619 4921970.2167961280793
488497.29142856574617 4921967.8693069526926
5 2
488504.241535431589 4921971.7725288532674
488502.08380916150054 4921973.0421646917239
488497.60526197467698 4921972.344947216101
488497.29142856574617 4921967.8693069526926
488498.09107570390915 4921965.212514815852
3 2
488504.241535431589 4921971.7725288532674
488498.09107570390915 4921965.212514815852
488499.01966176409042 4921961.5006312960759
4 2
488516.76049473247258 4921972.518452450633
488509.72407721035415 4921971.6691246274859
488516.43009368650382 4921958.0496462853625
488521.237428103399 4921958.4591418439522
6 2
488535.34560976590728 4921976.1596420546994
488525.69594858528581 4921974.6795728439465
488516.76049473247258 4921972.518452450633
488521.237428103399 4921958.4591418439522
488527.96816547377966 4921958.1693440051749
488539.91842231084593 4921958.7670295350254
6 2
488552.03597296145745 4921977.7150533702224
488545.55476378364256 4921978.0131779238582
488535.34560976590728 4921976.1596420546994
488539.91842231084593 4921958.7670295350254
488552.16098208213225 4921958.1907241661102
488559.46391887182835 4921977.3702851021662
6 2
488564.28555196861271 4921977.177404939197
488559.46391887182835 4921977.3702851021662
488552.16098208213225 4921958.1907241661102
488559.23830416036071 4921957.5007083648816
488569.94647770305164 4921958.9671866651624
488568.28046544041717 4921976.2674733353779
4 2
488574.34642026229994 4921974.9903324078768
488568.28046544041717 4921976.2674733353779
488569.94647770305164 4921958.9671866651624
488577.77292340924032 4921959.7423404706642
4 2
488578.23063861572882 4921974.9879256654531
488574.34642026229994 4921974.9903324078768
488577.77292340924032 4921959.7423404706642
488587.74679935659515 4921959.6600179094821
3 2
488586.54605160915526 4921977.0686046108603
488578.23063861572882 4921974.9879256654531
488587.74679935659515 4921959.6600179094821
6 2
488596.82383488788037 4921980.1594681721181
488586.54605160915526 4921977.0686046108603
488587.74679935659515 4921959.6600179094821
488596.8385686383117 4921958.09655514732
488603.09766058344394 4921957.9349675718695
488611.22621522448026 4921960.4671191973612
4 2
488603.49889651016565 4921983.4603731287643
488596.82383488788037 4921980.1594681721181
488611.22621522448026 4921960.4671191973612
488622.85636278562015 4921966.3830864541233
5 2
488609.27440267911879 4921987.7570900404826
488605.18134069337975 4921986.4769899696112
488603.49889651016565 4921983.4603731287643
488622.85636278562015 4921966.3830864541233
488610.6203055884107 4921986.9829871663824
3 2
488614.74327772681136 4921986.5487867603078
488610.6203055884107 4921986.9829871663824
488622.85636278562015 4921966.3830864541233
4 2
488620.77252191206207 4921987.2842111596838
488614.74327772681136 4921986.5487867603078
488622.85636278562015 4921966.3830864541233
488635.99077997962013 4921972.6554419398308
4 2
488624.43076346674934 4921988.199313621968
488620.77252191206207 4921987.2842111596838
488635.99077997962013 4921972.6554419398308
488643.25875743257347 4921978.9718418745324
4 2
488628.15515106130624 4921991.3117114687338
488624.43076346674934 4921988.199313621968
488643.25875743257347 4921978.9718418745324
488647.92016925214557 4921986.6948077492416
4 2
488631.85213719768217 4921997.5589197250083
488628.15515106130624 4921991.3117114687338
488647.92016925214557 4921986.6948077492416
488650.47284193249652 4921999.0521367639303
4 2
488635.33591620117659 4922003.9741592733189
488631.85213719768217 4921997.5589197250083
488650.47284193249652 4921999.0521367639303
488652.31511811324162 4922010.6656498555094
3 2
488638.75670098274713 4922012.0332720978186
488635.33591620117659 4922003.9741592733189
488652.31511811324162 4922010.6656498555094
4 2
488640.62072888499824 4922017.9714865032583
488638.75670098274713 4922012.0332720978186
488652.31511811324162 4922010.6656498555094
488653.68134943553014 4922018.4908529641107
4 2
488639.55372668051859 4922026.7925080358982
488640.62072888499824 4922017.9714865032583
488653.68134943553014 4922018.4908529641107
488654.757660442614 4922027.5144087234512
5 2
488636.6847975035198 4922033.4330094978213
488639.55372668051859 4922026.7925080358982
488654.757660442614 4922027.5144087234512
488656.53761776519241 4922034.3710087519139
488634.82723795762286 4922038.1186663722619
10 2
488637.40844239102444 4922046.9856059579179
488634.90390181413386 4922042.911215255037
488634.82723795762286 4922038.1186663722619
488656.53761776519241 4922034.3710087519139
488657.96401943924138 4922039.2301917979494
488656.85301424091449 4922041.8195268660784
488653.79893180867657 4922045.9385522902012
488650.87844582705293 4922047.6780037721619
488646.53925653145416 4922048.7226767120883
488643.35242083889898 4922048.7034144802019
3 2
488646.53925653145416 4922048.7226767120883
488646.53925653145416 4922048.7226767120883
488643.35242083889898 4922048.7034144802019
