8
11 2
488683.83244510018267 4922175.1741773216054
488685.54056258109631 4922188.2920668171719
488685.65723417606205 4922197.2160774599761
488685.20744347269647 4922203.3547931676731
488682.73579189175507 4922206.2193503016606
488678.00647018500604 4922207.7415873259306
488674.35413599060848 4922206.6704891696572
488671.42720803641714 4922203.4144573872909
488668.67999907623744 4922195.0482188891619
488665.1934705041931 4922173.8180046211928
488680.62616954528494 4922156.8378825718537
15 2
488653.26549831533339 4922099.3170451940969
488648.62783729820512 4922093.3826177408919
488646.54157949448563 4922087.2173006208614
488647.60548900754657 4922080.8734074216336
488652.35041472641751 4922076.2685337299481
488656.95040649821749 4922073.9182733930647
488661.19674320792546 4922071.7910080794245
488667.30819772026734 4922071.2787870010361
488671.0854634277639 4922071.9502671835944
488674.31194599019364 4922073.3327744305134
488678.15879581472836 4922075.8798287063837
488680.18871630186914 4922079.4059480559081
488680.22189343092032 4922084.1957932086661
488678.59794891771162 4922089.9266802603379
488676.72371034778189 4922093.9512890912592
4 2
488653.26549831533339 4922099.3170451940969
488676.72371034778189 4922093.9512890912592
488675.4374378962093 4922098.2303027892485
488655.96825811907183 4922103.9870893219486
3 2
488655.96825811907183 4922103.9870893219486
488675.4374378962093 4922098.2303027892485
488674.30578220216557 4922102.5399988461286
4 2
488655.96825811907183 4922103.9870893219486
488674.30578220216557 4922102.5399988461286
488673.69766945432639 4922105.0807791035622
488656.08877019537613 4922108.30248997733
6 2
488656.3065151401679 4922120.3475994402543
488655.26753891294356 4922112.6216552536935
488656.08877019537613 4922108.30248997733
488673.69766945432639 4922105.0807791035622
488677.56080707989167 4922134.6314455708489
488658.87822119385237 4922132.9644131679088
4 2
488665.1934705041931 4922173.8180046211928
488658.87822119385237 4922132.9644131679088
488677.56080707989167 4922134.6314455708489
488680.62616954528494 4922156.8378825718537
3 2
488678.00647018500604 4922207.7415873259306
488678.00647018500604 4922207.7415873259306
488674.35413599060848 4922206.6704891696572
