9
5 301
488460.81640003260691 4921955.0871947770938
488461.07107893656939 4921953.0855174819008
488462.09516273118788 4921952.0028636446223
488462.32844191836193 4921959.6655763117597
488460.7346929742489 4921957.239356463775
14 301
488466.94165595207596 4921964.2912455005571
488464.21352672495414 4921961.7568405745551
488462.32844191836193 4921959.6655763117597
488462.09516273118788 4921952.0028636446223
488463.11329127341742 4921950.9169505350292
488464.33070581476204 4921949.723796389997
488464.40054859669181 4921949.6682655410841
488466.24209088820498 4921949.051451577805
488467.91955316287931 4921949.306113534607
488469.82334546954371 4921949.8426112113521
488471.02682461863151 4921950.9400435090065
488472.10774629662046 4921952.0261909253895
488473.30276066932129 4921953.2569535532966
488474.50165835971711 4921954.4917439818382
4 301
488466.94165595207596 4921964.2912455005571
488474.50165835971711 4921954.4917439818382
488475.48866220738273 4921955.3822094984353
488468.78583911794703 4921965.8860077159479
4 301
488468.78583911794703 4921965.8860077159479
488475.48866220738273 4921955.3822094984353
488477.09163371287286 4921956.0270677506924
488470.80360091244802 4921968.277599488385
5 301
488471.99605697806692 4921969.5942136636004
488470.80360091244802 4921968.277599488385
488477.09163371287286 4921956.0270677506924
488478.62423801410478 4921956.2130400910974
488473.41382710321341 4921970.6808122079819
6 301
488477.07021574192913 4921972.5756003893912
488475.06529969582334 4921971.9955569664016
488473.41382710321341 4921970.6808122079819
488478.62423801410478 4921956.2130400910974
488480.26906147040427 4921956.0250758370385
488481.91540831013117 4921955.8369476115331
4 301
488477.07021574192913 4921972.5756003893912
488481.91540831013117 4921955.8369476115331
488484.19426328828558 4921955.2724980060011
488485.85190011304803 4921955.0200822511688
16 301
488477.07021574192913 4921972.5756003893912
488485.85190011304803 4921955.0200822511688
488487.71753955160966 4921954.7251105774194
488490.07456501375418 4921955.2658109813929
488492.21425177244237 4921956.5606521358714
488493.81392793462146 4921957.9884359743446
488494.40139003901277 4921959.6206047451124
488494.30791030137334 4921962.016387982294
488493.87387508427491 4921963.9810910215601
488493.23295882134698 4921966.5724529819563
488491.92267577472376 4921968.0983525505289
488489.44516077276785 4921969.9870003312826
488486.79480637138477 4921971.2672489443794
488485.14481973851798 4921971.9693685844541
488482.39876847411506 4921972.6003411151469
488480.1013117255643 4921972.7654534354806
3 301
488477.07021574192913 4921972.5756003893912
488477.07021574192913 4921972.5756003893912
488480.1013117255643 4921972.7654534354806
