10
7 5
488683.92510175914504 4922116.8611923800781
488684.62045592506183 4922108.9715392570943
488687.59834806423169 4922104.624099208042
488690.96075693378225 4922104.9471998298541
488691.51002326857997 4922114.4698822218925
488691.98642524488969 4922137.2093331729993
488684.81330548040569 4922127.4710170002654
5 5
488684.48976086342009 4922139.0608653360978
488684.81330548040569 4922127.4710170002654
488691.98642524488969 4922137.2093331729993
488692.94265928055393 4922154.8761337604374
488686.76740616443567 4922152.8644376471639
4 5
488687.46762885327917 4922167.8805629117414
488686.76740616443567 4922152.8644376471639
488692.94265928055393 4922154.8761337604374
488694.71755099046277 4922166.1923636235297
7 5
488689.30974161851918 4922182.0420679515228
488687.0900718048797 4922174.4438747903332
488687.46762885327917 4922167.8805629117414
488694.71755099046277 4922166.1923636235297
488697.92058709915727 4922172.1058307858184
488698.31651565863285 4922180.0008550016209
488697.1802996507613 4922187.3558080084622
5 5
488688.55064740177477 4922197.7541330559179
488689.30974161851918 4922182.0420679515228
488697.1802996507613 4922187.3558080084622
488695.60533033305546 4922197.7525118803605
488688.53213067294564 4922211.9811404701322
4 5
488688.53213067294564 4922211.9811404701322
488695.60533033305546 4922197.7525118803605
488697.17313482589088 4922203.9789404561743
488696.374987938907 4922209.620754587464
5 5
488687.08255755534628 4922229.77050336916
488688.53213067294564 4922211.9811404701322
488696.374987938907 4922209.620754587464
488695.19090791663621 4922230.4621351948008
488688.52642241201829 4922247.4161633718759
5 5
488686.54745824012207 4922259.7987922634929
488688.52642241201829 4922247.4161633718759
488695.19090791663621 4922230.4621351948008
488694.90130383888027 4922250.2214459804818
488693.67040546506178 4922266.4828450251371
7 5
488684.18353885691613 4922277.8146146992221
488684.11929967638571 4922268.4593384377658
488686.54745824012207 4922259.7987922634929
488693.67040546506178 4922266.4828450251371
488693.63168833573582 4922275.4789662314579
488691.03780477138935 4922279.655542855151
488688.05106867762515 4922281.3617519801483
3 5
488688.05106867762515 4922281.3617519801483
488688.05106867762515 4922281.3617519801483
488691.03780477138935 4922279.655542855151
