8
9 5
488615.6860268478631 4922042.7246588245034
488622.38832055131206 4922053.6587378438562
488628.002555079991 4922063.5433246986941
488626.12295557715697 4922068.7621444044635
488620.72318605385954 4922069.0315723922104
488610.93096846953267 4922063.8718219259754
488601.60766504879575 4922057.7482527634129
488597.80901662539691 4922049.8253443976864
488608.31516553688562 4922036.0975567763671
9 5
488550.7211834685877 4922007.8197106486186
488545.9378347210004 4922002.9348207628354
488544.45949175115675 4921998.762450187467
488545.95452443539398 4921992.4515375867486
488548.8289110896294 4921989.9835015740246
488553.17272093839711 4921988.1319171739742
488559.29178297822364 4921989.7450820542872
488562.49793562281411 4921994.0065255602822
488555.961905651493 4922010.1418613521382
4 5
488555.961905651493 4922010.1418613521382
488562.49793562281411 4921994.0065255602822
488566.35685088136233 4921998.0406402610242
488564.02233926713234 4922012.3490718435496
5 5
488569.41368319408502 4922013.7699555410072
488564.02233926713234 4922012.3490718435496
488566.35685088136233 4921998.0406402610242
488573.19829180190573 4922001.7780819088221
488581.38610241696006 4922008.8248824421316
4 5
488574.60316635429626 4922017.0315667903051
488569.41368319408502 4922013.7699555410072
488581.38610241696006 4922008.8248824421316
488589.54352048761211 4922018.0569291291758
3 5
488579.03362426254898 4922022.8551468327641
488574.60316635429626 4922017.0315667903051
488589.54352048761211 4922018.0569291291758
7 5
488591.58579431369435 4922042.0576533842832
488583.42710237664869 4922031.6484017884359
488579.03362426254898 4922022.8551468327641
488589.54352048761211 4922018.0569291291758
488601.27446819253964 4922026.2467045355588
488608.31516553688562 4922036.0975567763671
488597.80901662539691 4922049.8253443976864
3 5
488628.002555079991 4922063.5433246986941
488628.002555079991 4922063.5433246986941
488622.38832055131206 4922053.6587378438562
