3
9 5
488668.09575314895483 4922248.8900937298313
488663.15089067508234 4922253.6916079316288
488657.58852969005238 4922253.4487490756437
488652.42461615055799 4922249.6719442559406
488644.14314746728633 4922239.4522793171927
488641.94161342142615 4922229.9855910493061
488663.54995640437119 4922214.6087912851945
488665.73158497916302 4922225.0705751804635
488668.38301856454927 4922239.1249486207962
10 5
488638.34391274431255 4922222.793988622725
488637.21649846521905 4922212.2696320815012
488639.07163772854256 4922207.0095606781542
488642.96217866643565 4922203.2441831631586
488647.35639315989101 4922200.7742435224354
488652.44671933184145 4922201.238302404061
488656.29607642587507 4922203.0513712260872
488660.74030193890212 4922205.7069027489051
488663.54995640437119 4922214.6087912851945
488641.94161342142615 4922229.9855910493061
3 5
488668.09575314895483 4922248.8900937298313
488668.09575314895483 4922248.8900937298313
488668.38301856454927 4922239.1249486207962
