4
6 5
488526.76642931276001 4921982.832493359223
488530.21518230525544 4921986.1716054743156
488530.19679419964086 4921986.322867590934
488525.90188837668393 4921995.134135287255
488520.29872308892664 4921995.9513905216008
488512.13409619434969 4921993.87556399405
4 5
488531.04306404408999 4921989.4943525828421
488529.4301778509398 4921993.8919074181467
488525.90188837668393 4921995.134135287255
488530.19679419964086 4921986.322867590934
12 5
488507.03759961621836 4921973.2163211796433
488512.97854438179638 4921973.4721536729485
488518.54192262649303 4921974.4515337068588
488521.73261613253271 4921976.0689889946952
488523.90079484158196 4921978.4849218288437
488526.76642931276001 4921982.832493359223
488512.13409619434969 4921993.87556399405
488506.1766918557696 4921992.0985893448815
488499.52197688631713 4921987.9467326495796
488497.55071184015833 4921983.7207033233717
488498.15374291210901 4921980.1093417927623
488501.42013935587602 4921975.1391025623307
3 5
488507.03759961621836 4921973.2163211796433
488507.03759961621836 4921973.2163211796433
488501.42013935587602 4921975.1391025623307
