1
13 5
488652.0087210284546 4922157.162627520971
488649.61745640012668 4922159.0042007314041
488647.1480086951633 4922159.0099380528554
488645.32178412593203 4922157.5660268543288
488644.50453279766953 4922155.4802555432543
488644.7710162253934 4922152.1545127406716
488646.4820788113866 4922149.6236488949507
488648.53287725814153 4922148.0560754630715
488650.42852264811518 4922147.689349219203
488652.13190646341536 4922148.8169905077666
488653.21114255744033 4922151.2307107243687
488653.15877797693247 4922154.1108811218292
488652.0087210284546 4922157.162627520971
