5
7 1
488689.21696668496588 4922303.592782584019
488685.8850844335393 4922315.2852701535448
488682.52250645624008 4922314.2673257533461
488680.81730515864911 4922311.0343533335254
488680.4325369852013 4922306.5232054227963
488682.18337295716628 4922302.5441618878394
488688.26089065975975 4922300.193889612332
11 1
488682.77085136040114 4922299.4723607357591
488681.4633059904445 4922296.4621674753726
488680.6630140383495 4922292.7024944191799
488681.4343532048515 4922289.776921804063
488683.31034413195448 4922288.1396903945133
488686.27699511812534 4922287.995979857631
488688.51749573292909 4922289.5342780686915
488689.26527358975727 4922292.0384611021727
488689.05334238993237 4922295.4668516265228
488688.64450842369115 4922297.9271429171786
488688.26089065975975 4922300.193889612332
3 1
488682.18337295716628 4922302.5441618878394
488682.77085136040114 4922299.4723607357591
488688.26089065975975 4922300.193889612332
7 1
488685.8850844335393 4922315.2852701535448
488689.21696668496588 4922303.592782584019
488690.48452876094962 4922306.184290504083
488691.49385980068473 4922308.3463950576261
488691.32261950016255 4922311.5348574547097
488690.37558087380603 4922313.2203983878717
488688.9830644679023 4922314.2091067489237
3 1
488685.8850844335393 4922315.2852701535448
488685.8850844335393 4922315.2852701535448
488688.9830644679023 4922314.2091067489237
