8
9 4
488580.25422626500949 4921990.1471225013956
488581.50250027107541 4921988.5477593680844
488582.59743528009858 4921987.5138433407992
488583.69021483859979 4921986.9868286354467
488584.55447397456737 4921987.5966003406793
488584.73899904987775 4921988.4215861558914
488584.58091939683072 4921989.5681767240167
488584.15083480637986 4921991.1233523413539
488583.21022766071837 4921992.1071127802134
6 4
488579.64967637351947 4921990.8041555397213
488580.25422626500949 4921990.1471225013956
488583.21022766071837 4921992.1071127802134
488583.07781803637045 4921993.6280757617205
488582.92469000071287 4921995.3707014201209
488582.26814459217712 4921996.4662982570007
6 4
488578.06812485563569 4921991.1261897264048
488579.64967637351947 4921990.8041555397213
488582.26814459217712 4921996.4662982570007
488581.37033678340958 4921997.2409357670695
488580.32425573642831 4921997.4833750193939
488579.04723500151886 4921996.5200846204534
3 4
488578.06812485563569 4921991.1261897264048
488579.04723500151886 4921996.5200846204534
488577.54756155033829 4921995.6040511680767
4 4
488578.06812485563569 4921991.1261897264048
488577.54756155033829 4921995.6040511680767
488576.23242004599888 4921995.0049743587151
488576.8867677593953 4921990.6937398435548
9 4
488575.38856375293108 4921989.9325366094708
488576.8867677593953 4921990.6937398435548
488576.23242004599888 4921995.0049743587151
488574.77500196907204 4921995.0511624654755
488573.42897802492371 4921994.8923821048811
488571.8440614285646 4921994.4135300833732
488570.19630204810528 4921993.343708797358
488569.71339075965807 4921991.6104561127722
488569.86931050091516 4921989.879684871994
7 4
488572.17978942621266 4921986.5816330686212
488573.82218544103671 4921987.7143060527742
488575.03128312475746 4921988.87179405801
488575.38856375293108 4921989.9325366094708
488569.86931050091516 4921989.879684871994
488570.15546648111194 4921988.2375645013526
488571.0233230504673 4921987.1003115270287
3 4
488572.17978942621266 4921986.5816330686212
488572.17978942621266 4921986.5816330686212
488571.0233230504673 4921987.1003115270287
