7
9 7
488692.76387678872561 4922304.6920581944287
488692.82663385604974 4922309.3343853605911
488692.87164799746824 4922313.9997543478385
488690.14432912284974 4922315.7152746785432
488687.19076741399476 4922317.403082350269
488682.91103438299615 4922317.263878101483
488679.51628585165599 4922312.5702969217673
488678.51661597914062 4922305.0183219043538
488690.3952195282327 4922300.2249346049502
7 7
488673.22374598105671 4922234.0062579596415
488674.11651384667493 4922227.6765237981454
488676.65357111219782 4922224.9929597340524
488679.8077695039683 4922225.378713500686
488683.17167172383051 4922228.3260517371818
488684.25121914420743 4922233.2952253548428
488674.7091338087339 4922243.3748280135915
6 7
488676.06198389438214 4922254.9612410617992
488674.7091338087339 4922243.3748280135915
488684.25121914420743 4922233.2952253548428
488686.56697271153098 4922241.6264314204454
488688.06435792369302 4922251.2098378688097
488688.62233636429301 4922268.0200855080038
5 7
488678.0521719622775 4922274.7825496550649
488676.24690965388436 4922266.3646896397695
488676.06198389438214 4922254.9612410617992
488688.62233636429301 4922268.0200855080038
488689.68086274230154 4922279.5254493551329
4 7
488679.19882574403891 4922287.8080671494827
488678.0521719622775 4922274.7825496550649
488689.68086274230154 4922279.5254493551329
488690.71326582052279 4922289.5812482619658
4 7
488678.51661597914062 4922305.0183219043538
488679.19882574403891 4922287.8080671494827
488690.71326582052279 4922289.5812482619658
488690.3952195282327 4922300.2249346049502
3 7
488687.19076741399476 4922317.403082350269
488687.19076741399476 4922317.403082350269
488690.14432912284974 4922315.7152746785432
