1
16 1
488642.04704088310245 4922269.8993109231815
488639.81444160465617 4922268.8676428794861
488637.81001564359758 4922267.0918338447809
488637.23688465548912 4922265.1707252943888
488638.56480487686349 4922261.7693089069799
488641.50110971933464 4922259.3345807492733
488644.14066572819138 4922258.1041148239747
488646.52343905356247 4922257.7738068094477
488648.28649596922332 4922258.7648520320654
488649.34458002139581 4922260.4435439351946
488649.7689743017545 4922262.1970587233081
488649.56092350947438 4922264.0254754750058
488648.56841726106359 4922265.9104267274961
488647.47532843216322 4922267.3188011320308
488644.93390122184064 4922269.1670037806034
488642.04704088310245 4922269.8993109231815
