22
4 2
488484.0466447226936 4922043.9333645729348
488485.05816807213705 4922042.9980318583548
488486.10008021601243 4922045.5202855495736
488482.94583466270706 4922045.6086052311584
4 2
488473.76219848514302 4922049.7868955992162
488473.97890176117653 4922048.0162912318483
488476.07446888863342 4922047.9558115266263
488473.47128569096094 4922053.3392344973981
6 2
488474.65130372421117 4922055.8675953270867
488480.6655878945021 4922047.1473355581984
488482.94583466270706 4922045.6086052311584
488486.10008021601243 4922045.5202855495736
488487.6073259083787 4922049.1477414416149
488475.60214072390227 4922061.5174178741872
4 2
488473.47128569096094 4922053.3392344973981
488476.07446888863342 4922047.9558115266263
488479.11678887036396 4922047.5647231265903
488474.65130372421117 4922055.8675953270867
3 2
488474.65130372421117 4922055.8675953270867
488479.11678887036396 4922047.5647231265903
488480.6655878945021 4922047.1473355581984
7 2
488478.60842754645273 4922070.1256664870307
488476.8569737332291 4922066.0169183751568
488475.60214072390227 4922061.5174178741872
488487.6073259083787 4922049.1477414416149
488490.28385533561232 4922051.6881927568465
488492.02434036310297 4922053.3858831934631
488481.81702373205917 4922073.1986601660028
5 2
488484.45699553802842 4922076.0572576439008
488481.81702373205917 4922073.1986601660028
488492.02434036310297 4922053.3858831934631
488494.65349266398698 4922053.9908386962488
488489.99075736512896 4922079.7053598435596
6 2
488489.99075736512896 4922079.7053598435596
488494.65349266398698 4922053.9908386962488
488498.08779280510498 4922054.2640041606501
488501.04280300776009 4922055.9802937181666
488502.0151230476913 4922059.1007629269734
488502.13571895641508 4922063.0163437025622
4 2
488489.99075736512896 4922079.7053598435596
488502.13571895641508 4922063.0163437025622
488502.26601830788422 4922063.1824808651581
488503.33502071915427 4922067.96516576875
5 2
488489.99075736512896 4922079.7053598435596
488503.33502071915427 4922067.96516576875
488504.86483669636073 4922073.8307179566473
488504.84660777257523 4922073.9787184363231
488493.99193839193322 4922085.1478548105806
3 2
488493.99193839193322 4922085.1478548105806
488504.84660777257523 4922073.9787184363231
488505.5958036397933 4922077.6652801791206
4 2
488493.99193839193322 4922085.1478548105806
488505.5958036397933 4922077.6652801791206
488507.42328947177157 4922082.3710305225104
488496.99356401036493 4922091.3702268954366
5 2
488498.15565107116709 4922095.4169953521341
488496.99356401036493 4922091.3702268954366
488507.42328947177157 4922082.3710305225104
488509.79744589951588 4922086.407924993895
488501.46711258287542 4922100.3270886149257
6 2
488506.19935384689597 4922104.6772918179631
488501.46711258287542 4922100.3270886149257
488509.79744589951588 4922086.407924993895
488513.94853130914271 4922088.4113554041833
488518.18126228969777 4922091.0395646831021
488512.18533827690408 4922107.6975415507331
5 2
488516.95980147336377 4922109.6537765022367
488512.18533827690408 4922107.6975415507331
488518.18126228969777 4922091.0395646831021
488523.20266065356554 4922093.464429307729
488529.3023861386464 4922098.1451323181391
5 2
488522.26217100257054 4922114.8621078543365
488516.95980147336377 4922109.6537765022367
488529.3023861386464 4922098.1451323181391
488533.48285026475787 4922102.4375632256269
488537.40832988196053 4922111.7111326027662
4 2
488524.68702403525822 4922120.0288413884118
488522.26217100257054 4922114.8621078543365
488537.40832988196053 4922111.7111326027662
488541.97111510013929 4922119.5707752620801
4 2
488525.17298064072384 4922124.8000657903031
488524.68702403525822 4922120.0288413884118
488541.97111510013929 4922119.5707752620801
488547.14804866741179 4922132.0490825595334
10 2
488532.34732550237095 4922154.537976401858
488527.51344214606797 4922147.8339806720614
488524.31107783672633 4922141.6772525710985
488523.86761555226985 4922136.6183625971898
488524.3412377111963 4922130.3093193247914
488525.17298064072384 4922124.8000657903031
488547.14804866741179 4922132.0490825595334
488551.01072150556138 4922140.2609825059772
488552.34970845386852 4922147.1529499683529
488536.54252843989525 4922158.0233397642151
6 2
488543.88569589727558 4922165.6837963331491
488536.54252843989525 4922158.0233397642151
488552.34970845386852 4922147.1529499683529
488555.67718987690751 4922152.4221064075828
488558.72222458512988 4922158.7294427510351
488550.91331694484688 4922171.2886964660138
11 2
488563.11285694490653 4922178.7211854178458
488559.65047092468012 4922177.8326839385554
488554.30308832466835 4922174.6450974978507
488550.91331694484688 4922171.2886964660138
488558.72222458512988 4922158.7294427510351
488562.1612673199852 4922161.1728523811325
488565.91617351013701 4922164.169916043058
488567.98017693584552 4922167.6661224560812
488568.63704911514651 4922172.5910457139835
488567.08506776689319 4922176.4951133634895
488565.08740028541069 4922178.3988629523665
3 2
488567.08506776689319 4922176.4951133634895
488567.08506776689319 4922176.4951133634895
488565.08740028541069 4922178.3988629523665
