7
4 4
488516.76875930762617 4922126.8504312988371
488516.83411819679895 4922127.717036254704
488516.32278192782542 4922128.3359255511314
488515.09800776193151 4922129.1171489972621
7 4
488518.74045882560313 4922120.7193746846169
488520.1210658508935 4922121.4973927978426
488520.95799457951216 4922122.4672276368365
488520.89739581657341 4922123.6700427643955
488520.15282922476763 4922124.7878597825766
488519.20306850981433 4922125.4450420727953
488518.25178471906111 4922125.4101901212707
6 4
488512.94873124157311 4922121.2502585314214
488517.95594414114021 4922119.3231764491647
488518.74045882560313 4922120.7193746846169
488518.25178471906111 4922125.4101901212707
488517.26905716775218 4922125.6279067834839
488512.85683214868186 4922122.7017543222755
8 4
488515.09800776193151 4922129.1171489972621
488513.78843582881382 4922129.2010853905231
488512.37115554104093 4922128.0608615642413
488511.75209468987305 4922126.766799188219
488511.73653664824087 4922124.7846814263612
488512.85683214868186 4922122.7017543222755
488517.26905716775218 4922125.6279067834839
488516.76875930762617 4922126.8504312988371
9 4
488512.39344194263685 4922120.1416936153546
488511.76436051679775 4922118.9384597232565
488512.09869602671824 4922116.9193399352953
488513.47606079239631 4922115.5521939164028
488514.8806275894749 4922115.3886193968356
488516.02314476569882 4922115.9664803268388
488517.05093898269115 4922116.7896827971563
488517.78026839456288 4922117.9177460726351
488517.95594414114021 4922119.3231764491647
3 4
488512.94873124157311 4922121.2502585314214
488512.39344194263685 4922120.1416936153546
488517.95594414114021 4922119.3231764491647
3 4
488515.09800776193151 4922129.1171489972621
488515.09800776193151 4922129.1171489972621
488516.76875930762617 4922126.8504312988371
