1
17 1
488660.37367142352741 4922291.4936590325087
488656.89969528350048 4922290.9369047312066
488653.55649080366129 4922287.9588274070993
488650.22105589194689 4922284.8246782431379
488646.57501178066013 4922280.4077886734158
488646.2571325491881 4922275.3043768070638
488648.61180470878026 4922272.3675206508487
488651.89463594922563 4922270.7689229622483
488654.7851471559843 4922269.8898512236774
488657.95549047191162 4922270.5799903767183
488661.95888158056187 4922273.3551581790671
488663.91313535388326 4922276.3431682111695
488665.84388883289648 4922279.4752884833142
488666.40380095352884 4922282.4457050301135
488666.07668433559593 4922286.3691620994359
488664.87581364047946 4922288.6487682415172
488660.37367142352741 4922291.4936590325087
