14
5 4
488515.14489727723412 4922085.7990514785051
488513.13935258734273 4922084.619436910376
488512.48900241422234 4922082.9222527099773
488513.16472899517976 4922082.3247510883957
488516.62681446323404 4922085.6409118482843
5 4
488517.7048056324129 4922085.2636857116595
488516.62681446323404 4922085.6409118482843
488513.16472899517976 4922082.3247510883957
488513.83811853890074 4922081.0471820794046
488518.07071325392462 4922084.3750952193514
3 4
488519.00928167370148 4922083.7247075904161
488518.07071325392462 4922084.3750952193514
488513.83811853890074 4922081.0471820794046
10 4
488511.59995796205476 4922078.3161418493837
488510.96225950517692 4922076.5460349339992
488511.34931806317763 4922074.8187782205641
488512.08564074162859 4922073.7396756308153
488513.55120356281986 4922073.6640659784898
488514.62804779951693 4922073.9585002120584
488515.71898562303977 4922074.8380576428026
488516.20822394907009 4922075.7407908625901
488516.4771882937639 4922077.0435657016933
488513.19005673623178 4922080.0337838465348
9 4
488519.64824042725377 4922077.0373574662954
488520.03007979545509 4922075.9975005369633
488520.94866273424122 4922075.4555912967771
488522.0329639223055 4922074.9384953500703
488523.08173132949742 4922075.4211116218939
488523.75645899644587 4922076.1854815492406
488524.1319178667618 4922077.3266827138141
488524.22686892474303 4922078.6831498667598
488519.53238394705113 4922078.7057123947889
5 4
488522.5733407458174 4922084.0183432204649
488521.79288413468748 4922084.8404128449038
488520.60105744522298 4922084.7703352747485
488519.81506520125549 4922084.1642076242715
488523.07656458031852 4922082.6511809304357
4 4
488523.07656458031852 4922082.6511809304357
488519.81506520125549 4922084.1642076242715
488519.00928167370148 4922083.7247075904161
488523.57904529367806 4922081.286135670729
4 4
488523.57904529367806 4922081.286135670729
488519.00928167370148 4922083.7247075904161
488513.83811853890074 4922081.0471820794046
488523.91300818056334 4922079.9007352758199
4 4
488524.22686892474303 4922078.6831498667598
488523.91300818056334 4922079.9007352758199
488513.83811853890074 4922081.0471820794046
488518.27367370313732 4922079.8948157280684
5 4
488513.83811853890074 4922081.0471820794046
488513.19005673623178 4922080.0337838465348
488516.4771882937639 4922077.0435657016933
488517.06387646438088 4922078.5575619786978
488517.38433316902956 4922079.4456627927721
3 4
488513.83811853890074 4922081.0471820794046
488517.38433316902956 4922079.4456627927721
488518.27367370313732 4922079.8948157280684
3 4
488524.22686892474303 4922078.6831498667598
488518.27367370313732 4922079.8948157280684
488519.10540467768442 4922079.4057529978454
3 4
488524.22686892474303 4922078.6831498667598
488519.10540467768442 4922079.4057529978454
488519.53238394705113 4922078.7057123947889
3 4
488520.94866273424122 4922075.4555912967771
488520.94866273424122 4922075.4555912967771
488523.08173132949742 4922075.4211116218939
