1
15 1
488456.23245264595607 4922125.3891853317618
488462.08251237246441 4922121.2931465320289
488464.4227139914874 4922123.1617489494383
488466.24743900366593 4922125.1498922025785
488466.7768275985145 4922127.2320487732068
488466.39558670687256 4922129.2831059554592
488465.26427998265717 4922131.2000343939289
488463.78027676977217 4922132.5895518353209
488461.82021217711736 4922133.1785080656409
488460.30081223417073 4922132.8749566599727
488458.53679115639534 4922132.435330985114
488457.31669232429704 4922131.3629680555314
488456.64046592463274 4922129.6607196917757
488456.07888645265484 4922128.222686314024
488456.23245264595607 4922125.3891853317618
