10
8 2
488547.4328644296038 4922247.6256914827973
488545.36206071323249 4922250.1759193213657
488541.95935053762514 4922251.3248913697898
488539.40770185762085 4922250.8976778211072
488537.55488735402469 4922249.2391878627241
488537.60657124238787 4922246.5978533914313
488537.9789886813378 4922244.3662389144301
488548.57712706748862 4922243.4424787173048
4 2
488548.57712706748862 4922243.4424787173048
488537.9789886813378 4922244.3662389144301
488536.36310051224427 4922240.8720625676215
488549.81659230339574 4922240.0214952994138
8 2
488555.83558942837408 4922228.652242298238
488554.49433293909533 4922232.8693838408217
488552.48090376262553 4922236.0084342751652
488549.81659230339574 4922240.0214952994138
488536.36310051224427 4922240.8720625676215
488534.55439705663593 4922237.5321697276086
488532.5795539834071 4922233.7603396857157
488556.57340924529126 4922224.3523302152753
8 2
488547.04903451539576 4922212.8560230741277
488553.34972832648782 4922217.285432619974
488556.16650899848901 4922220.6230779038742
488556.57340924529126 4922224.3523302152753
488532.5795539834071 4922233.7603396857157
488529.76705451641465 4922229.7691924469545
488527.92582689679693 4922226.6672624722123
488539.78568273229757 4922207.831149241887
4 2
488539.78568273229757 4922207.831149241887
488527.92582689679693 4922226.6672624722123
488524.77204761531902 4922222.5237565934658
488529.61645626852987 4922200.5015525519848
3 2
488529.61645626852987 4922200.5015525519848
488524.77204761531902 4922222.5237565934658
488521.6963645236101 4922218.884238274768
6 2
488521.12166430806974 4922195.6336731351912
488524.52247185120359 4922197.2032976364717
488529.61645626852987 4922200.5015525519848
488521.6963645236101 4922218.884238274768
488516.25908573425841 4922214.3371549192816
488516.54564226791263 4922195.8813668144867
4 2
488516.54564226791263 4922195.8813668144867
488516.25908573425841 4922214.3371549192816
488513.25893109769095 4922212.9173106495291
488512.03901361738099 4922197.3295898418874
9 2
488502.27194305480225 4922203.9751136675477
488504.4097079524654 4922200.764342866838
488507.65963343915064 4922198.745720019564
488512.03901361738099 4922197.3295898418874
488513.25893109769095 4922212.9173106495291
488509.09136065869825 4922211.7273373305798
488505.85009003354935 4922209.7553705796599
488503.0400994309457 4922207.4812068128958
488502.41167954716366 4922206.0481110652909
3 2
488502.27194305480225 4922203.9751136675477
488502.27194305480225 4922203.9751136675477
488502.41167954716366 4922206.0481110652909
