9
7 3
488500.60260879324051 4922517.3775949878618
488501.92035613226471 4922519.4406124223024
488502.02676146494923 4922521.8799012461677
488501.39735472388566 4922523.7982466304675
488500.2833430870669 4922525.6403304543346
488499.00181349174818 4922526.3935210332274
488497.31422034383286 4922526.5338556282222
6 3
488498.90466957533499 4922515.2966113453731
488500.60260879324051 4922517.3775949878618
488497.31422034383286 4922526.5338556282222
488495.67574390367372 4922526.7845539823174
488494.86351777100936 4922526.7481516133994
488497.39863479230553 4922513.7662175111473
5 3
488495.76912742597051 4922512.6150451283902
488497.39863479230553 4922513.7662175111473
488494.86351777100936 4922526.7481516133994
488493.33541557536228 4922526.9498322568834
488493.0906574371038 4922511.7307922337204
3 3
488493.0906574371038 4922511.7307922337204
488493.33541557536228 4922526.9498322568834
488491.14556938625174 4922527.3920397339389
13 3
488493.0906574371038 4922511.7307922337204
488491.14556938625174 4922527.3920397339389
488488.29541040956974 4922528.9442609054968
488485.78691999200964 4922529.9744777176529
488483.78518779226579 4922530.6481089396402
488481.75510597799439 4922530.6169857019559
488479.95667796127964 4922530.2158340746537
488478.67042630829383 4922529.3469112589955
488477.60927050246391 4922528.3232752270997
488476.36872783472063 4922526.2561185425147
488475.93629927450093 4922523.4039243431762
488482.70885670295684 4922517.6264256164432
488484.91729385405779 4922516.2141816634685
5 3
488475.93629927450093 4922523.4039243431762
488476.53673272609012 4922520.9782358268276
488478.0563699263148 4922519.087254634127
488480.82134786085226 4922517.9150702673942
488482.70885670295684 4922517.6264256164432
3 3
488493.0906574371038 4922511.7307922337204
488484.91729385405779 4922516.2141816634685
488486.80645350570558 4922514.6313928607851
5 3
488493.0906574371038 4922511.7307922337204
488486.80645350570558 4922514.6313928607851
488488.51213672029553 4922513.1431360999122
488490.13079784734873 4922512.2432886734605
488491.83537837170297 4922511.8349950090051
3 3
488493.0906574371038 4922511.7307922337204
488493.0906574371038 4922511.7307922337204
488491.83537837170297 4922511.8349950090051
