1
24 21
488465.6804422219866 4922154.2975776670501
488476.22519090439891 4922152.6209729118273
488486.66902472398942 4922156.5343593414873
488500.48384111787891 4922163.8701515374705
488511.97400613414356 4922173.5484223971143
488519.61128353752429 4922181.5856205103919
488534.92366023117211 4922192.9029509332031
488543.32058969093487 4922199.955595780164
488562.28500434634043 4922210.385810598731
488578.87828759115655 4922221.3500614520162
488593.73046336660627 4922229.9544214643538
488607.81532384658931 4922236.8457332393155
488616.54571780806873 4922245.9345372524112
488623.45730014744913 4922255.9157721595839
488622.71346147666918 4922272.2468015952036
488617.41146605130052 4922293.6188289774582
488605.87560756638413 4922314.1820198018104
488592.56696102733258 4922342.490850975737
488578.67516342020826 4922379.3540146900341
488567.87339438818162 4922410.9306823369116
488554.96660305239493 4922442.1696842452511
488544.72695633705007 4922469.3198193339631
488534.91791955777444 4922493.1217999169603
488530.43034981767414 4922507.1954782530665
