1
33 22
488476.72984039020957 4922224.4007024364546
488492.27660257136449 4922227.5653750831261
488506.37636787083466 4922233.4298955295235
488517.97931213123957 4922241.6373448288068
488523.0674848027993 4922254.721110551618
488529.41135438991478 4922266.3851294592023
488534.84500171733089 4922277.4356478834525
488541.19001716165803 4922289.6601503957063
488547.86140936537413 4922297.154429808259
488547.58933621901087 4922312.1064109550789
488542.67160791216884 4922336.6058044610545
488536.20021382783307 4922359.1803936045617
488531.34102683700621 4922381.9399870224297
488521.46730635437416 4922403.6300456095487
488508.65631813544314 4922427.2095630569384
488496.50422064383747 4922443.5290532363579
488484.55644414073322 4922456.8365072086453
488476.99282074323855 4922471.1165869822726
488471.9489509142586 4922489.0070177000016
488465.91154298884794 4922498.5299889752641
488461.49845732602989 4922505.5823331205174
488460.71413721999852 4922518.2604251038283
488458.7424133697059 4922526.636438395828
488456.1942717449856 4922535.8723571086302
488455.31828997534467 4922542.9917601523921
488457.32964864943642 4922548.2815338969231
488462.75479539047228 4922551.7185954041779
488470.83147831010865 4922553.0350198931992
488483.49895897740498 4922551.0935532506555
488490.32215376012027 4922546.9909342648461
488496.93895361572504 4922544.6493636658415
488501.59456669399515 4922539.8232932826504
488508.77429459837731 4922532.6494750026613
