17
5 5
488495.05802027316531 4922115.8592669041827
488497.36052923946409 4922116.9930876437575
488498.79028320626821 4922118.9696503672749
488497.3103444983135 4922122.3038337528706
488492.38942999072606 4922128.3807618562132
8 5
488497.70015971839894 4922157.5144210737199
488502.59251835913165 4922138.479407469742
488506.46797865693225 4922137.5089243277907
488509.75026064645499 4922137.8760786876082
488513.72959876182722 4922141.1264322260395
488513.47416206123307 4922145.0664469990879
488512.89770435501123 4922149.6680018464103
488503.95088382298127 4922160.1486206306145
7 5
488569.56437029625522 4922214.5061605926603
488566.38902632030658 4922218.1742382664233
488561.80005588888889 4922218.1165288137272
488554.90266749006696 4922214.9744704980403
488546.70452548679896 4922208.3546593282372
488565.15498152386863 4922199.4575874870643
488567.00942828197731 4922202.5670607434586
11 5
488478.20208736660425 4922130.0380104435608
488479.84114990552189 4922121.6058936435729
488482.09982216608478 4922117.5537696769461
488484.74432827631244 4922114.3011038284749
488487.81284243421396 4922111.8629469042644
488490.45882337563671 4922111.7564875045791
488493.73082215874456 4922114.0138756688684
488495.05802027316531 4922115.8592669041827
488492.38942999072606 4922128.3807618562132
488490.00915455381619 4922132.9656005231664
488478.30526938568801 4922137.9892845423892
5 5
488481.02051163616125 4922143.6630100067705
488478.30526938568801 4922137.9892845423892
488490.00915455381619 4922132.9656005231664
488489.52871998335468 4922136.185520324856
488483.58652644226095 4922148.3297871444374
4 5
488483.58652644226095 4922148.3297871444374
488489.52871998335468 4922136.185520324856
488492.85290694492869 4922138.2795206969604
488488.77760602661874 4922152.0857798615471
6 5
488497.70015971839894 4922157.5144210737199
488492.42813184019178 4922155.110650154762
488488.77760602661874 4922152.0857798615471
488492.85290694492869 4922138.2795206969604
488497.25306012562942 4922138.22263230104
488502.59251835913165 4922138.479407469742
4 5
488503.95088382298127 4922160.1486206306145
488512.89770435501123 4922149.6680018464103
488513.45562067517312 4922152.534137125127
488505.9097147648572 4922161.0868365466595
3 5
488505.9097147648572 4922161.0868365466595
488513.45562067517312 4922152.534137125127
488513.72431758831954 4922153.1497526587918
5 5
488508.77500917768339 4922167.1782937534153
488505.9097147648572 4922161.0868365466595
488513.72431758831954 4922153.1497526587918
488517.6528966909973 4922155.1360626276582
488510.87468677188735 4922169.6709896717221
6 5
488510.87468677188735 4922169.6709896717221
488517.6528966909973 4922155.1360626276582
488521.07905412412947 4922155.6611677464098
488525.05025760980789 4922159.2996762935072
488525.5182951518218 4922162.5164633793756
488525.96441378328018 4922165.981232021004
6 5
488514.08648711553542 4922181.414228823036
488510.96370365470648 4922175.1040221322328
488510.87468677188735 4922169.6709896717221
488525.96441378328018 4922165.981232021004
488527.80325194873149 4922170.2265931274742
488520.38869832945056 4922187.5901746591553
5 5
488525.98437305440893 4922192.7277214536443
488520.38869832945056 4922187.5901746591553
488527.80325194873149 4922170.2265931274742
488531.54469655203866 4922172.2306871460751
488536.34984425664879 4922202.1425805985928
8 5
488536.34984425664879 4922202.1425805985928
488531.54469655203866 4922172.2306871460751
488534.09405140951276 4922170.8801995888352
488537.60106776154134 4922171.0749969370663
488541.68096479208907 4922172.4137085778639
488547.96062775317114 4922177.1643485073
488553.60287658066954 4922182.9799953596666
488546.70452548679896 4922208.3546593282372
5 5
488546.70452548679896 4922208.3546593282372
488553.60287658066954 4922182.9799953596666
488557.53128621244105 4922185.568882885389
488561.90137630567187 4922190.7766835410148
488565.15498152386863 4922199.4575874870643
7 5
488569.56437029625522 4922214.5061605926603
488567.00942828197731 4922202.5670607434586
488570.12651895359159 4922203.5075284354389
488572.59746105922386 4922204.7251408742741
488573.87791710533202 4922206.5126780392602
488573.62110751803266 4922209.7079350566491
488572.34867483744165 4922212.0219578016549
3 5
488569.56437029625522 4922214.5061605926603
488569.56437029625522 4922214.5061605926603
488572.34867483744165 4922212.0219578016549
