10
7 7
488469.78068647655891 4922177.0079939803109
488464.64580843166914 4922175.5451976368204
488463.06069213786395 4922172.9836045606062
488462.80419887352036 4922166.4675385467708
488463.53380556910997 4922158.7658212529495
488479.99707231146749 4922162.3462954415008
488484.24941939860582 4922166.5420275423676
9 7
488459.4703460460878 4922135.1683243997395
488456.24301332677715 4922131.4932018760592
488455.03428949334193 4922126.2788679618388
488457.50285721808905 4922121.8763071969151
488460.7982783797197 4922120.7214197665453
488463.94415932829725 4922120.8300099112093
488467.4947425807477 4922122.6666491273791
488471.41352855088189 4922126.4283998692408
488476.18493291805498 4922132.9794601341709
4 7
488462.09194561262848 4922140.043416781351
488459.4703460460878 4922135.1683243997395
488476.18493291805498 4922132.9794601341709
488479.00296859606169 4922140.5046850992367
4 7
488463.85652647778625 4922145.063980829902
488462.09194561262848 4922140.043416781351
488479.00296859606169 4922140.5046850992367
488479.36082038725726 4922145.655960496515
4 7
488464.96349944168469 4922149.2275021942332
488463.85652647778625 4922145.063980829902
488479.36082038725726 4922145.655960496515
488480.97295970149571 4922151.1873952485621
4 7
488464.82305531360907 4922153.5078302212059
488464.96349944168469 4922149.2275021942332
488480.97295970149571 4922151.1873952485621
488480.16530412388965 4922157.35667262692
4 7
488463.53380556910997 4922158.7658212529495
488464.82305531360907 4922153.5078302212059
488480.16530412388965 4922157.35667262692
488479.99707231146749 4922162.3462954415008
7 7
488487.67961639416171 4922184.8150128852576
488476.47119755618041 4922180.6348261525854
488469.78068647655891 4922177.0079939803109
488484.24941939860582 4922166.5420275423676
488489.2172503421898 4922166.9224773803726
488495.57268805318745 4922168.5695836050436
488502.88810647011269 4922172.9306383980438
8 7
488503.29036361415638 4922190.6251260368153
488498.5914124318515 4922189.8385599460453
488487.67961639416171 4922184.8150128852576
488502.88810647011269 4922172.9306383980438
488508.79909500858048 4922176.2379035530612
488511.25042740738718 4922179.3596872463822
488510.98488188855117 4922183.2544826185331
488509.29091221943963 4922186.3265682114288
3 7
488503.29036361415638 4922190.6251260368153
488503.29036361415638 4922190.6251260368153
488509.29091221943963 4922186.3265682114288
