11
7 4
488504.8428402786376 4922513.3212891845033
488502.78112360683735 4922512.0900985738263
488502.02642562176334 4922509.6843850081787
488502.93654520937707 4922507.5670179510489
488504.50638779147994 4922506.457896172069
488506.43775094510056 4922505.6988622173667
488508.93898836296285 4922505.3486567661166
3 4
488506.47687004465843 4922514.3711433205754
488504.8428402786376 4922513.3212891845033
488508.93898836296285 4922505.3486567661166
3 4
488508.02956816949882 4922515.9548515258357
488506.47687004465843 4922514.3711433205754
488508.93898836296285 4922505.3486567661166
5 4
488515.45657470682636 4922514.4309842977673
488509.25133582699345 4922517.6286182496697
488508.02956816949882 4922515.9548515258357
488508.93898836296285 4922505.3486567661166
488515.07062420365401 4922513.5015187617391
10 4
488516.60005692113191 4922516.306042666547
488517.48172186856391 4922518.0590302515775
488517.50718207866885 4922519.9328944804147
488516.42429414327489 4922521.6545334635302
488515.37197046598885 4922522.5768654597923
488513.69326401816215 4922523.0454331412911
488512.09191078681033 4922522.8173372624442
488511.01112749194726 4922521.6941449074075
488510.08740602794569 4922519.444711134769
488515.45657470682636 4922514.4309842977673
3 4
488515.45657470682636 4922514.4309842977673
488510.08740602794569 4922519.444711134769
488509.25133582699345 4922517.6286182496697
3 4
488515.33226031094091 4922512.4426233163103
488515.07062420365401 4922513.5015187617391
488508.93898836296285 4922505.3486567661166
5 4
488512.23210195201682 4922507.5602791719139
488515.87422021781094 4922511.0772864744067
488515.33226031094091 4922512.4426233163103
488508.93898836296285 4922505.3486567661166
488511.65869102155557 4922507.1553765023127
7 4
488513.31997935764957 4922507.2419713782147
488514.38994464941788 4922507.2977481745183
488515.27152811386622 4922507.9337427066639
488516.12890276237158 4922509.0006601642817
488516.34796760982135 4922510.0309221642092
488515.87422021781094 4922511.0772864744067
488512.23210195201682 4922507.5602791719139
3 4
488510.62317778193392 4922506.2433497421443
488511.65869102155557 4922507.1553765023127
488508.93898836296285 4922505.3486567661166
3 4
488508.93898836296285 4922505.3486567661166
488508.93898836296285 4922505.3486567661166
488510.62317778193392 4922506.2433497421443
