10
14 4
489098.1478365912335 4922444.9663986396044
489096.6252659233287 4922445.536119104363
489094.3171337575186 4922445.908986617811
489092.19092434406048 4922445.6620276961476
489089.93128567060921 4922444.7060293480754
489088.62205120932776 4922443.4347409531474
489087.82722623407608 4922441.9027531957254
489087.95937385817524 4922439.3579645324498
489089.10709077242063 4922438.3198161078617
489091.32302462978987 4922436.9284022757784
489093.39668080984848 4922436.6981436144561
489095.00703593809158 4922436.7329644775018
489096.22437070851447 4922436.9323686454445
489100.23143094044644 4922443.721734398976
4 4
489100.23143094044644 4922443.721734398976
489096.22437070851447 4922436.9323686454445
489097.91539151506731 4922436.761617096141
489101.80339094583178 4922443.159635159187
4 4
489104.07789617584785 4922442.9942616540939
489101.80339094583178 4922443.159635159187
489097.91539151506731 4922436.761617096141
489098.58516657102155 4922435.6665457608178
6 4
489107.18005775718484 4922432.3203365840018
489105.7588328612037 4922443.28588079568
489104.07789617584785 4922442.9942616540939
489098.58516657102155 4922435.6665457608178
489098.87904204882216 4922434.5785743677989
489105.77907799207605 4922431.4040237162262
8 4
489110.32642634096555 4922431.5829028552398
489111.50443958793767 4922431.1403463566676
489113.07871137541952 4922431.3856842564419
489114.55821049783845 4922432.3628560863435
489115.50238236231962 4922433.7485018773004
489115.16355141036911 4922435.6080949604511
489114.61712722288212 4922437.018027599901
489108.95794585341355 4922432.268951847218
4 4
489108.95794585341355 4922432.268951847218
489114.61712722288212 4922437.018027599901
489114.45726321235998 4922438.735546739772
489107.18005775718484 4922432.3203365840018
4 4
489107.18005775718484 4922432.3203365840018
489114.45726321235998 4922438.735546739772
489114.51153336657444 4922440.4132029870525
489114.44017136906041 4922440.5613342188299
8 4
489107.18005775718484 4922432.3203365840018
489114.44017136906041 4922440.5613342188299
489114.20812752994243 4922441.9885819479823
489113.30210755899316 4922443.3499283147976
489111.5010222006822 4922444.2606687713414
489109.86558592220536 4922444.1955622145906
489107.40611371112755 4922443.8303308757022
489105.7588328612037 4922443.28588079568
8 4
489103.43285241862759 4922429.8340875143185
489104.45113226864487 4922430.3331813961267
489105.77907799207605 4922431.4040237162262
489098.87904204882216 4922434.5785743677989
489099.00878544524312 4922433.0431392602623
489099.69551311573014 4922431.360089359805
489100.38161138171563 4922430.5867170011625
489101.55568144586869 4922429.7656857725233
3 4
489101.55568144586869 4922429.7656857725233
489101.55568144586869 4922429.7656857725233
489100.38161138171563 4922430.5867170011625
