4
7 5
488864.07696095237043 4922491.9414196237922
488863.90415852545993 4922487.9508673110977
488864.37627785006771 4922485.5239921752363
488866.43169004644733 4922485.106810618192
488867.41931581904646 4922487.8715065801516
488867.38236244791187 4922492.1689428128302
488864.62680528120836 4922495.7913472792134
4 5
488864.62680528120836 4922495.7913472792134
488867.38236244791187 4922492.1689428128302
488867.53091708465945 4922495.1490714130923
488866.15065109275747 4922498.583862236701
4 5
488866.15065109275747 4922498.583862236701
488867.53091708465945 4922495.1490714130923
488867.66176731995074 4922496.9635756500065
488867.33740961900912 4922498.394812871702
3 5
488866.15065109275747 4922498.583862236701
488866.15065109275747 4922498.583862236701
488867.33740961900912 4922498.394812871702
