4
8 1
488901.11263903626241 4922475.4590824441984
488903.46612101065693 4922476.5739892469719
488905.75996662682155 4922478.1775721646845
488906.80833048513159 4922480.4538276959211
488905.91409160121111 4922482.3241507764906
488903.79373302875319 4922483.3817827645689
488901.06238796311663 4922484.0331682628021
488897.21365447156131 4922474.8142997203395
7 1
488883.4680730670807 4922477.5878698695451
488888.72406217723619 4922475.2573316721246
488893.82689473545179 4922474.068430269137
488897.21365447156131 4922474.8142997203395
488901.06238796311663 4922484.0331682628021
488891.44979943527142 4922486.811195731163
488883.55238890997134 4922488.9948451584205
11 1
488870.76820615917677 4922490.4192326888442
488869.45167681138264 4922486.293382467702
488870.51933310413733 4922482.9566808771342
488874.08840441290522 4922480.912602327764
488878.27754213107983 4922479.2719602510333
488883.4680730670807 4922477.5878698695451
488883.55238890997134 4922488.9948451584205
488880.19872702646535 4922490.5777820851654
488877.59102993976558 4922491.5795789016411
488875.18720369838411 4922492.2754936302081
488873.21093780256342 4922492.1970792254433
3 1
488870.76820615917677 4922490.4192326888442
488870.76820615917677 4922490.4192326888442
488873.21093780256342 4922492.1970792254433
